GEO_ID,NAME,estimate_2020,estimate_2021,estimate_2022,chg_20_21,chg_21_22,chg_20_22,pct_chg_20_21,pct_chg_21_22,pct_chg_20_22,county
1400000US06001400100,"Census Tract 4001, Alameda County, California",3035,3324,3269,289,-55,234,9.52,-1.65,7.71,Alameda County
1400000US06001400200,"Census Tract 4002, Alameda County, California",1983,2038,2147,55,109,164,2.77,5.35,8.27,Alameda County
1400000US06001400300,"Census Tract 4003, Alameda County, California",5058,5449,5619,391,170,561,7.73,3.12,11.09,Alameda County
1400000US06001400400,"Census Tract 4004, Alameda County, California",4179,4384,4278,205,-106,99,4.91,-2.42,2.37,Alameda County
1400000US06001400500,"Census Tract 4005, Alameda County, California",4021,4048,3949,27,-99,-72,0.67,-2.45,-1.79,Alameda County
1400000US06001400600,"Census Tract 4006, Alameda County, California",1812,1957,2058,145,101,246,8,5.16,13.58,Alameda County
1400000US06001400700,"Census Tract 4007, Alameda County, California",5165,5150,4758,-15,-392,-407,-0.29,-7.61,-7.88,Alameda County
1400000US06001400800,"Census Tract 4008, Alameda County, California",4001,4042,4335,41,293,334,1.02,7.25,8.35,Alameda County
1400000US06001400900,"Census Tract 4009, Alameda County, California",2853,3056,2844,203,-212,-9,7.12,-6.94,-0.32,Alameda County
1400000US06001401000,"Census Tract 4010, Alameda County, California",6057,6185,6277,128,92,220,2.11,1.49,3.63,Alameda County
1400000US06001401100,"Census Tract 4011, Alameda County, California",4269,5204,5537,935,333,1268,21.9,6.4,29.7,Alameda County
1400000US06001401200,"Census Tract 4012, Alameda County, California",2654,2800,2994,146,194,340,5.5,6.93,12.81,Alameda County
1400000US06001401300,"Census Tract 4013, Alameda County, California",3830,4074,4608,244,534,778,6.37,13.11,20.31,Alameda County
1400000US06001401400,"Census Tract 4014, Alameda County, California",4895,5044,5392,149,348,497,3.04,6.9,10.15,Alameda County
1400000US06001401500,"Census Tract 4015, Alameda County, California",2816,3083,3035,267,-48,219,9.48,-1.56,7.78,Alameda County
1400000US06001401600,"Census Tract 4016, Alameda County, California",2223,2419,2403,196,-16,180,8.82,-0.66,8.1,Alameda County
1400000US06001401700,"Census Tract 4017, Alameda County, California",3210,3379,3276,169,-103,66,5.26,-3.05,2.06,Alameda County
1400000US06001401800,"Census Tract 4018, Alameda County, California",1730,1746,1709,16,-37,-21,0.92,-2.12,-1.21,Alameda County
1400000US06001402200,"Census Tract 4022, Alameda County, California",2387,2489,2337,102,-152,-50,4.27,-6.11,-2.09,Alameda County
1400000US06001402400,"Census Tract 4024, Alameda County, California",2401,2545,2623,144,78,222,6,3.06,9.25,Alameda County
1400000US06001402500,"Census Tract 4025, Alameda County, California",1904,1940,2010,36,70,106,1.89,3.61,5.57,Alameda County
1400000US06001402600,"Census Tract 4026, Alameda County, California",1255,1299,1300,44,1,45,3.51,0.08,3.59,Alameda County
1400000US06001402700,"Census Tract 4027, Alameda County, California",1927,1988,2039,61,51,112,3.17,2.57,5.81,Alameda County
1400000US06001402801,"Census Tract 4028.01, Alameda County, California",3321,3301,3254,-20,-47,-67,-0.6,-1.42,-2.02,Alameda County
1400000US06001402802,"Census Tract 4028.02, Alameda County, California",1337,1251,1430,-86,179,93,-6.43,14.31,6.96,Alameda County
1400000US06001402900,"Census Tract 4029, Alameda County, California",1486,1638,1828,152,190,342,10.23,11.6,23.01,Alameda County
1400000US06001403000,"Census Tract 4030, Alameda County, California",2850,2907,2897,57,-10,47,2,-0.34,1.65,Alameda County
1400000US06001403100,"Census Tract 4031, Alameda County, California",2077,2054,1941,-23,-113,-136,-1.11,-5.5,-6.55,Alameda County
1400000US06001403301,"Census Tract 4033.01, Alameda County, California",1615,1950,1830,335,-120,215,20.74,-6.15,13.31,Alameda County
1400000US06001403302,"Census Tract 4033.02, Alameda County, California",2389,2279,2556,-110,277,167,-4.6,12.15,6.99,Alameda County
1400000US06001403401,"Census Tract 4034.01, Alameda County, California",2940,2882,2717,-58,-165,-223,-1.97,-5.73,-7.59,Alameda County
1400000US06001403402,"Census Tract 4034.02, Alameda County, California",1405,1197,1134,-208,-63,-271,-14.8,-5.26,-19.29,Alameda County
1400000US06001403501,"Census Tract 4035.01, Alameda County, California",4454,4655,4904,201,249,450,4.51,5.35,10.1,Alameda County
1400000US06001403502,"Census Tract 4035.02, Alameda County, California",1902,2008,1919,106,-89,17,5.57,-4.43,0.89,Alameda County
1400000US06001403600,"Census Tract 4036, Alameda County, California",5582,5318,5056,-264,-262,-526,-4.73,-4.93,-9.42,Alameda County
1400000US06001403701,"Census Tract 4037.01, Alameda County, California",2776,3025,2909,249,-116,133,8.97,-3.83,4.79,Alameda County
1400000US06001403702,"Census Tract 4037.02, Alameda County, California",1883,2012,2238,129,226,355,6.85,11.23,18.85,Alameda County
1400000US06001403800,"Census Tract 4038, Alameda County, California",3514,3864,4008,350,144,494,9.96,3.73,14.06,Alameda County
1400000US06001403900,"Census Tract 4039, Alameda County, California",4122,4038,3883,-84,-155,-239,-2.04,-3.84,-5.8,Alameda County
1400000US06001404000,"Census Tract 4040, Alameda County, California",2910,3052,3145,142,93,235,4.88,3.05,8.08,Alameda County
1400000US06001404101,"Census Tract 4041.01, Alameda County, California",2988,3082,3208,94,126,220,3.15,4.09,7.36,Alameda County
1400000US06001404102,"Census Tract 4041.02, Alameda County, California",2637,2689,2701,52,12,64,1.97,0.45,2.43,Alameda County
1400000US06001404200,"Census Tract 4042, Alameda County, California",3826,3929,3894,103,-35,68,2.69,-0.89,1.78,Alameda County
1400000US06001404300,"Census Tract 4043, Alameda County, California",3546,3562,3587,16,25,41,0.45,0.7,1.16,Alameda County
1400000US06001404400,"Census Tract 4044, Alameda County, California",5755,5916,5823,161,-93,68,2.8,-1.57,1.18,Alameda County
1400000US06001404501,"Census Tract 4045.01, Alameda County, California",1790,1843,1820,53,-23,30,2.96,-1.25,1.68,Alameda County
1400000US06001404502,"Census Tract 4045.02, Alameda County, California",5893,6292,6110,399,-182,217,6.77,-2.89,3.68,Alameda County
1400000US06001404600,"Census Tract 4046, Alameda County, California",4936,5063,4934,127,-129,-2,2.57,-2.55,-0.04,Alameda County
1400000US06001404700,"Census Tract 4047, Alameda County, California",2099,2153,2187,54,34,88,2.57,1.58,4.19,Alameda County
1400000US06001404800,"Census Tract 4048, Alameda County, California",2650,2722,2744,72,22,94,2.72,0.81,3.55,Alameda County
1400000US06001404900,"Census Tract 4049, Alameda County, California",4253,4461,4669,208,208,416,4.89,4.66,9.78,Alameda County
1400000US06001405000,"Census Tract 4050, Alameda County, California",3444,3718,3665,274,-53,221,7.96,-1.43,6.42,Alameda County
1400000US06001405100,"Census Tract 4051, Alameda County, California",4285,4479,4508,194,29,223,4.53,0.65,5.2,Alameda County
1400000US06001405200,"Census Tract 4052, Alameda County, California",5159,4936,4913,-223,-23,-246,-4.32,-0.47,-4.77,Alameda County
1400000US06001405301,"Census Tract 4053.01, Alameda County, California",2947,2988,2872,41,-116,-75,1.39,-3.88,-2.54,Alameda County
1400000US06001405302,"Census Tract 4053.02, Alameda County, California",2287,2457,2559,170,102,272,7.43,4.15,11.89,Alameda County
1400000US06001405401,"Census Tract 4054.01, Alameda County, California",3670,3583,3541,-87,-42,-129,-2.37,-1.17,-3.51,Alameda County
1400000US06001405402,"Census Tract 4054.02, Alameda County, California",3412,3492,3673,80,181,261,2.34,5.18,7.65,Alameda County
1400000US06001405500,"Census Tract 4055, Alameda County, California",3674,3644,3537,-30,-107,-137,-0.82,-2.94,-3.73,Alameda County
1400000US06001405600,"Census Tract 4056, Alameda County, California",3171,3184,3044,13,-140,-127,0.41,-4.4,-4.01,Alameda County
1400000US06001405700,"Census Tract 4057, Alameda County, California",3308,3722,3522,414,-200,214,12.52,-5.37,6.47,Alameda County
1400000US06001405800,"Census Tract 4058, Alameda County, California",3931,4157,4182,226,25,251,5.75,0.6,6.39,Alameda County
1400000US06001405901,"Census Tract 4059.01, Alameda County, California",4230,4175,3757,-55,-418,-473,-1.3,-10.01,-11.18,Alameda County
1400000US06001405902,"Census Tract 4059.02, Alameda County, California",3129,3063,3138,-66,75,9,-2.11,2.45,0.29,Alameda County
1400000US06001406000,"Census Tract 4060, Alameda County, California",3890,4288,4735,398,447,845,10.23,10.42,21.72,Alameda County
1400000US06001406100,"Census Tract 4061, Alameda County, California",4721,5072,4939,351,-133,218,7.43,-2.62,4.62,Alameda County
1400000US06001406201,"Census Tract 4062.01, Alameda County, California",4954,5134,5072,180,-62,118,3.63,-1.21,2.38,Alameda County
1400000US06001406202,"Census Tract 4062.02, Alameda County, California",4712,4947,4733,235,-214,21,4.99,-4.33,0.45,Alameda County
1400000US06001406300,"Census Tract 4063, Alameda County, California",4403,4557,4556,154,-1,153,3.5,-0.02,3.47,Alameda County
1400000US06001406400,"Census Tract 4064, Alameda County, California",2548,2559,2598,11,39,50,0.43,1.52,1.96,Alameda County
1400000US06001406500,"Census Tract 4065, Alameda County, California",6400,6342,6494,-58,152,94,-0.91,2.4,1.47,Alameda County
1400000US06001406601,"Census Tract 4066.01, Alameda County, California",4726,4740,4531,14,-209,-195,0.3,-4.41,-4.13,Alameda County
1400000US06001406602,"Census Tract 4066.02, Alameda County, California",2417,2800,2540,383,-260,123,15.85,-9.29,5.09,Alameda County
1400000US06001406700,"Census Tract 4067, Alameda County, California",5019,5571,5380,552,-191,361,11,-3.43,7.19,Alameda County
1400000US06001406800,"Census Tract 4068, Alameda County, California",3668,3925,3971,257,46,303,7.01,1.17,8.26,Alameda County
1400000US06001406900,"Census Tract 4069, Alameda County, California",3895,3963,3865,68,-98,-30,1.75,-2.47,-0.77,Alameda County
1400000US06001407000,"Census Tract 4070, Alameda County, California",5780,5986,6202,206,216,422,3.56,3.61,7.3,Alameda County
1400000US06001407101,"Census Tract 4071.01, Alameda County, California",3869,3813,4053,-56,240,184,-1.45,6.29,4.76,Alameda County
1400000US06001407102,"Census Tract 4071.02, Alameda County, California",4603,4337,4268,-266,-69,-335,-5.78,-1.59,-7.28,Alameda County
1400000US06001407200,"Census Tract 4072, Alameda County, California",6901,6820,6544,-81,-276,-357,-1.17,-4.05,-5.17,Alameda County
1400000US06001407300,"Census Tract 4073, Alameda County, California",2461,2484,2459,23,-25,-2,0.93,-1.01,-0.08,Alameda County
1400000US06001407400,"Census Tract 4074, Alameda County, California",4183,4249,4242,66,-7,59,1.58,-0.16,1.41,Alameda County
1400000US06001407500,"Census Tract 4075, Alameda County, California",4242,4165,3988,-77,-177,-254,-1.82,-4.25,-5.99,Alameda County
1400000US06001407600,"Census Tract 4076, Alameda County, California",5947,6329,6459,382,130,512,6.42,2.05,8.61,Alameda County
1400000US06001407700,"Census Tract 4077, Alameda County, California",4255,4121,4238,-134,117,-17,-3.15,2.84,-0.4,Alameda County
1400000US06001407800,"Census Tract 4078, Alameda County, California",2734,2871,2769,137,-102,35,5.01,-3.55,1.28,Alameda County
1400000US06001407900,"Census Tract 4079, Alameda County, California",2800,2869,3088,69,219,288,2.46,7.63,10.29,Alameda County
1400000US06001408000,"Census Tract 4080, Alameda County, California",2827,2952,2860,125,-92,33,4.42,-3.12,1.17,Alameda County
1400000US06001408100,"Census Tract 4081, Alameda County, California",6795,6982,7313,187,331,518,2.75,4.74,7.62,Alameda County
1400000US06001408200,"Census Tract 4082, Alameda County, California",4588,4983,4471,395,-512,-117,8.61,-10.27,-2.55,Alameda County
1400000US06001408300,"Census Tract 4083, Alameda County, California",4954,5208,4791,254,-417,-163,5.13,-8.01,-3.29,Alameda County
1400000US06001408400,"Census Tract 4084, Alameda County, California",3278,3825,4077,547,252,799,16.69,6.59,24.37,Alameda County
1400000US06001408500,"Census Tract 4085, Alameda County, California",5796,5969,5634,173,-335,-162,2.98,-5.61,-2.8,Alameda County
1400000US06001408600,"Census Tract 4086, Alameda County, California",7159,7471,6519,312,-952,-640,4.36,-12.74,-8.94,Alameda County
1400000US06001408700,"Census Tract 4087, Alameda County, California",7536,7666,7456,130,-210,-80,1.73,-2.74,-1.06,Alameda County
1400000US06001408800,"Census Tract 4088, Alameda County, California",6622,7688,7968,1066,280,1346,16.1,3.64,20.33,Alameda County
1400000US06001408900,"Census Tract 4089, Alameda County, California",3660,3970,3956,310,-14,296,8.47,-0.35,8.09,Alameda County
1400000US06001409000,"Census Tract 4090, Alameda County, California",4756,4690,5039,-66,349,283,-1.39,7.44,5.95,Alameda County
1400000US06001409100,"Census Tract 4091, Alameda County, California",2477,2576,2532,99,-44,55,4,-1.71,2.22,Alameda County
1400000US06001409200,"Census Tract 4092, Alameda County, California",3526,3508,3615,-18,107,89,-0.51,3.05,2.52,Alameda County
1400000US06001409300,"Census Tract 4093, Alameda County, California",5153,5461,5743,308,282,590,5.98,5.16,11.45,Alameda County
1400000US06001409400,"Census Tract 4094, Alameda County, California",5141,5265,4710,124,-555,-431,2.41,-10.54,-8.38,Alameda County
1400000US06001409500,"Census Tract 4095, Alameda County, California",3877,4117,4291,240,174,414,6.19,4.23,10.68,Alameda County
1400000US06001409600,"Census Tract 4096, Alameda County, California",4594,5021,5139,427,118,545,9.29,2.35,11.86,Alameda County
1400000US06001409700,"Census Tract 4097, Alameda County, California",5226,5217,5240,-9,23,14,-0.17,0.44,0.27,Alameda County
1400000US06001409800,"Census Tract 4098, Alameda County, California",3403,3444,3511,41,67,108,1.2,1.95,3.17,Alameda County
1400000US06001409900,"Census Tract 4099, Alameda County, California",3695,3836,3983,141,147,288,3.82,3.83,7.79,Alameda County
1400000US06001410000,"Census Tract 4100, Alameda County, California",3358,3209,3177,-149,-32,-181,-4.44,-1,-5.39,Alameda County
1400000US06001410100,"Census Tract 4101, Alameda County, California",2746,3065,3172,319,107,426,11.62,3.49,15.51,Alameda County
1400000US06001410200,"Census Tract 4102, Alameda County, California",3585,3284,3238,-301,-46,-347,-8.4,-1.4,-9.68,Alameda County
1400000US06001410300,"Census Tract 4103, Alameda County, California",3842,3788,3893,-54,105,51,-1.41,2.77,1.33,Alameda County
1400000US06001410400,"Census Tract 4104, Alameda County, California",4398,4353,4687,-45,334,289,-1.02,7.67,6.57,Alameda County
1400000US06001410500,"Census Tract 4105, Alameda County, California",2547,2853,3081,306,228,534,12.01,7.99,20.97,Alameda County
1400000US06001420100,"Census Tract 4201, Alameda County, California",2528,2598,2631,70,33,103,2.77,1.27,4.07,Alameda County
1400000US06001420200,"Census Tract 4202, Alameda County, California",3326,3275,3275,-51,0,-51,-1.53,0,-1.53,Alameda County
1400000US06001420301,"Census Tract 4203.01, Alameda County, California",2738,2730,2645,-8,-85,-93,-0.29,-3.11,-3.4,Alameda County
1400000US06001420302,"Census Tract 4203.02, Alameda County, California",2561,2493,2446,-68,-47,-115,-2.66,-1.89,-4.49,Alameda County
1400000US06001420401,"Census Tract 4204.01, Alameda County, California",1180,1130,1333,-50,203,153,-4.24,17.96,12.97,Alameda County
1400000US06001420402,"Census Tract 4204.02, Alameda County, California",1772,1746,1661,-26,-85,-111,-1.47,-4.87,-6.26,Alameda County
1400000US06001420500,"Census Tract 4205, Alameda County, California",2518,2429,2548,-89,119,30,-3.53,4.9,1.19,Alameda County
1400000US06001420600,"Census Tract 4206, Alameda County, California",3522,3557,3488,35,-69,-34,0.99,-1.94,-0.97,Alameda County
1400000US06001421100,"Census Tract 4211, Alameda County, California",2146,2071,2108,-75,37,-38,-3.49,1.79,-1.77,Alameda County
1400000US06001421200,"Census Tract 4212, Alameda County, California",3690,3553,3557,-137,4,-133,-3.71,0.11,-3.6,Alameda County
1400000US06001421300,"Census Tract 4213, Alameda County, California",4070,3937,4011,-133,74,-59,-3.27,1.88,-1.45,Alameda County
1400000US06001421400,"Census Tract 4214, Alameda County, California",1661,1715,1638,54,-77,-23,3.25,-4.49,-1.38,Alameda County
1400000US06001421500,"Census Tract 4215, Alameda County, California",3820,3920,4064,100,144,244,2.62,3.67,6.39,Alameda County
1400000US06001421600,"Census Tract 4216, Alameda County, California",3728,3854,3854,126,0,126,3.38,0,3.38,Alameda County
1400000US06001421700,"Census Tract 4217, Alameda County, California",3734,3437,3421,-297,-16,-313,-7.95,-0.47,-8.38,Alameda County
1400000US06001421800,"Census Tract 4218, Alameda County, California",2232,2180,2260,-52,80,28,-2.33,3.67,1.25,Alameda County
1400000US06001421900,"Census Tract 4219, Alameda County, California",4312,4173,4141,-139,-32,-171,-3.22,-0.77,-3.97,Alameda County
1400000US06001422000,"Census Tract 4220, Alameda County, California",2157,2205,2453,48,248,296,2.23,11.25,13.72,Alameda County
1400000US06001422100,"Census Tract 4221, Alameda County, California",3280,3172,3200,-108,28,-80,-3.29,0.88,-2.44,Alameda County
1400000US06001422200,"Census Tract 4222, Alameda County, California",3202,3039,3280,-163,241,78,-5.09,7.93,2.44,Alameda County
1400000US06001422300,"Census Tract 4223, Alameda County, California",3608,3333,3567,-275,234,-41,-7.62,7.02,-1.14,Alameda County
1400000US06001422400,"Census Tract 4224, Alameda County, California",4578,4425,4187,-153,-238,-391,-3.34,-5.38,-8.54,Alameda County
1400000US06001422500,"Census Tract 4225, Alameda County, California",4638,4382,4467,-256,85,-171,-5.52,1.94,-3.69,Alameda County
1400000US06001422700,"Census Tract 4227, Alameda County, California",4975,5015,4803,40,-212,-172,0.8,-4.23,-3.46,Alameda County
1400000US06001422800,"Census Tract 4228, Alameda County, California",9229,9577,8980,348,-597,-249,3.77,-6.23,-2.7,Alameda County
1400000US06001422901,"Census Tract 4229.01, Alameda County, California",2627,2085,2024,-542,-61,-603,-20.63,-2.93,-22.95,Alameda County
1400000US06001422902,"Census Tract 4229.02, Alameda County, California",3019,2695,3022,-324,327,3,-10.73,12.13,0.1,Alameda County
1400000US06001423000,"Census Tract 4230, Alameda County, California",4932,4814,4549,-118,-265,-383,-2.39,-5.5,-7.77,Alameda County
1400000US06001423100,"Census Tract 4231, Alameda County, California",4317,4299,4275,-18,-24,-42,-0.42,-0.56,-0.97,Alameda County
1400000US06001423200,"Census Tract 4232, Alameda County, California",2945,2819,3003,-126,184,58,-4.28,6.53,1.97,Alameda County
1400000US06001423300,"Census Tract 4233, Alameda County, California",3521,3255,3476,-266,221,-45,-7.55,6.79,-1.28,Alameda County
1400000US06001423400,"Census Tract 4234, Alameda County, California",5503,5257,5551,-246,294,48,-4.47,5.59,0.87,Alameda County
1400000US06001423500,"Census Tract 4235, Alameda County, California",3484,3397,3540,-87,143,56,-2.5,4.21,1.61,Alameda County
1400000US06001423601,"Census Tract 4236.01, Alameda County, California",2697,2482,2738,-215,256,41,-7.97,10.31,1.52,Alameda County
1400000US06001423602,"Census Tract 4236.02, Alameda County, California",6439,6599,7198,160,599,759,2.48,9.08,11.79,Alameda County
1400000US06001423700,"Census Tract 4237, Alameda County, California",4148,3921,3606,-227,-315,-542,-5.47,-8.03,-13.07,Alameda County
1400000US06001423800,"Census Tract 4238, Alameda County, California",3127,3235,3425,108,190,298,3.45,5.87,9.53,Alameda County
1400000US06001423901,"Census Tract 4239.01, Alameda County, California",2160,2130,2258,-30,128,98,-1.39,6.01,4.54,Alameda County
1400000US06001423902,"Census Tract 4239.02, Alameda County, California",1482,1438,1512,-44,74,30,-2.97,5.15,2.02,Alameda County
1400000US06001424001,"Census Tract 4240.01, Alameda County, California",3976,3593,3631,-383,38,-345,-9.63,1.06,-8.68,Alameda County
1400000US06001424002,"Census Tract 4240.02, Alameda County, California",2626,2580,2663,-46,83,37,-1.75,3.22,1.41,Alameda County
1400000US06001425101,"Census Tract 4251.01, Alameda County, California",1588,1732,1754,144,22,166,9.07,1.27,10.45,Alameda County
1400000US06001425102,"Census Tract 4251.02, Alameda County, California",3752,4073,3969,321,-104,217,8.56,-2.55,5.78,Alameda County
1400000US06001425103,"Census Tract 4251.03, Alameda County, California",2708,3024,3103,316,79,395,11.67,2.61,14.59,Alameda County
1400000US06001425104,"Census Tract 4251.04, Alameda County, California",3631,3918,4014,287,96,383,7.9,2.45,10.55,Alameda County
1400000US06001426100,"Census Tract 4261, Alameda County, California",6704,6497,6300,-207,-197,-404,-3.09,-3.03,-6.03,Alameda County
1400000US06001426200,"Census Tract 4262, Alameda County, California",4750,4871,4861,121,-10,111,2.55,-0.21,2.34,Alameda County
1400000US06001427100,"Census Tract 4271, Alameda County, California",4251,4389,4222,138,-167,-29,3.25,-3.8,-0.68,Alameda County
1400000US06001427200,"Census Tract 4272, Alameda County, California",4460,4418,4508,-42,90,48,-0.94,2.04,1.08,Alameda County
1400000US06001427300,"Census Tract 4273, Alameda County, California",5130,5036,5283,-94,247,153,-1.83,4.9,2.98,Alameda County
1400000US06001427600,"Census Tract 4276, Alameda County, California",5157,4861,4740,-296,-121,-417,-5.74,-2.49,-8.09,Alameda County
1400000US06001427700,"Census Tract 4277, Alameda County, California",5268,5139,5009,-129,-130,-259,-2.45,-2.53,-4.92,Alameda County
1400000US06001427800,"Census Tract 4278, Alameda County, California",4502,4268,4274,-234,6,-228,-5.2,0.14,-5.06,Alameda County
1400000US06001427900,"Census Tract 4279, Alameda County, California",5297,4893,4686,-404,-207,-611,-7.63,-4.23,-11.53,Alameda County
1400000US06001428000,"Census Tract 4280, Alameda County, California",3168,2975,2906,-193,-69,-262,-6.09,-2.32,-8.27,Alameda County
1400000US06001428100,"Census Tract 4281, Alameda County, California",4841,4812,4866,-29,54,25,-0.6,1.12,0.52,Alameda County
1400000US06001428200,"Census Tract 4282, Alameda County, California",6782,6947,6475,165,-472,-307,2.43,-6.79,-4.53,Alameda County
1400000US06001428301,"Census Tract 4283.01, Alameda County, California",7538,7384,7203,-154,-181,-335,-2.04,-2.45,-4.44,Alameda County
1400000US06001428302,"Census Tract 4283.02, Alameda County, California",7802,7348,7022,-454,-326,-780,-5.82,-4.44,-10,Alameda County
1400000US06001428400,"Census Tract 4284, Alameda County, California",4561,4593,4756,32,163,195,0.7,3.55,4.28,Alameda County
1400000US06001428500,"Census Tract 4285, Alameda County, California",3063,3154,3302,91,148,239,2.97,4.69,7.8,Alameda County
1400000US06001428600,"Census Tract 4286, Alameda County, California",3560,3475,3235,-85,-240,-325,-2.39,-6.91,-9.13,Alameda County
1400000US06001428700,"Census Tract 4287, Alameda County, California",4447,4628,5078,181,450,631,4.07,9.72,14.19,Alameda County
1400000US06001430101,"Census Tract 4301.01, Alameda County, California",6743,6951,7034,208,83,291,3.08,1.19,4.32,Alameda County
1400000US06001430102,"Census Tract 4301.02, Alameda County, California",2488,2539,2459,51,-80,-29,2.05,-3.15,-1.17,Alameda County
1400000US06001430200,"Census Tract 4302, Alameda County, California",7115,7548,7713,433,165,598,6.09,2.19,8.4,Alameda County
1400000US06001430300,"Census Tract 4303, Alameda County, California",3947,4112,4290,165,178,343,4.18,4.33,8.69,Alameda County
1400000US06001430400,"Census Tract 4304, Alameda County, California",2108,2212,2155,104,-57,47,4.93,-2.58,2.23,Alameda County
1400000US06001430500,"Census Tract 4305, Alameda County, California",6185,6480,6250,295,-230,65,4.77,-3.55,1.05,Alameda County
1400000US06001430600,"Census Tract 4306, Alameda County, California",6703,6769,6244,66,-525,-459,0.98,-7.76,-6.85,Alameda County
1400000US06001430700,"Census Tract 4307, Alameda County, California",4133,4161,4085,28,-76,-48,0.68,-1.83,-1.16,Alameda County
1400000US06001430800,"Census Tract 4308, Alameda County, California",5410,5652,5814,242,162,404,4.47,2.87,7.47,Alameda County
1400000US06001430900,"Census Tract 4309, Alameda County, California",5384,5388,5214,4,-174,-170,0.07,-3.23,-3.16,Alameda County
1400000US06001431000,"Census Tract 4310, Alameda County, California",2816,2947,3091,131,144,275,4.65,4.89,9.77,Alameda County
1400000US06001431100,"Census Tract 4311, Alameda County, California",3447,3361,3259,-86,-102,-188,-2.49,-3.03,-5.45,Alameda County
1400000US06001431200,"Census Tract 4312, Alameda County, California",5953,5966,5865,13,-101,-88,0.22,-1.69,-1.48,Alameda County
1400000US06001432100,"Census Tract 4321, Alameda County, California",3584,3929,3892,345,-37,308,9.63,-0.94,8.59,Alameda County
1400000US06001432200,"Census Tract 4322, Alameda County, California",4123,4195,3987,72,-208,-136,1.75,-4.96,-3.3,Alameda County
1400000US06001432300,"Census Tract 4323, Alameda County, California",4764,4864,4874,100,10,110,2.1,0.21,2.31,Alameda County
1400000US06001432400,"Census Tract 4324, Alameda County, California",6983,6603,6346,-380,-257,-637,-5.44,-3.89,-9.12,Alameda County
1400000US06001432501,"Census Tract 4325.01, Alameda County, California",4850,4985,4892,135,-93,42,2.78,-1.87,0.87,Alameda County
1400000US06001432502,"Census Tract 4325.02, Alameda County, California",5221,5171,5126,-50,-45,-95,-0.96,-0.87,-1.82,Alameda County
1400000US06001432601,"Census Tract 4326.01, Alameda County, California",3957,4082,4092,125,10,135,3.16,0.24,3.41,Alameda County
1400000US06001432602,"Census Tract 4326.02, Alameda County, California",3409,3031,3123,-378,92,-286,-11.09,3.04,-8.39,Alameda County
1400000US06001432700,"Census Tract 4327, Alameda County, California",2839,2815,2755,-24,-60,-84,-0.85,-2.13,-2.96,Alameda County
1400000US06001432800,"Census Tract 4328, Alameda County, California",3907,4345,3862,438,-483,-45,11.21,-11.12,-1.15,Alameda County
1400000US06001433000,"Census Tract 4330, Alameda County, California",3461,3871,3799,410,-72,338,11.85,-1.86,9.77,Alameda County
1400000US06001433102,"Census Tract 4331.02, Alameda County, California",4536,4443,4445,-93,2,-91,-2.05,0.05,-2.01,Alameda County
1400000US06001433103,"Census Tract 4331.03, Alameda County, California",3486,3699,3552,213,-147,66,6.11,-3.97,1.89,Alameda County
1400000US06001433104,"Census Tract 4331.04, Alameda County, California",4044,3881,4398,-163,517,354,-4.03,13.32,8.75,Alameda County
1400000US06001433200,"Census Tract 4332, Alameda County, California",7947,8171,8120,224,-51,173,2.82,-0.62,2.18,Alameda County
1400000US06001433300,"Census Tract 4333, Alameda County, California",8071,7690,7367,-381,-323,-704,-4.72,-4.2,-8.72,Alameda County
1400000US06001433400,"Census Tract 4334, Alameda County, California",6084,6174,6040,90,-134,-44,1.48,-2.17,-0.72,Alameda County
1400000US06001433500,"Census Tract 4335, Alameda County, California",4671,4597,4311,-74,-286,-360,-1.58,-6.22,-7.71,Alameda County
1400000US06001433600,"Census Tract 4336, Alameda County, California",5966,5945,5844,-21,-101,-122,-0.35,-1.7,-2.04,Alameda County
1400000US06001433700,"Census Tract 4337, Alameda County, California",3180,3376,3125,196,-251,-55,6.16,-7.43,-1.73,Alameda County
1400000US06001433801,"Census Tract 4338.01, Alameda County, California",3598,3516,3528,-82,12,-70,-2.28,0.34,-1.95,Alameda County
1400000US06001433802,"Census Tract 4338.02, Alameda County, California",4155,4425,4301,270,-124,146,6.5,-2.8,3.51,Alameda County
1400000US06001433900,"Census Tract 4339, Alameda County, California",7683,7136,7187,-547,51,-496,-7.12,0.71,-6.46,Alameda County
1400000US06001434000,"Census Tract 4340, Alameda County, California",5073,5239,5166,166,-73,93,3.27,-1.39,1.83,Alameda County
1400000US06001435102,"Census Tract 4351.02, Alameda County, California",6391,6409,6137,18,-272,-254,0.28,-4.24,-3.97,Alameda County
1400000US06001435103,"Census Tract 4351.03, Alameda County, California",7621,8194,7774,573,-420,153,7.52,-5.13,2.01,Alameda County
1400000US06001435104,"Census Tract 4351.04, Alameda County, California",5984,6553,6856,569,303,872,9.51,4.62,14.57,Alameda County
1400000US06001435200,"Census Tract 4352, Alameda County, California",4916,4870,4647,-46,-223,-269,-0.94,-4.58,-5.47,Alameda County
1400000US06001435300,"Census Tract 4353, Alameda County, California",4943,5144,4812,201,-332,-131,4.07,-6.45,-2.65,Alameda County
1400000US06001435400,"Census Tract 4354, Alameda County, California",4584,5231,5048,647,-183,464,14.11,-3.5,10.12,Alameda County
1400000US06001435500,"Census Tract 4355, Alameda County, California",4192,4452,4153,260,-299,-39,6.2,-6.72,-0.93,Alameda County
1400000US06001435601,"Census Tract 4356.01, Alameda County, California",5346,5136,5449,-210,313,103,-3.93,6.09,1.93,Alameda County
1400000US06001435602,"Census Tract 4356.02, Alameda County, California",5311,5337,5671,26,334,360,0.49,6.26,6.78,Alameda County
1400000US06001435700,"Census Tract 4357, Alameda County, California",5209,5172,4819,-37,-353,-390,-0.71,-6.83,-7.49,Alameda County
1400000US06001435800,"Census Tract 4358, Alameda County, California",5437,5760,5687,323,-73,250,5.94,-1.27,4.6,Alameda County
1400000US06001435900,"Census Tract 4359, Alameda County, California",5430,5401,5290,-29,-111,-140,-0.53,-2.06,-2.58,Alameda County
1400000US06001436000,"Census Tract 4360, Alameda County, California",5194,5104,5114,-90,10,-80,-1.73,0.2,-1.54,Alameda County
1400000US06001436100,"Census Tract 4361, Alameda County, California",6187,6307,5765,120,-542,-422,1.94,-8.59,-6.82,Alameda County
1400000US06001436200,"Census Tract 4362, Alameda County, California",4208,4167,4128,-41,-39,-80,-0.97,-0.94,-1.9,Alameda County
1400000US06001436301,"Census Tract 4363.01, Alameda County, California",5449,5825,5255,376,-570,-194,6.9,-9.79,-3.56,Alameda County
1400000US06001436302,"Census Tract 4363.02, Alameda County, California",3957,4042,3932,85,-110,-25,2.15,-2.72,-0.63,Alameda County
1400000US06001436402,"Census Tract 4364.02, Alameda County, California",2711,2741,2688,30,-53,-23,1.11,-1.93,-0.85,Alameda County
1400000US06001436403,"Census Tract 4364.03, Alameda County, California",4290,4470,4519,180,49,229,4.2,1.1,5.34,Alameda County
1400000US06001436404,"Census Tract 4364.04, Alameda County, California",3126,3181,3232,55,51,106,1.76,1.6,3.39,Alameda County
1400000US06001436500,"Census Tract 4365, Alameda County, California",5246,5435,5289,189,-146,43,3.6,-2.69,0.82,Alameda County
1400000US06001436601,"Census Tract 4366.01, Alameda County, California",6649,6620,6634,-29,14,-15,-0.44,0.21,-0.23,Alameda County
1400000US06001436602,"Census Tract 4366.02, Alameda County, California",4765,5297,5255,532,-42,490,11.16,-0.79,10.28,Alameda County
1400000US06001436700,"Census Tract 4367, Alameda County, California",3351,3429,3367,78,-62,16,2.33,-1.81,0.48,Alameda County
1400000US06001436800,"Census Tract 4368, Alameda County, California",4042,4280,4196,238,-84,154,5.89,-1.96,3.81,Alameda County
1400000US06001436900,"Census Tract 4369, Alameda County, California",6642,6750,6403,108,-347,-239,1.63,-5.14,-3.6,Alameda County
1400000US06001437000,"Census Tract 4370, Alameda County, California",3535,3622,3471,87,-151,-64,2.46,-4.17,-1.81,Alameda County
1400000US06001437101,"Census Tract 4371.01, Alameda County, California",7516,7653,7960,137,307,444,1.82,4.01,5.91,Alameda County
1400000US06001437102,"Census Tract 4371.02, Alameda County, California",4481,4438,4457,-43,19,-24,-0.96,0.43,-0.54,Alameda County
1400000US06001437200,"Census Tract 4372, Alameda County, California",8008,8504,8491,496,-13,483,6.19,-0.15,6.03,Alameda County
1400000US06001437300,"Census Tract 4373, Alameda County, California",3091,3158,3135,67,-23,44,2.17,-0.73,1.42,Alameda County
1400000US06001437400,"Census Tract 4374, Alameda County, California",3362,3629,3733,267,104,371,7.94,2.87,11.04,Alameda County
1400000US06001437500,"Census Tract 4375, Alameda County, California",4478,4395,4172,-83,-223,-306,-1.85,-5.07,-6.83,Alameda County
1400000US06001437600,"Census Tract 4376, Alameda County, California",3488,3386,3455,-102,69,-33,-2.92,2.04,-0.95,Alameda County
1400000US06001437701,"Census Tract 4377.01, Alameda County, California",3773,3675,3597,-98,-78,-176,-2.6,-2.12,-4.66,Alameda County
1400000US06001437702,"Census Tract 4377.02, Alameda County, California",3930,3770,3880,-160,110,-50,-4.07,2.92,-1.27,Alameda County
1400000US06001437800,"Census Tract 4378, Alameda County, California",5150,5240,4940,90,-300,-210,1.75,-5.73,-4.08,Alameda County
1400000US06001437900,"Census Tract 4379, Alameda County, California",2345,2125,2032,-220,-93,-313,-9.38,-4.38,-13.35,Alameda County
1400000US06001438000,"Census Tract 4380, Alameda County, California",3938,3698,3645,-240,-53,-293,-6.09,-1.43,-7.44,Alameda County
1400000US06001438100,"Census Tract 4381, Alameda County, California",8447,8131,7953,-316,-178,-494,-3.74,-2.19,-5.85,Alameda County
1400000US06001438201,"Census Tract 4382.01, Alameda County, California",4968,4761,4895,-207,134,-73,-4.17,2.81,-1.47,Alameda County
1400000US06001438203,"Census Tract 4382.03, Alameda County, California",4029,4042,4091,13,49,62,0.32,1.21,1.54,Alameda County
1400000US06001438204,"Census Tract 4382.04, Alameda County, California",5976,6053,6371,77,318,395,1.29,5.25,6.61,Alameda County
1400000US06001438300,"Census Tract 4383, Alameda County, California",3605,3817,3899,212,82,294,5.88,2.15,8.16,Alameda County
1400000US06001438400,"Census Tract 4384, Alameda County, California",2666,2654,2671,-12,17,5,-0.45,0.64,0.19,Alameda County
1400000US06001440100,"Census Tract 4401, Alameda County, California",2753,2788,2661,35,-127,-92,1.27,-4.56,-3.34,Alameda County
1400000US06001440200,"Census Tract 4402, Alameda County, California",6106,5729,5641,-377,-88,-465,-6.17,-1.54,-7.62,Alameda County
1400000US06001440301,"Census Tract 4403.01, Alameda County, California",7805,7116,7074,-689,-42,-731,-8.83,-0.59,-9.37,Alameda County
1400000US06001440304,"Census Tract 4403.04, Alameda County, California",5124,5014,4662,-110,-352,-462,-2.15,-7.02,-9.02,Alameda County
1400000US06001440305,"Census Tract 4403.05, Alameda County, California",4401,4125,4064,-276,-61,-337,-6.27,-1.48,-7.66,Alameda County
1400000US06001440306,"Census Tract 4403.06, Alameda County, California",4119,3975,3787,-144,-188,-332,-3.5,-4.73,-8.06,Alameda County
1400000US06001440307,"Census Tract 4403.07, Alameda County, California",4928,4813,4481,-115,-332,-447,-2.33,-6.9,-9.07,Alameda County
1400000US06001440308,"Census Tract 4403.08, Alameda County, California",6290,5886,6011,-404,125,-279,-6.42,2.12,-4.44,Alameda County
1400000US06001440331,"Census Tract 4403.31, Alameda County, California",3288,3099,3276,-189,177,-12,-5.75,5.71,-0.36,Alameda County
1400000US06001440332,"Census Tract 4403.32, Alameda County, California",3471,3352,3203,-119,-149,-268,-3.43,-4.45,-7.72,Alameda County
1400000US06001440333,"Census Tract 4403.33, Alameda County, California",2923,2816,2732,-107,-84,-191,-3.66,-2.98,-6.53,Alameda County
1400000US06001440334,"Census Tract 4403.34, Alameda County, California",4427,4165,4041,-262,-124,-386,-5.92,-2.98,-8.72,Alameda County
1400000US06001440336,"Census Tract 4403.36, Alameda County, California",4383,3979,4248,-404,269,-135,-9.22,6.76,-3.08,Alameda County
1400000US06001440337,"Census Tract 4403.37, Alameda County, California",2842,2796,2852,-46,56,10,-1.62,2,0.35,Alameda County
1400000US06001440338,"Census Tract 4403.38, Alameda County, California",4278,4133,4095,-145,-38,-183,-3.39,-0.92,-4.28,Alameda County
1400000US06001441100,"Census Tract 4411, Alameda County, California",4599,4650,4632,51,-18,33,1.11,-0.39,0.72,Alameda County
1400000US06001441200,"Census Tract 4412, Alameda County, California",6831,7029,7354,198,325,523,2.9,4.62,7.66,Alameda County
1400000US06001441301,"Census Tract 4413.01, Alameda County, California",3255,3268,3330,13,62,75,0.4,1.9,2.3,Alameda County
1400000US06001441302,"Census Tract 4413.02, Alameda County, California",5860,5802,5828,-58,26,-32,-0.99,0.45,-0.55,Alameda County
1400000US06001441401,"Census Tract 4414.01, Alameda County, California",7738,7891,7549,153,-342,-189,1.98,-4.33,-2.44,Alameda County
1400000US06001441402,"Census Tract 4414.02, Alameda County, California",5450,5508,5344,58,-164,-106,1.06,-2.98,-1.94,Alameda County
1400000US06001441501,"Census Tract 4415.01, Alameda County, California",6603,5937,5723,-666,-214,-880,-10.09,-3.6,-13.33,Alameda County
1400000US06001441503,"Census Tract 4415.03, Alameda County, California",7469,7662,7416,193,-246,-53,2.58,-3.21,-0.71,Alameda County
1400000US06001441521,"Census Tract 4415.21, Alameda County, California",6045,5993,6016,-52,23,-29,-0.86,0.38,-0.48,Alameda County
1400000US06001441522,"Census Tract 4415.22, Alameda County, California",5248,5291,5275,43,-16,27,0.82,-0.3,0.51,Alameda County
1400000US06001441523,"Census Tract 4415.23, Alameda County, California",4240,4334,4264,94,-70,24,2.22,-1.62,0.57,Alameda County
1400000US06001441524,"Census Tract 4415.24, Alameda County, California",4136,4245,4111,109,-134,-25,2.64,-3.16,-0.6,Alameda County
1400000US06001441525,"Census Tract 4415.25, Alameda County, California",807,1125,1603,318,478,796,39.41,42.49,98.64,Alameda County
1400000US06001441601,"Census Tract 4416.01, Alameda County, California",4788,4920,4774,132,-146,-14,2.76,-2.97,-0.29,Alameda County
1400000US06001441602,"Census Tract 4416.02, Alameda County, California",8010,7681,7509,-329,-172,-501,-4.11,-2.24,-6.25,Alameda County
1400000US06001441701,"Census Tract 4417.01, Alameda County, California",4382,4341,3884,-41,-457,-498,-0.94,-10.53,-11.36,Alameda County
1400000US06001441702,"Census Tract 4417.02, Alameda County, California",4630,4821,5037,191,216,407,4.13,4.48,8.79,Alameda County
1400000US06001441800,"Census Tract 4418, Alameda County, California",7661,6793,6209,-868,-584,-1452,-11.33,-8.6,-18.95,Alameda County
1400000US06001441921,"Census Tract 4419.21, Alameda County, California",3961,3813,3849,-148,36,-112,-3.74,0.94,-2.83,Alameda County
1400000US06001441923,"Census Tract 4419.23, Alameda County, California",6042,5782,5777,-260,-5,-265,-4.3,-0.09,-4.39,Alameda County
1400000US06001441924,"Census Tract 4419.24, Alameda County, California",7586,7597,7199,11,-398,-387,0.15,-5.24,-5.1,Alameda County
1400000US06001441926,"Census Tract 4419.26, Alameda County, California",4516,4374,4210,-142,-164,-306,-3.14,-3.75,-6.78,Alameda County
1400000US06001441927,"Census Tract 4419.27, Alameda County, California",4263,4431,4229,168,-202,-34,3.94,-4.56,-0.8,Alameda County
1400000US06001441928,"Census Tract 4419.28, Alameda County, California",3774,3760,3736,-14,-24,-38,-0.37,-0.64,-1.01,Alameda County
1400000US06001441929,"Census Tract 4419.29, Alameda County, California",3611,3365,3064,-246,-301,-547,-6.81,-8.95,-15.15,Alameda County
1400000US06001442000,"Census Tract 4420, Alameda County, California",3299,3128,2979,-171,-149,-320,-5.18,-4.76,-9.7,Alameda County
1400000US06001442100,"Census Tract 4421, Alameda County, California",5476,5283,5327,-193,44,-149,-3.52,0.83,-2.72,Alameda County
1400000US06001442200,"Census Tract 4422, Alameda County, California",7440,7426,7293,-14,-133,-147,-0.19,-1.79,-1.98,Alameda County
1400000US06001442301,"Census Tract 4423.01, Alameda County, California",5443,5549,5397,106,-152,-46,1.95,-2.74,-0.85,Alameda County
1400000US06001442302,"Census Tract 4423.02, Alameda County, California",6342,6225,6186,-117,-39,-156,-1.84,-0.63,-2.46,Alameda County
1400000US06001442400,"Census Tract 4424, Alameda County, California",6578,6432,6417,-146,-15,-161,-2.22,-0.23,-2.45,Alameda County
1400000US06001442501,"Census Tract 4425.01, Alameda County, California",3759,3516,3280,-243,-236,-479,-6.46,-6.71,-12.74,Alameda County
1400000US06001442502,"Census Tract 4425.02, Alameda County, California",3903,3713,3866,-190,153,-37,-4.87,4.12,-0.95,Alameda County
1400000US06001442601,"Census Tract 4426.01, Alameda County, California",4040,3857,3924,-183,67,-116,-4.53,1.74,-2.87,Alameda County
1400000US06001442602,"Census Tract 4426.02, Alameda County, California",5113,4819,4663,-294,-156,-450,-5.75,-3.24,-8.8,Alameda County
1400000US06001442700,"Census Tract 4427, Alameda County, California",3035,2962,3139,-73,177,104,-2.41,5.98,3.43,Alameda County
1400000US06001442800,"Census Tract 4428, Alameda County, California",2994,2973,3115,-21,142,121,-0.7,4.78,4.04,Alameda County
1400000US06001442900,"Census Tract 4429, Alameda County, California",8084,7544,7780,-540,236,-304,-6.68,3.13,-3.76,Alameda County
1400000US06001443001,"Census Tract 4430.01, Alameda County, California",2832,2764,2762,-68,-2,-70,-2.4,-0.07,-2.47,Alameda County
1400000US06001443002,"Census Tract 4430.02, Alameda County, California",6932,6688,6599,-244,-89,-333,-3.52,-1.33,-4.8,Alameda County
1400000US06001443102,"Census Tract 4431.02, Alameda County, California",5019,4906,4816,-113,-90,-203,-2.25,-1.83,-4.04,Alameda County
1400000US06001443103,"Census Tract 4431.03, Alameda County, California",4097,4111,4125,14,14,28,0.34,0.34,0.68,Alameda County
1400000US06001443104,"Census Tract 4431.04, Alameda County, California",5511,5723,5567,212,-156,56,3.85,-2.73,1.02,Alameda County
1400000US06001443105,"Census Tract 4431.05, Alameda County, California",4808,4738,4668,-70,-70,-140,-1.46,-1.48,-2.91,Alameda County
1400000US06001443200,"Census Tract 4432, Alameda County, California",4157,3847,3611,-310,-236,-546,-7.46,-6.13,-13.13,Alameda County
1400000US06001443301,"Census Tract 4433.01, Alameda County, California",4467,4313,4399,-154,86,-68,-3.45,1.99,-1.52,Alameda County
1400000US06001443321,"Census Tract 4433.21, Alameda County, California",3314,3290,3372,-24,82,58,-0.72,2.49,1.75,Alameda County
1400000US06001443322,"Census Tract 4433.22, Alameda County, California",3284,3219,3311,-65,92,27,-1.98,2.86,0.82,Alameda County
1400000US06001444100,"Census Tract 4441, Alameda County, California",7667,7875,7211,208,-664,-456,2.71,-8.43,-5.95,Alameda County
1400000US06001444200,"Census Tract 4442, Alameda County, California",7238,7058,6782,-180,-276,-456,-2.49,-3.91,-6.3,Alameda County
1400000US06001444301,"Census Tract 4443.01, Alameda County, California",3855,3841,3698,-14,-143,-157,-0.36,-3.72,-4.07,Alameda County
1400000US06001444303,"Census Tract 4443.03, Alameda County, California",0,0,0,0,0,0,#DIV/0!,#DIV/0!,#DIV/0!,Alameda County
1400000US06001444304,"Census Tract 4443.04, Alameda County, California",5445,5824,6408,379,584,963,6.96,10.03,17.69,Alameda County
1400000US06001444400,"Census Tract 4444, Alameda County, California",5649,5563,5367,-86,-196,-282,-1.52,-3.52,-4.99,Alameda County
1400000US06001444500,"Census Tract 4445, Alameda County, California",7537,7013,6988,-524,-25,-549,-6.95,-0.36,-7.28,Alameda County
1400000US06001444601,"Census Tract 4446.01, Alameda County, California",6095,5974,6081,-121,107,-14,-1.99,1.79,-0.23,Alameda County
1400000US06001444602,"Census Tract 4446.02, Alameda County, California",4662,4667,4935,5,268,273,0.11,5.74,5.86,Alameda County
1400000US06001450101,"Census Tract 4501.01, Alameda County, California",6163,7108,6883,945,-225,720,15.33,-3.17,11.68,Alameda County
1400000US06001450102,"Census Tract 4501.02, Alameda County, California",6076,6701,7376,625,675,1300,10.29,10.07,21.4,Alameda County
1400000US06001450200,"Census Tract 4502, Alameda County, California",5297,5470,5272,173,-198,-25,3.27,-3.62,-0.47,Alameda County
1400000US06001450300,"Census Tract 4503, Alameda County, California",5239,5434,5374,195,-60,135,3.72,-1.1,2.58,Alameda County
1400000US06001450400,"Census Tract 4504, Alameda County, California",7757,8145,7886,388,-259,129,5,-3.18,1.66,Alameda County
1400000US06001450501,"Census Tract 4505.01, Alameda County, California",3097,3309,3400,212,91,303,6.85,2.75,9.78,Alameda County
1400000US06001450502,"Census Tract 4505.02, Alameda County, California",5811,6083,6266,272,183,455,4.68,3.01,7.83,Alameda County
1400000US06001450601,"Census Tract 4506.01, Alameda County, California",3645,3645,3666,0,21,21,0,0.58,0.58,Alameda County
1400000US06001450603,"Census Tract 4506.03, Alameda County, California",5070,5062,4897,-8,-165,-173,-0.16,-3.26,-3.41,Alameda County
1400000US06001450604,"Census Tract 4506.04, Alameda County, California",5345,5178,4993,-167,-185,-352,-3.12,-3.57,-6.59,Alameda County
1400000US06001450605,"Census Tract 4506.05, Alameda County, California",3815,3787,3814,-28,27,-1,-0.73,0.71,-0.03,Alameda County
1400000US06001450606,"Census Tract 4506.06, Alameda County, California",6059,6033,6028,-26,-5,-31,-0.43,-0.08,-0.51,Alameda County
1400000US06001450607,"Census Tract 4506.07, Alameda County, California",5360,5541,5182,181,-359,-178,3.38,-6.48,-3.32,Alameda County
1400000US06001450608,"Census Tract 4506.08, Alameda County, California",4773,4646,4658,-127,12,-115,-2.66,0.26,-2.41,Alameda County
1400000US06001450609,"Census Tract 4506.09, Alameda County, California",4988,4810,4928,-178,118,-60,-3.57,2.45,-1.2,Alameda County
1400000US06001450701,"Census Tract 4507.01, Alameda County, California",8399,8575,8738,176,163,339,2.1,1.9,4.04,Alameda County
1400000US06001450741,"Census Tract 4507.41, Alameda County, California",5936,5983,5742,47,-241,-194,0.79,-4.03,-3.27,Alameda County
1400000US06001450742,"Census Tract 4507.42, Alameda County, California",5419,5365,5495,-54,130,76,-1,2.42,1.4,Alameda County
1400000US06001450743,"Census Tract 4507.43, Alameda County, California",7056,7236,7435,180,199,379,2.55,2.75,5.37,Alameda County
1400000US06001450744,"Census Tract 4507.44, Alameda County, California",5950,5916,5818,-34,-98,-132,-0.57,-1.66,-2.22,Alameda County
1400000US06001450745,"Census Tract 4507.45, Alameda County, California",6493,6473,6295,-20,-178,-198,-0.31,-2.75,-3.05,Alameda County
1400000US06001450746,"Census Tract 4507.46, Alameda County, California",3531,3302,3229,-229,-73,-302,-6.49,-2.21,-8.55,Alameda County
1400000US06001450750,"Census Tract 4507.50, Alameda County, California",5933,6625,6858,692,233,925,11.66,3.52,15.59,Alameda County
1400000US06001450751,"Census Tract 4507.51, Alameda County, California",11489,12700,12662,1211,-38,1173,10.54,-0.3,10.21,Alameda County
1400000US06001450752,"Census Tract 4507.52, Alameda County, California",7680,8915,9631,1235,716,1951,16.08,8.03,25.4,Alameda County
1400000US06001451102,"Census Tract 4511.02, Alameda County, California",4071,3973,3950,-98,-23,-121,-2.41,-0.58,-2.97,Alameda County
1400000US06001451103,"Census Tract 4511.03, Alameda County, California",1795,1588,1361,-207,-227,-434,-11.53,-14.29,-24.18,Alameda County
1400000US06001451104,"Census Tract 4511.04, Alameda County, California",7280,7154,7164,-126,10,-116,-1.73,0.14,-1.59,Alameda County
1400000US06001451201,"Census Tract 4512.01, Alameda County, California",7683,7563,7569,-120,6,-114,-1.56,0.08,-1.48,Alameda County
1400000US06001451202,"Census Tract 4512.02, Alameda County, California",5230,5529,5482,299,-47,252,5.72,-0.85,4.82,Alameda County
1400000US06001451300,"Census Tract 4513, Alameda County, California",7013,6473,6393,-540,-80,-620,-7.7,-1.24,-8.84,Alameda County
1400000US06001451401,"Census Tract 4514.01, Alameda County, California",6336,6416,6166,80,-250,-170,1.26,-3.9,-2.68,Alameda County
1400000US06001451403,"Census Tract 4514.03, Alameda County, California",2367,2195,2184,-172,-11,-183,-7.27,-0.5,-7.73,Alameda County
1400000US06001451404,"Census Tract 4514.04, Alameda County, California",7261,6923,6631,-338,-292,-630,-4.66,-4.22,-8.68,Alameda County
1400000US06001451501,"Census Tract 4515.01, Alameda County, California",4499,4486,4496,-13,10,-3,-0.29,0.22,-0.07,Alameda County
1400000US06001451503,"Census Tract 4515.03, Alameda County, California",6442,5822,6104,-620,282,-338,-9.62,4.84,-5.25,Alameda County
1400000US06001451504,"Census Tract 4515.04, Alameda County, California",1630,1585,1539,-45,-46,-91,-2.76,-2.9,-5.58,Alameda County
1400000US06001451505,"Census Tract 4515.05, Alameda County, California",3608,3434,3159,-174,-275,-449,-4.82,-8.01,-12.44,Alameda County
1400000US06001451506,"Census Tract 4515.06, Alameda County, California",3542,3379,3548,-163,169,6,-4.6,5,0.17,Alameda County
1400000US06001451601,"Census Tract 4516.01, Alameda County, California",5730,5314,5367,-416,53,-363,-7.26,1,-6.34,Alameda County
1400000US06001451602,"Census Tract 4516.02, Alameda County, California",7329,6967,6909,-362,-58,-420,-4.94,-0.83,-5.73,Alameda County
1400000US06001451701,"Census Tract 4517.01, Alameda County, California",3091,3088,2936,-3,-152,-155,-0.1,-4.92,-5.01,Alameda County
1400000US06001451703,"Census Tract 4517.03, Alameda County, California",4150,4005,3827,-145,-178,-323,-3.49,-4.44,-7.78,Alameda County
1400000US06001451704,"Census Tract 4517.04, Alameda County, California",4692,4282,4320,-410,38,-372,-8.74,0.89,-7.93,Alameda County
1400000US06001981900,"Census Tract 9819, Alameda County, California",47,18,25,-29,7,-22,-61.7,38.89,-46.81,Alameda County
1400000US06001982000,"Census Tract 9820, Alameda County, California",26,48,50,22,2,24,84.62,4.17,92.31,Alameda County
1400000US06001982100,"Census Tract 9821, Alameda County, California",1002,1020,923,18,-97,-79,1.8,-9.51,-7.88,Alameda County
1400000US06001983200,"Census Tract 9832, Alameda County, California",587,755,896,168,141,309,28.62,18.68,52.64,Alameda County
1400000US06001990000,"Census Tract 9900, Alameda County, California",0,0,0,0,0,0,#DIV/0!,#DIV/0!,#DIV/0!,Alameda County
1400000US06003010000,"Census Tract 100, Alpine County, California",1159,1344,1515,185,171,356,15.96,12.72,30.72,Alpine County
1400000US06005000101,"Census Tract 1.01, Amador County, California",3533,4088,4294,555,206,761,15.71,5.04,21.54,Amador County
1400000US06005000102,"Census Tract 1.02, Amador County, California",1713,2054,2160,341,106,447,19.91,5.16,26.09,Amador County
1400000US06005000201,"Census Tract 2.01, Amador County, California",2438,2576,2791,138,215,353,5.66,8.35,14.48,Amador County
1400000US06005000202,"Census Tract 2.02, Amador County, California",1623,1868,1868,245,0,245,15.1,0,15.1,Amador County
1400000US06005000301,"Census Tract 3.01, Amador County, California",5066,5152,4934,86,-218,-132,1.7,-4.23,-2.61,Amador County
1400000US06005000303,"Census Tract 3.03, Amador County, California",8605,6346,6471,-2259,125,-2134,-26.25,1.97,-24.8,Amador County
1400000US06005000304,"Census Tract 3.04, Amador County, California",4536,5186,5259,650,73,723,14.33,1.41,15.94,Amador County
1400000US06005000401,"Census Tract 4.01, Amador County, California",4314,4573,4570,259,-3,256,6,-0.07,5.93,Amador County
1400000US06005000402,"Census Tract 4.02, Amador County, California",4358,5058,4826,700,-232,468,16.06,-4.59,10.74,Amador County
1400000US06005000500,"Census Tract 5, Amador County, California",2837,3194,3404,357,210,567,12.58,6.57,19.99,Amador County
1400000US06007000102,"Census Tract 1.02, Butte County, California",4016,4286,4266,270,-20,250,6.72,-0.47,6.23,Butte County
1400000US06007000103,"Census Tract 1.03, Butte County, California",5567,6219,6322,652,103,755,11.71,1.66,13.56,Butte County
1400000US06007000104,"Census Tract 1.04, Butte County, California",5774,6012,5873,238,-139,99,4.12,-2.31,1.71,Butte County
1400000US06007000201,"Census Tract 2.01, Butte County, California",3843,4219,4140,376,-79,297,9.78,-1.87,7.73,Butte County
1400000US06007000202,"Census Tract 2.02, Butte County, California",3817,3938,3706,121,-232,-111,3.17,-5.89,-2.91,Butte County
1400000US06007000300,"Census Tract 3, Butte County, California",4618,4793,4785,175,-8,167,3.79,-0.17,3.62,Butte County
1400000US06007000401,"Census Tract 4.01, Butte County, California",4883,5429,5424,546,-5,541,11.18,-0.09,11.08,Butte County
1400000US06007000403,"Census Tract 4.03, Butte County, California",3324,3466,3528,142,62,204,4.27,1.79,6.14,Butte County
1400000US06007000404,"Census Tract 4.04, Butte County, California",3931,3832,3642,-99,-190,-289,-2.52,-4.96,-7.35,Butte County
1400000US06007000501,"Census Tract 5.01, Butte County, California",4564,4795,4684,231,-111,120,5.06,-2.31,2.63,Butte County
1400000US06007000502,"Census Tract 5.02, Butte County, California",4895,5384,5199,489,-185,304,9.99,-3.44,6.21,Butte County
1400000US06007000601,"Census Tract 6.01, Butte County, California",3599,3824,3556,225,-268,-43,6.25,-7.01,-1.19,Butte County
1400000US06007000603,"Census Tract 6.03, Butte County, California",3641,3777,3653,136,-124,12,3.74,-3.28,0.33,Butte County
1400000US06007000604,"Census Tract 6.04, Butte County, California",4498,4400,4519,-98,119,21,-2.18,2.7,0.47,Butte County
1400000US06007000700,"Census Tract 7, Butte County, California",4714,4946,4825,232,-121,111,4.92,-2.45,2.35,Butte County
1400000US06007000800,"Census Tract 8, Butte County, California",6097,6175,6161,78,-14,64,1.28,-0.23,1.05,Butte County
1400000US06007000901,"Census Tract 9.01, Butte County, California",3032,3010,2921,-22,-89,-111,-0.73,-2.96,-3.66,Butte County
1400000US06007000903,"Census Tract 9.03, Butte County, California",6531,6487,5977,-44,-510,-554,-0.67,-7.86,-8.48,Butte County
1400000US06007000904,"Census Tract 9.04, Butte County, California",7076,7192,7184,116,-8,108,1.64,-0.11,1.53,Butte County
1400000US06007001000,"Census Tract 10, Butte County, California",4356,4599,5825,243,1226,1469,5.58,26.66,33.72,Butte County
1400000US06007001100,"Census Tract 11, Butte County, California",4272,3803,3751,-469,-52,-521,-10.98,-1.37,-12.2,Butte County
1400000US06007001200,"Census Tract 12, Butte County, California",4034,4440,3821,406,-619,-213,10.06,-13.94,-5.28,Butte County
1400000US06007001300,"Census Tract 13, Butte County, California",3563,3555,3707,-8,152,144,-0.22,4.28,4.04,Butte County
1400000US06007001400,"Census Tract 14, Butte County, California",6182,6750,6593,568,-157,411,9.19,-2.33,6.65,Butte County
1400000US06007001500,"Census Tract 15, Butte County, California",6073,5871,6240,-202,369,167,-3.33,6.29,2.75,Butte County
1400000US06007001601,"Census Tract 16.01, Butte County, California",1699,1937,1910,238,-27,211,14.01,-1.39,12.42,Butte County
1400000US06007001602,"Census Tract 16.02, Butte County, California",3310,3187,3122,-123,-65,-188,-3.72,-2.04,-5.68,Butte County
1400000US06007001702,"Census Tract 17.02, Butte County, California",5101,4761,4450,-340,-311,-651,-6.67,-6.53,-12.76,Butte County
1400000US06007001703,"Census Tract 17.03, Butte County, California",2712,2202,1872,-510,-330,-840,-18.81,-14.99,-30.97,Butte County
1400000US06007001704,"Census Tract 17.04, Butte County, California",3967,4107,3744,140,-363,-223,3.53,-8.84,-5.62,Butte County
1400000US06007001800,"Census Tract 18, Butte County, California",3900,1901,1403,-1999,-498,-2497,-51.26,-26.2,-64.03,Butte County
1400000US06007001900,"Census Tract 19, Butte County, California",2070,941,1006,-1129,65,-1064,-54.54,6.91,-51.4,Butte County
1400000US06007002000,"Census Tract 20, Butte County, California",3939,1651,1391,-2288,-260,-2548,-58.09,-15.75,-64.69,Butte County
1400000US06007002100,"Census Tract 21, Butte County, California",3078,1483,1393,-1595,-90,-1685,-51.82,-6.07,-54.74,Butte County
1400000US06007002200,"Census Tract 22, Butte County, California",4331,2563,2109,-1768,-454,-2222,-40.82,-17.71,-51.3,Butte County
1400000US06007002300,"Census Tract 23, Butte County, California",3741,2215,1823,-1526,-392,-1918,-40.79,-17.7,-51.27,Butte County
1400000US06007002401,"Census Tract 24.01, Butte County, California",1115,1159,1016,44,-143,-99,3.95,-12.34,-8.88,Butte County
1400000US06007002402,"Census Tract 24.02, Butte County, California",3077,3140,2955,63,-185,-122,2.05,-5.89,-3.96,Butte County
1400000US06007002500,"Census Tract 25, Butte County, California",5896,6043,5535,147,-508,-361,2.49,-8.41,-6.12,Butte County
1400000US06007002601,"Census Tract 26.01, Butte County, California",2439,2273,2218,-166,-55,-221,-6.81,-2.42,-9.06,Butte County
1400000US06007002602,"Census Tract 26.02, Butte County, California",3961,4011,4261,50,250,300,1.26,6.23,7.57,Butte County
1400000US06007002700,"Census Tract 27, Butte County, California",5880,5905,5978,25,73,98,0.43,1.24,1.67,Butte County
1400000US06007002800,"Census Tract 28, Butte County, California",3978,4721,4918,743,197,940,18.68,4.17,23.63,Butte County
1400000US06007002900,"Census Tract 29, Butte County, California",2940,2989,2909,49,-80,-31,1.67,-2.68,-1.05,Butte County
1400000US06007003001,"Census Tract 30.01, Butte County, California",2467,2197,2388,-270,191,-79,-10.94,8.69,-3.2,Butte County
1400000US06007003002,"Census Tract 30.02, Butte County, California",2766,2643,2615,-123,-28,-151,-4.45,-1.06,-5.46,Butte County
1400000US06007003100,"Census Tract 31, Butte County, California",4719,4925,4902,206,-23,183,4.37,-0.47,3.88,Butte County
1400000US06007003200,"Census Tract 32, Butte County, California",3989,4109,4331,120,222,342,3.01,5.4,8.57,Butte County
1400000US06007003300,"Census Tract 33, Butte County, California",4184,4095,4259,-89,164,75,-2.13,4,1.79,Butte County
1400000US06007003400,"Census Tract 34, Butte County, California",3585,3525,3023,-60,-502,-562,-1.67,-14.24,-15.68,Butte County
1400000US06007003501,"Census Tract 35.01, Butte County, California",4356,4372,4383,16,11,27,0.37,0.25,0.62,Butte County
1400000US06007003502,"Census Tract 35.02, Butte County, California",4193,4321,4192,128,-129,-1,3.05,-2.99,-0.02,Butte County
1400000US06007003600,"Census Tract 36, Butte County, California",4218,4204,4286,-14,82,68,-0.33,1.95,1.61,Butte County
1400000US06007003700,"Census Tract 37, Butte County, California",4833,5102,4911,269,-191,78,5.57,-3.74,1.61,Butte County
1400000US06009000121,"Census Tract 1.21, Calaveras County, California",4500,4222,4326,-278,104,-174,-6.18,2.46,-3.87,Calaveras County
1400000US06009000122,"Census Tract 1.22, Calaveras County, California",3216,3196,3297,-20,101,81,-0.62,3.16,2.52,Calaveras County
1400000US06009000123,"Census Tract 1.23, Calaveras County, California",2680,2792,2940,112,148,260,4.18,5.3,9.7,Calaveras County
1400000US06009000124,"Census Tract 1.24, Calaveras County, California",2019,2078,2152,59,74,133,2.92,3.56,6.59,Calaveras County
1400000US06009000220,"Census Tract 2.20, Calaveras County, California",6471,6245,6271,-226,26,-200,-3.49,0.42,-3.09,Calaveras County
1400000US06009000221,"Census Tract 2.21, Calaveras County, California",6592,6836,6691,244,-145,99,3.7,-2.12,1.5,Calaveras County
1400000US06009000222,"Census Tract 2.22, Calaveras County, California",4528,3973,3669,-555,-304,-859,-12.26,-7.65,-18.97,Calaveras County
1400000US06009000301,"Census Tract 3.01, Calaveras County, California",4941,4438,4272,-503,-166,-669,-10.18,-3.74,-13.54,Calaveras County
1400000US06009000302,"Census Tract 3.02, Calaveras County, California",3131,3429,3121,298,-308,-10,9.52,-8.98,-0.32,Calaveras County
1400000US06009000400,"Census Tract 4, Calaveras County, California",3205,3669,4328,464,659,1123,14.48,17.96,35.04,Calaveras County
1400000US06009000501,"Census Tract 5.01, Calaveras County, California",2623,2513,2752,-110,239,129,-4.19,9.51,4.92,Calaveras County
1400000US06009000504,"Census Tract 5.04, Calaveras County, California",509,565,589,56,24,80,11,4.25,15.72,Calaveras County
1400000US06009000505,"Census Tract 5.05, Calaveras County, California",993,911,913,-82,2,-80,-8.26,0.22,-8.06,Calaveras County
1400000US06009000506,"Census Tract 5.06, Calaveras County, California",420,482,353,62,-129,-67,14.76,-26.76,-15.95,Calaveras County
1400000US06011000100,"Census Tract 1, Colusa County, California",5537,5347,5350,-190,3,-187,-3.43,0.06,-3.38,Colusa County
1400000US06011000200,"Census Tract 2, Colusa County, California",4914,5238,5206,324,-32,292,6.59,-0.61,5.94,Colusa County
1400000US06011000301,"Census Tract 3.01, Colusa County, California",3600,3994,4113,394,119,513,10.94,2.98,14.25,Colusa County
1400000US06011000302,"Census Tract 3.02, Colusa County, California",2454,2391,2405,-63,14,-49,-2.57,0.59,-2,Colusa County
1400000US06011000400,"Census Tract 4, Colusa County, California",2352,2112,2160,-240,48,-192,-10.2,2.27,-8.16,Colusa County
1400000US06011000500,"Census Tract 5, Colusa County, California",2634,2698,2577,64,-121,-57,2.43,-4.48,-2.16,Colusa County
1400000US06013301000,"Census Tract 3010, Contra Costa County, California",5265,5369,5329,104,-40,64,1.98,-0.75,1.22,Contra Costa County
1400000US06013302005,"Census Tract 3020.05, Contra Costa County, California",7454,7754,7539,300,-215,85,4.02,-2.77,1.14,Contra Costa County
1400000US06013302006,"Census Tract 3020.06, Contra Costa County, California",3783,3838,4183,55,345,400,1.45,8.99,10.57,Contra Costa County
1400000US06013302007,"Census Tract 3020.07, Contra Costa County, California",6582,6659,6652,77,-7,70,1.17,-0.11,1.06,Contra Costa County
1400000US06013302009,"Census Tract 3020.09, Contra Costa County, California",6834,7078,6806,244,-272,-28,3.57,-3.84,-0.41,Contra Costa County
1400000US06013302011,"Census Tract 3020.11, Contra Costa County, California",3803,4376,4915,573,539,1112,15.07,12.32,29.24,Contra Costa County
1400000US06013302012,"Census Tract 3020.12, Contra Costa County, California",5072,5470,5810,398,340,738,7.85,6.22,14.55,Contra Costa County
1400000US06013302013,"Census Tract 3020.13, Contra Costa County, California",3099,2956,2961,-143,5,-138,-4.61,0.17,-4.45,Contra Costa County
1400000US06013302014,"Census Tract 3020.14, Contra Costa County, California",7997,8406,7602,409,-804,-395,5.11,-9.56,-4.94,Contra Costa County
1400000US06013303104,"Census Tract 3031.04, Contra Costa County, California",6386,6056,6060,-330,4,-326,-5.17,0.07,-5.1,Contra Costa County
1400000US06013303105,"Census Tract 3031.05, Contra Costa County, California",2575,3390,3326,815,-64,751,31.65,-1.89,29.17,Contra Costa County
1400000US06013303106,"Census Tract 3031.06, Contra Costa County, California",7067,7447,8245,380,798,1178,5.38,10.72,16.67,Contra Costa County
1400000US06013303107,"Census Tract 3031.07, Contra Costa County, California",7022,7049,7260,27,211,238,0.38,2.99,3.39,Contra Costa County
1400000US06013303202,"Census Tract 3032.02, Contra Costa County, California",8126,8719,9146,593,427,1020,7.3,4.9,12.55,Contra Costa County
1400000US06013303204,"Census Tract 3032.04, Contra Costa County, California",4762,4695,4735,-67,40,-27,-1.41,0.85,-0.57,Contra Costa County
1400000US06013303206,"Census Tract 3032.06, Contra Costa County, California",5911,5422,5452,-489,30,-459,-8.27,0.55,-7.77,Contra Costa County
1400000US06013303207,"Census Tract 3032.07, Contra Costa County, California",7113,7846,8270,733,424,1157,10.31,5.4,16.27,Contra Costa County
1400000US06013303208,"Census Tract 3032.08, Contra Costa County, California",4310,4049,4060,-261,11,-250,-6.06,0.27,-5.8,Contra Costa County
1400000US06013303209,"Census Tract 3032.09, Contra Costa County, California",5953,5483,5340,-470,-143,-613,-7.9,-2.61,-10.3,Contra Costa County
1400000US06013303210,"Census Tract 3032.10, Contra Costa County, California",3706,3634,3598,-72,-36,-108,-1.94,-0.99,-2.91,Contra Costa County
1400000US06013303211,"Census Tract 3032.11, Contra Costa County, California",4761,4706,4679,-55,-27,-82,-1.16,-0.57,-1.72,Contra Costa County
1400000US06013304001,"Census Tract 3040.01, Contra Costa County, California",5340,5537,5895,197,358,555,3.69,6.47,10.39,Contra Costa County
1400000US06013304002,"Census Tract 3040.02, Contra Costa County, California",2170,2243,1997,73,-246,-173,3.36,-10.97,-7.97,Contra Costa County
1400000US06013304003,"Census Tract 3040.03, Contra Costa County, California",3429,3217,3279,-212,62,-150,-6.18,1.93,-4.37,Contra Costa County
1400000US06013304004,"Census Tract 3040.04, Contra Costa County, California",3906,3908,3634,2,-274,-272,0.05,-7.01,-6.96,Contra Costa County
1400000US06013304006,"Census Tract 3040.06, Contra Costa County, California",3064,3318,3292,254,-26,228,8.29,-0.78,7.44,Contra Costa County
1400000US06013304007,"Census Tract 3040.07, Contra Costa County, California",5706,5579,5509,-127,-70,-197,-2.23,-1.25,-3.45,Contra Costa County
1400000US06013305000,"Census Tract 3050, Contra Costa County, California",6078,6818,7425,740,607,1347,12.18,8.9,22.16,Contra Costa County
1400000US06013306002,"Census Tract 3060.02, Contra Costa County, California",4594,4435,4439,-159,4,-155,-3.46,0.09,-3.37,Contra Costa County
1400000US06013306003,"Census Tract 3060.03, Contra Costa County, California",5073,5101,5166,28,65,93,0.55,1.27,1.83,Contra Costa County
1400000US06013306004,"Census Tract 3060.04, Contra Costa County, California",3359,3636,3863,277,227,504,8.25,6.24,15,Contra Costa County
1400000US06013307101,"Census Tract 3071.01, Contra Costa County, California",4485,4719,4696,234,-23,211,5.22,-0.49,4.7,Contra Costa County
1400000US06013307102,"Census Tract 3071.02, Contra Costa County, California",5850,5681,5694,-169,13,-156,-2.89,0.23,-2.67,Contra Costa County
1400000US06013307201,"Census Tract 3072.01, Contra Costa County, California",4234,4334,4224,100,-110,-10,2.36,-2.54,-0.24,Contra Costa County
1400000US06013307202,"Census Tract 3072.02, Contra Costa County, California",4443,4531,4481,88,-50,38,1.98,-1.1,0.86,Contra Costa County
1400000US06013307204,"Census Tract 3072.04, Contra Costa County, California",4306,4427,4567,121,140,261,2.81,3.16,6.06,Contra Costa County
1400000US06013307205,"Census Tract 3072.05, Contra Costa County, California",8047,8483,7818,436,-665,-229,5.42,-7.84,-2.85,Contra Costa County
1400000US06013308001,"Census Tract 3080.01, Contra Costa County, California",7951,7757,7523,-194,-234,-428,-2.44,-3.02,-5.38,Contra Costa County
1400000US06013308002,"Census Tract 3080.02, Contra Costa County, California",3992,4287,4486,295,199,494,7.39,4.64,12.37,Contra Costa County
1400000US06013309000,"Census Tract 3090, Contra Costa County, California",3541,3511,3600,-30,89,59,-0.85,2.53,1.67,Contra Costa County
1400000US06013310000,"Census Tract 3100, Contra Costa County, California",6096,6357,6257,261,-100,161,4.28,-1.57,2.64,Contra Costa County
1400000US06013311000,"Census Tract 3110, Contra Costa County, California",5142,5001,5392,-141,391,250,-2.74,7.82,4.86,Contra Costa County
1400000US06013312000,"Census Tract 3120, Contra Costa County, California",2398,2692,2818,294,126,420,12.26,4.68,17.51,Contra Costa County
1400000US06013313102,"Census Tract 3131.02, Contra Costa County, California",4367,4754,4796,387,42,429,8.86,0.88,9.82,Contra Costa County
1400000US06013313104,"Census Tract 3131.04, Contra Costa County, California",2740,2889,2909,149,20,169,5.44,0.69,6.17,Contra Costa County
1400000US06013313105,"Census Tract 3131.05, Contra Costa County, California",4701,5473,6007,772,534,1306,16.42,9.76,27.78,Contra Costa County
1400000US06013313106,"Census Tract 3131.06, Contra Costa County, California",6689,7344,7094,655,-250,405,9.79,-3.4,6.05,Contra Costa County
1400000US06013313107,"Census Tract 3131.07, Contra Costa County, California",2656,2948,2718,292,-230,62,10.99,-7.8,2.33,Contra Costa County
1400000US06013313203,"Census Tract 3132.03, Contra Costa County, California",3366,3493,3382,127,-111,16,3.77,-3.18,0.48,Contra Costa County
1400000US06013313204,"Census Tract 3132.04, Contra Costa County, California",5616,5880,5864,264,-16,248,4.7,-0.27,4.42,Contra Costa County
1400000US06013313205,"Census Tract 3132.05, Contra Costa County, California",1839,1980,1978,141,-2,139,7.67,-0.1,7.56,Contra Costa County
1400000US06013313206,"Census Tract 3132.06, Contra Costa County, California",6271,6496,6290,225,-206,19,3.59,-3.17,0.3,Contra Costa County
1400000US06013314102,"Census Tract 3141.02, Contra Costa County, California",6631,6798,6912,167,114,281,2.52,1.68,4.24,Contra Costa County
1400000US06013314103,"Census Tract 3141.03, Contra Costa County, California",5167,5700,5554,533,-146,387,10.32,-2.56,7.49,Contra Costa County
1400000US06013314105,"Census Tract 3141.05, Contra Costa County, California",4921,4656,3958,-265,-698,-963,-5.39,-14.99,-19.57,Contra Costa County
1400000US06013314106,"Census Tract 3141.06, Contra Costa County, California",4691,4159,4176,-532,17,-515,-11.34,0.41,-10.98,Contra Costa County
1400000US06013314200,"Census Tract 3142, Contra Costa County, California",7565,7424,7185,-141,-239,-380,-1.86,-3.22,-5.02,Contra Costa County
1400000US06013315000,"Census Tract 3150, Contra Costa County, California",3570,3490,3772,-80,282,202,-2.24,8.08,5.66,Contra Costa County
1400000US06013316000,"Census Tract 3160, Contra Costa County, California",1084,1062,1112,-22,50,28,-2.03,4.71,2.58,Contra Costa County
1400000US06013317000,"Census Tract 3170, Contra Costa County, California",2031,1811,1934,-220,123,-97,-10.83,6.79,-4.78,Contra Costa County
1400000US06013318000,"Census Tract 3180, Contra Costa County, California",3629,3563,3512,-66,-51,-117,-1.82,-1.43,-3.22,Contra Costa County
1400000US06013319001,"Census Tract 3190.01, Contra Costa County, California",4433,4364,4236,-69,-128,-197,-1.56,-2.93,-4.44,Contra Costa County
1400000US06013319002,"Census Tract 3190.02, Contra Costa County, California",3847,3747,3943,-100,196,96,-2.6,5.23,2.5,Contra Costa County
1400000US06013320001,"Census Tract 3200.01, Contra Costa County, California",2999,3227,3100,228,-127,101,7.6,-3.94,3.37,Contra Costa County
1400000US06013320003,"Census Tract 3200.03, Contra Costa County, California",2982,3016,3068,34,52,86,1.14,1.72,2.88,Contra Costa County
1400000US06013320004,"Census Tract 3200.04, Contra Costa County, California",6580,6487,6599,-93,112,19,-1.41,1.73,0.29,Contra Costa County
1400000US06013321101,"Census Tract 3211.01, Contra Costa County, California",7100,6737,6866,-363,129,-234,-5.11,1.91,-3.3,Contra Costa County
1400000US06013321102,"Census Tract 3211.02, Contra Costa County, California",6548,6165,6133,-383,-32,-415,-5.85,-0.52,-6.34,Contra Costa County
1400000US06013321103,"Census Tract 3211.03, Contra Costa County, California",4728,4640,4546,-88,-94,-182,-1.86,-2.03,-3.85,Contra Costa County
1400000US06013321200,"Census Tract 3212, Contra Costa County, California",5577,5510,5616,-67,106,39,-1.2,1.92,0.7,Contra Costa County
1400000US06013322000,"Census Tract 3220, Contra Costa County, California",6746,6781,6755,35,-26,9,0.52,-0.38,0.13,Contra Costa County
1400000US06013323000,"Census Tract 3230, Contra Costa County, California",4470,4532,4669,62,137,199,1.39,3.02,4.45,Contra Costa County
1400000US06013324002,"Census Tract 3240.02, Contra Costa County, California",4922,4969,4740,47,-229,-182,0.95,-4.61,-3.7,Contra Costa County
1400000US06013324003,"Census Tract 3240.03, Contra Costa County, California",3029,3288,3449,259,161,420,8.55,4.9,13.87,Contra Costa County
1400000US06013324004,"Census Tract 3240.04, Contra Costa County, California",2468,2470,2413,2,-57,-55,0.08,-2.31,-2.23,Contra Costa County
1400000US06013325000,"Census Tract 3250, Contra Costa County, California",6619,6307,6161,-312,-146,-458,-4.71,-2.31,-6.92,Contra Costa County
1400000US06013326000,"Census Tract 3260, Contra Costa County, California",3663,3695,3639,32,-56,-24,0.87,-1.52,-0.66,Contra Costa County
1400000US06013327001,"Census Tract 3270.01, Contra Costa County, California",3445,3547,3479,102,-68,34,2.96,-1.92,0.99,Contra Costa County
1400000US06013327002,"Census Tract 3270.02, Contra Costa County, California",3664,3631,3833,-33,202,169,-0.9,5.56,4.61,Contra Costa County
1400000US06013328000,"Census Tract 3280, Contra Costa County, California",2275,2118,2326,-157,208,51,-6.9,9.82,2.24,Contra Costa County
1400000US06013329000,"Census Tract 3290, Contra Costa County, California",6497,6471,6488,-26,17,-9,-0.4,0.26,-0.14,Contra Costa County
1400000US06013330000,"Census Tract 3300, Contra Costa County, California",5679,5732,5587,53,-145,-92,0.93,-2.53,-1.62,Contra Costa County
1400000US06013331000,"Census Tract 3310, Contra Costa County, California",7229,7805,7789,576,-16,560,7.97,-0.2,7.75,Contra Costa County
1400000US06013332000,"Census Tract 3320, Contra Costa County, California",8888,8405,8109,-483,-296,-779,-5.43,-3.52,-8.76,Contra Costa County
1400000US06013333101,"Census Tract 3331.01, Contra Costa County, California",4207,4019,3951,-188,-68,-256,-4.47,-1.69,-6.09,Contra Costa County
1400000US06013333102,"Census Tract 3331.02, Contra Costa County, California",4314,4143,4251,-171,108,-63,-3.96,2.61,-1.46,Contra Costa County
1400000US06013333200,"Census Tract 3332, Contra Costa County, California",6108,6006,5866,-102,-140,-242,-1.67,-2.33,-3.96,Contra Costa County
1400000US06013334001,"Census Tract 3340.01, Contra Costa County, California",4128,4167,3960,39,-207,-168,0.94,-4.97,-4.07,Contra Costa County
1400000US06013334006,"Census Tract 3340.06, Contra Costa County, California",4521,4655,4731,134,76,210,2.96,1.63,4.64,Contra Costa County
1400000US06013334007,"Census Tract 3340.07, Contra Costa County, California",3717,3416,3435,-301,19,-282,-8.1,0.56,-7.59,Contra Costa County
1400000US06013334008,"Census Tract 3340.08, Contra Costa County, California",4167,4153,3793,-14,-360,-374,-0.34,-8.67,-8.98,Contra Costa County
1400000US06013334200,"Census Tract 3342, Contra Costa County, California",7508,7501,7547,-7,46,39,-0.09,0.61,0.52,Contra Costa County
1400000US06013335000,"Census Tract 3350, Contra Costa County, California",3544,3374,3612,-170,238,68,-4.8,7.05,1.92,Contra Costa County
1400000US06013336101,"Census Tract 3361.01, Contra Costa County, California",4996,4132,4438,-864,306,-558,-17.29,7.41,-11.17,Contra Costa County
1400000US06013336103,"Census Tract 3361.03, Contra Costa County, California",4779,4914,4862,135,-52,83,2.82,-1.06,1.74,Contra Costa County
1400000US06013336104,"Census Tract 3361.04, Contra Costa County, California",3122,2514,2539,-608,25,-583,-19.47,0.99,-18.67,Contra Costa County
1400000US06013336201,"Census Tract 3362.01, Contra Costa County, California",3867,3556,3376,-311,-180,-491,-8.04,-5.06,-12.7,Contra Costa County
1400000US06013336202,"Census Tract 3362.02, Contra Costa County, California",6222,5898,6012,-324,114,-210,-5.21,1.93,-3.38,Contra Costa County
1400000US06013337100,"Census Tract 3371, Contra Costa County, California",3237,3147,3160,-90,13,-77,-2.78,0.41,-2.38,Contra Costa County
1400000US06013337201,"Census Tract 3372.01, Contra Costa County, California",2887,3156,3139,269,-17,252,9.32,-0.54,8.73,Contra Costa County
1400000US06013337202,"Census Tract 3372.02, Contra Costa County, California",5312,5376,5515,64,139,203,1.2,2.59,3.82,Contra Costa County
1400000US06013337300,"Census Tract 3373, Contra Costa County, California",6006,6000,5994,-6,-6,-12,-0.1,-0.1,-0.2,Contra Costa County
1400000US06013338101,"Census Tract 3381.01, Contra Costa County, California",5908,5698,5543,-210,-155,-365,-3.55,-2.72,-6.18,Contra Costa County
1400000US06013338102,"Census Tract 3381.02, Contra Costa County, California",3457,3094,3231,-363,137,-226,-10.5,4.43,-6.54,Contra Costa County
1400000US06013338201,"Census Tract 3382.01, Contra Costa County, California",4095,4184,4019,89,-165,-76,2.17,-3.94,-1.86,Contra Costa County
1400000US06013338203,"Census Tract 3382.03, Contra Costa County, California",5675,5586,5431,-89,-155,-244,-1.57,-2.77,-4.3,Contra Costa County
1400000US06013338204,"Census Tract 3382.04, Contra Costa County, California",7110,6894,6600,-216,-294,-510,-3.04,-4.26,-7.17,Contra Costa County
1400000US06013338301,"Census Tract 3383.01, Contra Costa County, California",2853,3058,2910,205,-148,57,7.19,-4.84,2,Contra Costa County
1400000US06013338302,"Census Tract 3383.02, Contra Costa County, California",5645,5521,5513,-124,-8,-132,-2.2,-0.14,-2.34,Contra Costa County
1400000US06013339001,"Census Tract 3390.01, Contra Costa County, California",3812,3791,3659,-21,-132,-153,-0.55,-3.48,-4.01,Contra Costa County
1400000US06013339003,"Census Tract 3390.03, Contra Costa County, California",3802,4009,4153,207,144,351,5.44,3.59,9.23,Contra Costa County
1400000US06013339004,"Census Tract 3390.04, Contra Costa County, California",3263,3287,3319,24,32,56,0.74,0.97,1.72,Contra Costa County
1400000US06013340001,"Census Tract 3400.01, Contra Costa County, California",6205,6044,6118,-161,74,-87,-2.59,1.22,-1.4,Contra Costa County
1400000US06013340003,"Census Tract 3400.03, Contra Costa County, California",3603,3690,3718,87,28,115,2.41,0.76,3.19,Contra Costa County
1400000US06013340004,"Census Tract 3400.04, Contra Costa County, California",4087,4090,3940,3,-150,-147,0.07,-3.67,-3.6,Contra Costa County
1400000US06013341000,"Census Tract 3410, Contra Costa County, California",5056,4939,4760,-117,-179,-296,-2.31,-3.62,-5.85,Contra Costa County
1400000US06013343001,"Census Tract 3430.01, Contra Costa County, California",5585,5747,5940,162,193,355,2.9,3.36,6.36,Contra Costa County
1400000US06013343002,"Census Tract 3430.02, Contra Costa County, California",4236,4484,4658,248,174,422,5.85,3.88,9.96,Contra Costa County
1400000US06013343003,"Census Tract 3430.03, Contra Costa County, California",3605,3691,3847,86,156,242,2.39,4.23,6.71,Contra Costa County
1400000US06013345101,"Census Tract 3451.01, Contra Costa County, California",6556,6900,6622,344,-278,66,5.25,-4.03,1.01,Contra Costa County
1400000US06013345102,"Census Tract 3451.02, Contra Costa County, California",4105,4498,4533,393,35,428,9.57,0.78,10.43,Contra Costa County
1400000US06013345103,"Census Tract 3451.03, Contra Costa County, California",5363,5450,5286,87,-164,-77,1.62,-3.01,-1.44,Contra Costa County
1400000US06013345105,"Census Tract 3451.05, Contra Costa County, California",6436,6180,6233,-256,53,-203,-3.98,0.86,-3.15,Contra Costa County
1400000US06013345111,"Census Tract 3451.11, Contra Costa County, California",5684,5875,5850,191,-25,166,3.36,-0.43,2.92,Contra Costa County
1400000US06013345112,"Census Tract 3451.12, Contra Costa County, California",6478,7142,7723,664,581,1245,10.25,8.13,19.22,Contra Costa County
1400000US06013345113,"Census Tract 3451.13, Contra Costa County, California",4993,5060,4767,67,-293,-226,1.34,-5.79,-4.53,Contra Costa County
1400000US06013345114,"Census Tract 3451.14, Contra Costa County, California",6589,6748,6571,159,-177,-18,2.41,-2.62,-0.27,Contra Costa County
1400000US06013345115,"Census Tract 3451.15, Contra Costa County, California",6628,6650,6758,22,108,130,0.33,1.62,1.96,Contra Costa County
1400000US06013345116,"Census Tract 3451.16, Contra Costa County, California",2863,2828,2961,-35,133,98,-1.22,4.7,3.42,Contra Costa County
1400000US06013345117,"Census Tract 3451.17, Contra Costa County, California",4455,4560,4652,105,92,197,2.36,2.02,4.42,Contra Costa County
1400000US06013345118,"Census Tract 3451.18, Contra Costa County, California",3464,3527,3525,63,-2,61,1.82,-0.06,1.76,Contra Costa County
1400000US06013345203,"Census Tract 3452.03, Contra Costa County, California",7173,6774,6954,-399,180,-219,-5.56,2.66,-3.05,Contra Costa County
1400000US06013345204,"Census Tract 3452.04, Contra Costa County, California",3299,3136,3152,-163,16,-147,-4.94,0.51,-4.46,Contra Costa County
1400000US06013345205,"Census Tract 3452.05, Contra Costa County, California",5178,5493,5779,315,286,601,6.08,5.21,11.61,Contra Costa County
1400000US06013345206,"Census Tract 3452.06, Contra Costa County, California",3561,3692,3622,131,-70,61,3.68,-1.9,1.71,Contra Costa County
1400000US06013346101,"Census Tract 3461.01, Contra Costa County, California",3256,3375,3364,119,-11,108,3.65,-0.33,3.32,Contra Costa County
1400000US06013346102,"Census Tract 3461.02, Contra Costa County, California",5415,5210,5396,-205,186,-19,-3.79,3.57,-0.35,Contra Costa County
1400000US06013346203,"Census Tract 3462.03, Contra Costa County, California",4169,4077,4033,-92,-44,-136,-2.21,-1.08,-3.26,Contra Costa County
1400000US06013346204,"Census Tract 3462.04, Contra Costa County, California",8146,7874,7894,-272,20,-252,-3.34,0.25,-3.09,Contra Costa County
1400000US06013346205,"Census Tract 3462.05, Contra Costa County, California",3685,3787,4325,102,538,640,2.77,14.21,17.37,Contra Costa County
1400000US06013346206,"Census Tract 3462.06, Contra Costa County, California",3227,3276,3216,49,-60,-11,1.52,-1.83,-0.34,Contra Costa County
1400000US06013347000,"Census Tract 3470, Contra Costa County, California",6351,6642,6724,291,82,373,4.58,1.23,5.87,Contra Costa County
1400000US06013348000,"Census Tract 3480, Contra Costa County, California",5018,4643,4819,-375,176,-199,-7.47,3.79,-3.97,Contra Costa County
1400000US06013349000,"Census Tract 3490, Contra Costa County, California",5293,5803,5815,510,12,522,9.64,0.21,9.86,Contra Costa County
1400000US06013350000,"Census Tract 3500, Contra Costa County, California",6290,6104,6150,-186,46,-140,-2.96,0.75,-2.23,Contra Costa County
1400000US06013351101,"Census Tract 3511.01, Contra Costa County, California",2711,2693,2737,-18,44,26,-0.66,1.63,0.96,Contra Costa County
1400000US06013351103,"Census Tract 3511.03, Contra Costa County, California",1973,1924,1929,-49,5,-44,-2.48,0.26,-2.23,Contra Costa County
1400000US06013351104,"Census Tract 3511.04, Contra Costa County, California",1762,1704,1667,-58,-37,-95,-3.29,-2.17,-5.39,Contra Costa County
1400000US06013351105,"Census Tract 3511.05, Contra Costa County, California",1944,1856,1814,-88,-42,-130,-4.53,-2.26,-6.69,Contra Costa County
1400000US06013351200,"Census Tract 3512, Contra Costa County, California",5846,5546,5525,-300,-21,-321,-5.13,-0.38,-5.49,Contra Costa County
1400000US06013352101,"Census Tract 3521.01, Contra Costa County, California",3624,3684,3628,60,-56,4,1.66,-1.52,0.11,Contra Costa County
1400000US06013352102,"Census Tract 3521.02, Contra Costa County, California",5203,5199,5187,-4,-12,-16,-0.08,-0.23,-0.31,Contra Costa County
1400000US06013352201,"Census Tract 3522.01, Contra Costa County, California",6452,6044,6070,-408,26,-382,-6.32,0.43,-5.92,Contra Costa County
1400000US06013352202,"Census Tract 3522.02, Contra Costa County, California",2750,2598,2674,-152,76,-76,-5.53,2.93,-2.76,Contra Costa County
1400000US06013353001,"Census Tract 3530.01, Contra Costa County, California",4132,4260,4420,128,160,288,3.1,3.76,6.97,Contra Costa County
1400000US06013353002,"Census Tract 3530.02, Contra Costa County, California",4259,4217,4182,-42,-35,-77,-0.99,-0.83,-1.81,Contra Costa County
1400000US06013354001,"Census Tract 3540.01, Contra Costa County, California",2263,2332,2396,69,64,133,3.05,2.74,5.88,Contra Costa County
1400000US06013354002,"Census Tract 3540.02, Contra Costa County, California",7143,7298,6943,155,-355,-200,2.17,-4.86,-2.8,Contra Costa County
1400000US06013355107,"Census Tract 3551.07, Contra Costa County, California",5537,5856,5607,319,-249,70,5.76,-4.25,1.26,Contra Costa County
1400000US06013355109,"Census Tract 3551.09, Contra Costa County, California",7653,7746,7471,93,-275,-182,1.22,-3.55,-2.38,Contra Costa County
1400000US06013355110,"Census Tract 3551.10, Contra Costa County, California",4255,4342,4112,87,-230,-143,2.04,-5.3,-3.36,Contra Costa County
1400000US06013355111,"Census Tract 3551.11, Contra Costa County, California",6354,6331,6569,-23,238,215,-0.36,3.76,3.38,Contra Costa County
1400000US06013355112,"Census Tract 3551.12, Contra Costa County, California",5656,5891,5800,235,-91,144,4.15,-1.54,2.55,Contra Costa County
1400000US06013355113,"Census Tract 3551.13, Contra Costa County, California",5307,5468,5423,161,-45,116,3.03,-0.82,2.19,Contra Costa County
1400000US06013355115,"Census Tract 3551.15, Contra Costa County, California",9033,9948,10013,915,65,980,10.13,0.65,10.85,Contra Costa County
1400000US06013355118,"Census Tract 3551.18, Contra Costa County, California",4041,3736,3769,-305,33,-272,-7.55,0.88,-6.73,Contra Costa County
1400000US06013355119,"Census Tract 3551.19, Contra Costa County, California",4378,4793,5288,415,495,910,9.48,10.33,20.79,Contra Costa County
1400000US06013355120,"Census Tract 3551.20, Contra Costa County, California",4166,3861,4036,-305,175,-130,-7.32,4.53,-3.12,Contra Costa County
1400000US06013355121,"Census Tract 3551.21, Contra Costa County, California",6594,6559,6409,-35,-150,-185,-0.53,-2.29,-2.81,Contra Costa County
1400000US06013355122,"Census Tract 3551.22, Contra Costa County, California",5539,5634,5559,95,-75,20,1.72,-1.33,0.36,Contra Costa County
1400000US06013355123,"Census Tract 3551.23, Contra Costa County, California",3386,3514,3333,128,-181,-53,3.78,-5.15,-1.57,Contra Costa County
1400000US06013355124,"Census Tract 3551.24, Contra Costa County, California",4859,4732,4601,-127,-131,-258,-2.61,-2.77,-5.31,Contra Costa County
1400000US06013355125,"Census Tract 3551.25, Contra Costa County, California",4026,4173,4096,147,-77,70,3.65,-1.85,1.74,Contra Costa County
1400000US06013355126,"Census Tract 3551.26, Contra Costa County, California",5338,5605,5773,267,168,435,5,3,8.15,Contra Costa County
1400000US06013355201,"Census Tract 3552.01, Contra Costa County, California",8094,8037,8114,-57,77,20,-0.7,0.96,0.25,Contra Costa County
1400000US06013355202,"Census Tract 3552.02, Contra Costa County, California",2872,3387,3981,515,594,1109,17.93,17.54,38.61,Contra Costa County
1400000US06013355302,"Census Tract 3553.02, Contra Costa County, California",3457,3425,3454,-32,29,-3,-0.93,0.85,-0.09,Contra Costa County
1400000US06013355306,"Census Tract 3553.06, Contra Costa County, California",4743,4594,4550,-149,-44,-193,-3.14,-0.96,-4.07,Contra Costa County
1400000US06013355307,"Census Tract 3553.07, Contra Costa County, California",5013,4735,4397,-278,-338,-616,-5.55,-7.14,-12.29,Contra Costa County
1400000US06013355308,"Census Tract 3553.08, Contra Costa County, California",3836,3621,3570,-215,-51,-266,-5.6,-1.41,-6.93,Contra Costa County
1400000US06013355309,"Census Tract 3553.09, Contra Costa County, California",5392,5245,5150,-147,-95,-242,-2.73,-1.81,-4.49,Contra Costa County
1400000US06013355310,"Census Tract 3553.10, Contra Costa County, California",2938,3143,3070,205,-73,132,6.98,-2.32,4.49,Contra Costa County
1400000US06013356001,"Census Tract 3560.01, Contra Costa County, California",4122,3972,4025,-150,53,-97,-3.64,1.33,-2.35,Contra Costa County
1400000US06013356002,"Census Tract 3560.02, Contra Costa County, California",5778,6057,5688,279,-369,-90,4.83,-6.09,-1.56,Contra Costa County
1400000US06013357000,"Census Tract 3570, Contra Costa County, California",3320,3529,3458,209,-71,138,6.3,-2.01,4.16,Contra Costa County
1400000US06013358000,"Census Tract 3580, Contra Costa County, California",6127,5804,5859,-323,55,-268,-5.27,0.95,-4.37,Contra Costa County
1400000US06013359102,"Census Tract 3591.02, Contra Costa County, California",5046,4927,5061,-119,134,15,-2.36,2.72,0.3,Contra Costa County
1400000US06013359103,"Census Tract 3591.03, Contra Costa County, California",5444,5309,5435,-135,126,-9,-2.48,2.37,-0.17,Contra Costa County
1400000US06013359104,"Census Tract 3591.04, Contra Costa County, California",2673,2594,2537,-79,-57,-136,-2.96,-2.2,-5.09,Contra Costa County
1400000US06013359105,"Census Tract 3591.05, Contra Costa County, California",4877,4746,4927,-131,181,50,-2.69,3.81,1.03,Contra Costa County
1400000US06013359202,"Census Tract 3592.02, Contra Costa County, California",6926,6748,6819,-178,71,-107,-2.57,1.05,-1.54,Contra Costa County
1400000US06013359203,"Census Tract 3592.03, Contra Costa County, California",6826,6947,7200,121,253,374,1.77,3.64,5.48,Contra Costa County
1400000US06013359204,"Census Tract 3592.04, Contra Costa County, California",4890,4702,4340,-188,-362,-550,-3.84,-7.7,-11.25,Contra Costa County
1400000US06013360101,"Census Tract 3601.01, Contra Costa County, California",3909,4284,4224,375,-60,315,9.59,-1.4,8.06,Contra Costa County
1400000US06013360102,"Census Tract 3601.02, Contra Costa County, California",4601,4932,5030,331,98,429,7.19,1.99,9.32,Contra Costa County
1400000US06013360200,"Census Tract 3602, Contra Costa County, California",5206,5436,5482,230,46,276,4.42,0.85,5.3,Contra Costa County
1400000US06013361000,"Census Tract 3610, Contra Costa County, California",4861,5050,4973,189,-77,112,3.89,-1.52,2.3,Contra Costa County
1400000US06013362000,"Census Tract 3620, Contra Costa County, California",2812,2904,2832,92,-72,20,3.27,-2.48,0.71,Contra Costa County
1400000US06013363000,"Census Tract 3630, Contra Costa County, California",7445,7573,7793,128,220,348,1.72,2.91,4.67,Contra Costa County
1400000US06013364002,"Census Tract 3640.02, Contra Costa County, California",5479,5588,5426,109,-162,-53,1.99,-2.9,-0.97,Contra Costa County
1400000US06013365002,"Census Tract 3650.02, Contra Costa County, California",5422,5313,5171,-109,-142,-251,-2.01,-2.67,-4.63,Contra Costa County
1400000US06013365003,"Census Tract 3650.03, Contra Costa County, California",5282,5466,5416,184,-50,134,3.48,-0.91,2.54,Contra Costa County
1400000US06013366001,"Census Tract 3660.01, Contra Costa County, California",4645,4662,4690,17,28,45,0.37,0.6,0.97,Contra Costa County
1400000US06013366002,"Census Tract 3660.02, Contra Costa County, California",6565,6575,6876,10,301,311,0.15,4.58,4.74,Contra Costa County
1400000US06013367100,"Census Tract 3671, Contra Costa County, California",5520,5675,5773,155,98,253,2.81,1.73,4.58,Contra Costa County
1400000US06013367200,"Census Tract 3672, Contra Costa County, California",6102,6210,5869,108,-341,-233,1.77,-5.49,-3.82,Contra Costa County
1400000US06013368001,"Census Tract 3680.01, Contra Costa County, California",4636,4969,5013,333,44,377,7.18,0.89,8.13,Contra Costa County
1400000US06013368002,"Census Tract 3680.02, Contra Costa County, California",3979,3954,4102,-25,148,123,-0.63,3.74,3.09,Contra Costa County
1400000US06013369001,"Census Tract 3690.01, Contra Costa County, California",7241,7383,7347,142,-36,106,1.96,-0.49,1.46,Contra Costa County
1400000US06013369002,"Census Tract 3690.02, Contra Costa County, California",2808,2826,2728,18,-98,-80,0.64,-3.47,-2.85,Contra Costa County
1400000US06013370000,"Census Tract 3700, Contra Costa County, California",2728,2999,2960,271,-39,232,9.93,-1.3,8.5,Contra Costa County
1400000US06013371000,"Census Tract 3710, Contra Costa County, California",5927,5816,5776,-111,-40,-151,-1.87,-0.69,-2.55,Contra Costa County
1400000US06013372000,"Census Tract 3720, Contra Costa County, California",7551,7959,7610,408,-349,59,5.4,-4.38,0.78,Contra Costa County
1400000US06013373000,"Census Tract 3730, Contra Costa County, California",4507,4500,4386,-7,-114,-121,-0.16,-2.53,-2.68,Contra Costa County
1400000US06013374000,"Census Tract 3740, Contra Costa County, California",4791,5031,4687,240,-344,-104,5.01,-6.84,-2.17,Contra Costa County
1400000US06013375000,"Census Tract 3750, Contra Costa County, California",4874,5146,5271,272,125,397,5.58,2.43,8.15,Contra Costa County
1400000US06013376000,"Census Tract 3760, Contra Costa County, California",6354,6929,6712,575,-217,358,9.05,-3.13,5.63,Contra Costa County
1400000US06013377000,"Census Tract 3770, Contra Costa County, California",7407,8097,7826,690,-271,419,9.32,-3.35,5.66,Contra Costa County
1400000US06013378000,"Census Tract 3780, Contra Costa County, California",3412,3738,3887,326,149,475,9.55,3.99,13.92,Contra Costa County
1400000US06013379000,"Census Tract 3790, Contra Costa County, California",7128,7649,8383,521,734,1255,7.31,9.6,17.61,Contra Costa County
1400000US06013380001,"Census Tract 3800.01, Contra Costa County, California",2699,2853,2896,154,43,197,5.71,1.51,7.3,Contra Costa County
1400000US06013380002,"Census Tract 3800.02, Contra Costa County, California",3325,3688,3470,363,-218,145,10.92,-5.91,4.36,Contra Costa County
1400000US06013381000,"Census Tract 3810, Contra Costa County, California",6848,6688,6703,-160,15,-145,-2.34,0.22,-2.12,Contra Costa County
1400000US06013382000,"Census Tract 3820, Contra Costa County, California",7736,7890,8477,154,587,741,1.99,7.44,9.58,Contra Costa County
1400000US06013383000,"Census Tract 3830, Contra Costa County, California",5130,5607,5848,477,241,718,9.3,4.3,14,Contra Costa County
1400000US06013384000,"Census Tract 3840, Contra Costa County, California",3823,3829,3826,6,-3,3,0.16,-0.08,0.08,Contra Costa County
1400000US06013385100,"Census Tract 3851, Contra Costa County, California",3026,3110,3100,84,-10,74,2.78,-0.32,2.45,Contra Costa County
1400000US06013385200,"Census Tract 3852, Contra Costa County, California",1273,1374,1413,101,39,140,7.93,2.84,11,Contra Costa County
1400000US06013386000,"Census Tract 3860, Contra Costa County, California",3669,3835,3758,166,-77,89,4.52,-2.01,2.43,Contra Costa County
1400000US06013387000,"Census Tract 3870, Contra Costa County, California",2863,3025,3090,162,65,227,5.66,2.15,7.93,Contra Costa County
1400000US06013388000,"Census Tract 3880, Contra Costa County, California",2600,2735,2711,135,-24,111,5.19,-0.88,4.27,Contra Costa County
1400000US06013389100,"Census Tract 3891, Contra Costa County, California",2394,2404,2455,10,51,61,0.42,2.12,2.55,Contra Costa County
1400000US06013389200,"Census Tract 3892, Contra Costa County, California",1891,1836,1955,-55,119,64,-2.91,6.48,3.38,Contra Costa County
1400000US06013390100,"Census Tract 3901, Contra Costa County, California",2349,2352,2225,3,-127,-124,0.13,-5.4,-5.28,Contra Costa County
1400000US06013390200,"Census Tract 3902, Contra Costa County, California",1764,1779,1820,15,41,56,0.85,2.3,3.17,Contra Costa County
1400000US06013391000,"Census Tract 3910, Contra Costa County, California",2555,2596,2568,41,-28,13,1.6,-1.08,0.51,Contra Costa County
1400000US06013392000,"Census Tract 3920, Contra Costa County, California",2513,2569,2588,56,19,75,2.23,0.74,2.98,Contra Costa County
1400000US06013392201,"Census Tract 3922.01, Contra Costa County, California",5055,5682,4867,627,-815,-188,12.4,-14.34,-3.72,Contra Costa County
1400000US06013392202,"Census Tract 3922.02, Contra Costa County, California",5244,5057,4724,-187,-333,-520,-3.57,-6.58,-9.92,Contra Costa County
1400000US06013392300,"Census Tract 3923, Contra Costa County, California",3628,3613,3754,-15,141,126,-0.41,3.9,3.47,Contra Costa County
1400000US06013980000,"Census Tract 9800, Contra Costa County, California",632,615,507,-17,-108,-125,-2.69,-17.56,-19.78,Contra Costa County
1400000US06013990000,"Census Tract 9900, Contra Costa County, California",0,0,0,0,0,0,#DIV/0!,#DIV/0!,#DIV/0!,Contra Costa County
1400000US06015000101,"Census Tract 1.01, Del Norte County, California",4081,4228,4391,147,163,310,3.6,3.86,7.6,Del Norte County
1400000US06015000102,"Census Tract 1.02, Del Norte County, California",3578,3821,3676,243,-145,98,6.79,-3.79,2.74,Del Norte County
1400000US06015000104,"Census Tract 1.04, Del Norte County, California",2509,2524,2625,15,101,116,0.6,4,4.62,Del Norte County
1400000US06015000106,"Census Tract 1.06, Del Norte County, California",3781,3793,3978,12,185,197,0.32,4.88,5.21,Del Norte County
1400000US06015000107,"Census Tract 1.07, Del Norte County, California",3011,3000,3187,-11,187,176,-0.37,6.23,5.85,Del Norte County
1400000US06015000201,"Census Tract 2.01, Del Norte County, California",6123,5620,5322,-503,-298,-801,-8.21,-5.3,-13.08,Del Norte County
1400000US06015000202,"Census Tract 2.02, Del Norte County, California",3486,3590,3249,104,-341,-237,2.98,-9.5,-6.8,Del Norte County
1400000US06015000203,"Census Tract 2.03, Del Norte County, California",1123,1079,1034,-44,-45,-89,-3.92,-4.17,-7.93,Del Norte County
1400000US06015990000,"Census Tract 9900, Del Norte County, California",0,0,0,0,0,0,#DIV/0!,#DIV/0!,#DIV/0!,Del Norte County
1400000US06017030201,"Census Tract 302.01, El Dorado County, California",2979,2831,2628,-148,-203,-351,-4.97,-7.17,-11.78,El Dorado County
1400000US06017030202,"Census Tract 302.02, El Dorado County, California",2226,2025,1998,-201,-27,-228,-9.03,-1.33,-10.24,El Dorado County
1400000US06017030301,"Census Tract 303.01, El Dorado County, California",3017,2731,2827,-286,96,-190,-9.48,3.52,-6.3,El Dorado County
1400000US06017030302,"Census Tract 303.02, El Dorado County, California",2684,2551,2801,-133,250,117,-4.96,9.8,4.36,El Dorado County
1400000US06017030402,"Census Tract 304.02, El Dorado County, California",4319,4064,3516,-255,-548,-803,-5.9,-13.48,-18.59,El Dorado County
1400000US06017030403,"Census Tract 304.03, El Dorado County, California",1369,1226,1258,-143,32,-111,-10.45,2.61,-8.11,El Dorado County
1400000US06017030404,"Census Tract 304.04, El Dorado County, California",2244,2212,2244,-32,32,0,-1.43,1.45,0,El Dorado County
1400000US06017030502,"Census Tract 305.02, El Dorado County, California",2696,2749,2530,53,-219,-166,1.97,-7.97,-6.16,El Dorado County
1400000US06017030504,"Census Tract 305.04, El Dorado County, California",2674,2823,2763,149,-60,89,5.57,-2.13,3.33,El Dorado County
1400000US06017030506,"Census Tract 305.06, El Dorado County, California",969,980,1043,11,63,74,1.14,6.43,7.64,El Dorado County
1400000US06017030507,"Census Tract 305.07, El Dorado County, California",1432,1680,1649,248,-31,217,17.32,-1.85,15.15,El Dorado County
1400000US06017030601,"Census Tract 306.01, El Dorado County, California",5020,4996,5331,-24,335,311,-0.48,6.71,6.2,El Dorado County
1400000US06017030603,"Census Tract 306.03, El Dorado County, California",3998,3882,3670,-116,-212,-328,-2.9,-5.46,-8.2,El Dorado County
1400000US06017030604,"Census Tract 306.04, El Dorado County, California",886,859,918,-27,59,32,-3.05,6.87,3.61,El Dorado County
1400000US06017030605,"Census Tract 306.05, El Dorado County, California",2181,1871,1619,-310,-252,-562,-14.21,-13.47,-25.77,El Dorado County
1400000US06017030606,"Census Tract 306.06, El Dorado County, California",4681,4370,4352,-311,-18,-329,-6.64,-0.41,-7.03,El Dorado County
1400000US06017030701,"Census Tract 307.01, El Dorado County, California",5781,5595,5439,-186,-156,-342,-3.22,-2.79,-5.92,El Dorado County
1400000US06017030706,"Census Tract 307.06, El Dorado County, California",5895,5994,5658,99,-336,-237,1.68,-5.61,-4.02,El Dorado County
1400000US06017030709,"Census Tract 307.09, El Dorado County, California",4894,5012,5206,118,194,312,2.41,3.87,6.38,El Dorado County
1400000US06017030710,"Census Tract 307.10, El Dorado County, California",5628,5970,6091,342,121,463,6.08,2.03,8.23,El Dorado County
1400000US06017030711,"Census Tract 307.11, El Dorado County, California",6321,6371,6724,50,353,403,0.79,5.54,6.38,El Dorado County
1400000US06017030712,"Census Tract 307.12, El Dorado County, California",4453,4765,4929,312,164,476,7.01,3.44,10.69,El Dorado County
1400000US06017030801,"Census Tract 308.01, El Dorado County, California",4814,4778,4735,-36,-43,-79,-0.75,-0.9,-1.64,El Dorado County
1400000US06017030804,"Census Tract 308.04, El Dorado County, California",6863,6693,6677,-170,-16,-186,-2.48,-0.24,-2.71,El Dorado County
1400000US06017030807,"Census Tract 308.07, El Dorado County, California",3577,3490,3482,-87,-8,-95,-2.43,-0.23,-2.66,El Dorado County
1400000US06017030808,"Census Tract 308.08, El Dorado County, California",5816,6077,6189,261,112,373,4.49,1.84,6.41,El Dorado County
1400000US06017030809,"Census Tract 308.09, El Dorado County, California",2633,2730,2743,97,13,110,3.68,0.48,4.18,El Dorado County
1400000US06017030810,"Census Tract 308.10, El Dorado County, California",3772,3696,3761,-76,65,-11,-2.01,1.76,-0.29,El Dorado County
1400000US06017030811,"Census Tract 308.11, El Dorado County, California",1733,1532,1487,-201,-45,-246,-11.6,-2.94,-14.2,El Dorado County
1400000US06017030812,"Census Tract 308.12, El Dorado County, California",6094,6468,6469,374,1,375,6.14,0.02,6.15,El Dorado County
1400000US06017030901,"Census Tract 309.01, El Dorado County, California",3696,3483,3476,-213,-7,-220,-5.76,-0.2,-5.95,El Dorado County
1400000US06017030902,"Census Tract 309.02, El Dorado County, California",4686,4885,5134,199,249,448,4.25,5.1,9.56,El Dorado County
1400000US06017031000,"Census Tract 310, El Dorado County, California",5890,5977,6477,87,500,587,1.48,8.37,9.97,El Dorado County
1400000US06017031100,"Census Tract 311, El Dorado County, California",5767,6264,6235,497,-29,468,8.62,-0.46,8.12,El Dorado County
1400000US06017031200,"Census Tract 312, El Dorado County, California",5278,5309,5299,31,-10,21,0.59,-0.19,0.4,El Dorado County
1400000US06017031301,"Census Tract 313.01, El Dorado County, California",3546,3633,3575,87,-58,29,2.45,-1.6,0.82,El Dorado County
1400000US06017031302,"Census Tract 313.02, El Dorado County, California",4479,4242,4057,-237,-185,-422,-5.29,-4.36,-9.42,El Dorado County
1400000US06017031404,"Census Tract 314.04, El Dorado County, California",2202,2227,2396,25,169,194,1.14,7.59,8.81,El Dorado County
1400000US06017031405,"Census Tract 314.05, El Dorado County, California",2327,2428,2494,101,66,167,4.34,2.72,7.18,El Dorado County
1400000US06017031406,"Census Tract 314.06, El Dorado County, California",5372,4921,4905,-451,-16,-467,-8.4,-0.33,-8.69,El Dorado County
1400000US06017031407,"Census Tract 314.07, El Dorado County, California",2050,2025,1927,-25,-98,-123,-1.22,-4.84,-6,El Dorado County
1400000US06017031408,"Census Tract 314.08, El Dorado County, California",1896,1768,1886,-128,118,-10,-6.75,6.67,-0.53,El Dorado County
1400000US06017031409,"Census Tract 314.09, El Dorado County, California",2597,2305,2554,-292,249,-43,-11.24,10.8,-1.66,El Dorado County
1400000US06017031503,"Census Tract 315.03, El Dorado County, California",2310,2425,2448,115,23,138,4.98,0.95,5.97,El Dorado County
1400000US06017031504,"Census Tract 315.04, El Dorado County, California",6608,6927,6639,319,-288,31,4.83,-4.16,0.47,El Dorado County
1400000US06017031505,"Census Tract 315.05, El Dorado County, California",2616,2773,2992,157,219,376,6,7.9,14.37,El Dorado County
1400000US06017031506,"Census Tract 315.06, El Dorado County, California",2579,2722,2811,143,89,232,5.54,3.27,9,El Dorado County
1400000US06017031601,"Census Tract 316.01, El Dorado County, California",1519,1427,1783,-92,356,264,-6.06,24.95,17.38,El Dorado County
1400000US06017031602,"Census Tract 316.02, El Dorado County, California",2102,2247,2248,145,1,146,6.9,0.04,6.95,El Dorado County
1400000US06017031700,"Census Tract 317, El Dorado County, California",3377,3476,3506,99,30,129,2.93,0.86,3.82,El Dorado County
1400000US06017031800,"Census Tract 318, El Dorado County, California",6690,7075,7004,385,-71,314,5.75,-1,4.69,El Dorado County
1400000US06017031900,"Census Tract 319, El Dorado County, California",86,99,85,13,-14,-1,15.12,-14.14,-1.16,El Dorado County
1400000US06017032001,"Census Tract 320.01, El Dorado County, California",755,675,810,-80,135,55,-10.6,20,7.28,El Dorado County
1400000US06017032002,"Census Tract 320.02, El Dorado County, California",268,234,235,-34,1,-33,-12.69,0.43,-12.31,El Dorado County
1400000US06017990000,"Census Tract 9900, El Dorado County, California",0,0,0,0,0,0,#DIV/0!,#DIV/0!,#DIV/0!,El Dorado County
1400000US06019000100,"Census Tract 1, Fresno County, California",3852,3922,3489,70,-433,-363,1.82,-11.04,-9.42,Fresno County
1400000US06019000200,"Census Tract 2, Fresno County, California",2432,2511,2861,79,350,429,3.25,13.94,17.64,Fresno County
1400000US06019000300,"Census Tract 3, Fresno County, California",4927,4276,3906,-651,-370,-1021,-13.21,-8.65,-20.72,Fresno County
1400000US06019000400,"Census Tract 4, Fresno County, California",5700,5642,5629,-58,-13,-71,-1.02,-0.23,-1.25,Fresno County
1400000US06019000501,"Census Tract 5.01, Fresno County, California",2864,2953,2990,89,37,126,3.11,1.25,4.4,Fresno County
1400000US06019000502,"Census Tract 5.02, Fresno County, California",3338,3097,3024,-241,-73,-314,-7.22,-2.36,-9.41,Fresno County
1400000US06019000601,"Census Tract 6.01, Fresno County, California",4002,4089,4328,87,239,326,2.17,5.84,8.15,Fresno County
1400000US06019000602,"Census Tract 6.02, Fresno County, California",957,874,1431,-83,557,474,-8.67,63.73,49.53,Fresno County
1400000US06019000701,"Census Tract 7.01, Fresno County, California",2412,2563,2956,151,393,544,6.26,15.33,22.55,Fresno County
1400000US06019000702,"Census Tract 7.02, Fresno County, California",1340,1473,1569,133,96,229,9.93,6.52,17.09,Fresno County
1400000US06019000901,"Census Tract 9.01, Fresno County, California",3017,3066,3217,49,151,200,1.62,4.92,6.63,Fresno County
1400000US06019000902,"Census Tract 9.02, Fresno County, California",4937,5110,5283,173,173,346,3.5,3.39,7.01,Fresno County
1400000US06019001000,"Census Tract 10, Fresno County, California",4404,4463,4755,59,292,351,1.34,6.54,7.97,Fresno County
1400000US06019001100,"Census Tract 11, Fresno County, California",3180,3357,3166,177,-191,-14,5.57,-5.69,-0.44,Fresno County
1400000US06019001201,"Census Tract 12.01, Fresno County, California",6437,6416,6344,-21,-72,-93,-0.33,-1.12,-1.44,Fresno County
1400000US06019001202,"Census Tract 12.02, Fresno County, California",4331,4436,4669,105,233,338,2.42,5.25,7.8,Fresno County
1400000US06019001301,"Census Tract 13.01, Fresno County, California",5442,5568,5281,126,-287,-161,2.32,-5.15,-2.96,Fresno County
1400000US06019001303,"Census Tract 13.03, Fresno County, California",2571,2651,2477,80,-174,-94,3.11,-6.56,-3.66,Fresno County
1400000US06019001304,"Census Tract 13.04, Fresno County, California",5530,5567,5723,37,156,193,0.67,2.8,3.49,Fresno County
1400000US06019001407,"Census Tract 14.07, Fresno County, California",4725,4703,4806,-22,103,81,-0.47,2.19,1.71,Fresno County
1400000US06019001408,"Census Tract 14.08, Fresno County, California",2465,2583,2360,118,-223,-105,4.79,-8.63,-4.26,Fresno County
1400000US06019001409,"Census Tract 14.09, Fresno County, California",2288,2578,2704,290,126,416,12.67,4.89,18.18,Fresno County
1400000US06019001411,"Census Tract 14.11, Fresno County, California",7329,7384,7366,55,-18,37,0.75,-0.24,0.5,Fresno County
1400000US06019001412,"Census Tract 14.12, Fresno County, California",3334,3457,3641,123,184,307,3.69,5.32,9.21,Fresno County
1400000US06019001413,"Census Tract 14.13, Fresno County, California",6872,7424,7921,552,497,1049,8.03,6.69,15.26,Fresno County
1400000US06019001415,"Census Tract 14.15, Fresno County, California",6094,6156,6032,62,-124,-62,1.02,-2.01,-1.02,Fresno County
1400000US06019001416,"Census Tract 14.16, Fresno County, California",6128,6101,6621,-27,520,493,-0.44,8.52,8.05,Fresno County
1400000US06019001417,"Census Tract 14.17, Fresno County, California",6125,6392,6380,267,-12,255,4.36,-0.19,4.16,Fresno County
1400000US06019001418,"Census Tract 14.18, Fresno County, California",2015,1767,1907,-248,140,-108,-12.31,7.92,-5.36,Fresno County
1400000US06019001500,"Census Tract 15, Fresno County, California",2337,2037,1982,-300,-55,-355,-12.84,-2.7,-15.19,Fresno County
1400000US06019001600,"Census Tract 16, Fresno County, California",4975,5522,5487,547,-35,512,10.99,-0.63,10.29,Fresno County
1400000US06019001700,"Census Tract 17, Fresno County, California",6516,6439,6351,-77,-88,-165,-1.18,-1.37,-2.53,Fresno County
1400000US06019001800,"Census Tract 18, Fresno County, California",4733,4605,4782,-128,177,49,-2.7,3.84,1.04,Fresno County
1400000US06019002000,"Census Tract 20, Fresno County, California",6186,6023,6063,-163,40,-123,-2.63,0.66,-1.99,Fresno County
1400000US06019002100,"Census Tract 21, Fresno County, California",6218,6102,6098,-116,-4,-120,-1.87,-0.07,-1.93,Fresno County
1400000US06019002200,"Census Tract 22, Fresno County, California",3616,3781,3738,165,-43,122,4.56,-1.14,3.37,Fresno County
1400000US06019002300,"Census Tract 23, Fresno County, California",3574,3889,3202,315,-687,-372,8.81,-17.67,-10.41,Fresno County
1400000US06019002400,"Census Tract 24, Fresno County, California",4856,4951,4985,95,34,129,1.96,0.69,2.66,Fresno County
1400000US06019002501,"Census Tract 25.01, Fresno County, California",4654,4767,4614,113,-153,-40,2.43,-3.21,-0.86,Fresno County
1400000US06019002502,"Census Tract 25.02, Fresno County, California",4947,5246,5190,299,-56,243,6.04,-1.07,4.91,Fresno County
1400000US06019002601,"Census Tract 26.01, Fresno County, California",4793,5256,5446,463,190,653,9.66,3.61,13.62,Fresno County
1400000US06019002602,"Census Tract 26.02, Fresno County, California",3167,3223,3177,56,-46,10,1.77,-1.43,0.32,Fresno County
1400000US06019002701,"Census Tract 27.01, Fresno County, California",4854,4992,4994,138,2,140,2.84,0.04,2.88,Fresno County
1400000US06019002702,"Census Tract 27.02, Fresno County, California",4410,4715,4918,305,203,508,6.92,4.31,11.52,Fresno County
1400000US06019002800,"Census Tract 28, Fresno County, California",4361,4464,4388,103,-76,27,2.36,-1.7,0.62,Fresno County
1400000US06019002903,"Census Tract 29.03, Fresno County, California",3845,3762,3659,-83,-103,-186,-2.16,-2.74,-4.84,Fresno County
1400000US06019002904,"Census Tract 29.04, Fresno County, California",3281,3368,3453,87,85,172,2.65,2.52,5.24,Fresno County
1400000US06019002905,"Census Tract 29.05, Fresno County, California",2912,2929,2902,17,-27,-10,0.58,-0.92,-0.34,Fresno County
1400000US06019002906,"Census Tract 29.06, Fresno County, California",5159,5030,5082,-129,52,-77,-2.5,1.03,-1.49,Fresno County
1400000US06019003001,"Census Tract 30.01, Fresno County, California",3243,3141,3181,-102,40,-62,-3.15,1.27,-1.91,Fresno County
1400000US06019003003,"Census Tract 30.03, Fresno County, California",4128,4045,4545,-83,500,417,-2.01,12.36,10.1,Fresno County
1400000US06019003004,"Census Tract 30.04, Fresno County, California",2094,2118,2092,24,-26,-2,1.15,-1.23,-0.1,Fresno County
1400000US06019003102,"Census Tract 31.02, Fresno County, California",7550,8263,8415,713,152,865,9.44,1.84,11.46,Fresno County
1400000US06019003103,"Census Tract 31.03, Fresno County, California",5169,5340,5654,171,314,485,3.31,5.88,9.38,Fresno County
1400000US06019003104,"Census Tract 31.04, Fresno County, California",4337,4392,4594,55,202,257,1.27,4.6,5.93,Fresno County
1400000US06019003201,"Census Tract 32.01, Fresno County, California",5591,5753,5674,162,-79,83,2.9,-1.37,1.48,Fresno County
1400000US06019003202,"Census Tract 32.02, Fresno County, California",5337,5547,5456,210,-91,119,3.93,-1.64,2.23,Fresno County
1400000US06019003301,"Census Tract 33.01, Fresno County, California",3097,3245,3126,148,-119,29,4.78,-3.67,0.94,Fresno County
1400000US06019003302,"Census Tract 33.02, Fresno County, California",4650,4651,4700,1,49,50,0.02,1.05,1.08,Fresno County
1400000US06019003401,"Census Tract 34.01, Fresno County, California",3359,3384,3860,25,476,501,0.74,14.07,14.92,Fresno County
1400000US06019003402,"Census Tract 34.02, Fresno County, California",1957,1796,1864,-161,68,-93,-8.23,3.79,-4.75,Fresno County
1400000US06019003500,"Census Tract 35, Fresno County, California",4793,4915,5263,122,348,470,2.55,7.08,9.81,Fresno County
1400000US06019003600,"Census Tract 36, Fresno County, California",4211,4203,4086,-8,-117,-125,-0.19,-2.78,-2.97,Fresno County
1400000US06019003701,"Census Tract 37.01, Fresno County, California",3057,3151,3304,94,153,247,3.07,4.86,8.08,Fresno County
1400000US06019003702,"Census Tract 37.02, Fresno County, California",5165,5579,5494,414,-85,329,8.02,-1.52,6.37,Fresno County
1400000US06019003804,"Census Tract 38.04, Fresno County, California",7081,7199,6865,118,-334,-216,1.67,-4.64,-3.05,Fresno County
1400000US06019003805,"Census Tract 38.05, Fresno County, California",7878,7741,7554,-137,-187,-324,-1.74,-2.42,-4.11,Fresno County
1400000US06019003807,"Census Tract 38.07, Fresno County, California",3179,3304,3144,125,-160,-35,3.93,-4.84,-1.1,Fresno County
1400000US06019003808,"Census Tract 38.08, Fresno County, California",5128,5438,5277,310,-161,149,6.05,-2.96,2.91,Fresno County
1400000US06019003809,"Census Tract 38.09, Fresno County, California",4808,4813,4341,5,-472,-467,0.1,-9.81,-9.71,Fresno County
1400000US06019003810,"Census Tract 38.10, Fresno County, California",5925,6277,6372,352,95,447,5.94,1.51,7.54,Fresno County
1400000US06019003811,"Census Tract 38.11, Fresno County, California",8994,7382,7597,-1612,215,-1397,-17.92,2.91,-15.53,Fresno County
1400000US06019003812,"Census Tract 38.12, Fresno County, California",2199,2251,2513,52,262,314,2.36,11.64,14.28,Fresno County
1400000US06019003900,"Census Tract 39, Fresno County, California",6133,5313,4775,-820,-538,-1358,-13.37,-10.13,-22.14,Fresno County
1400000US06019004003,"Census Tract 40.03, Fresno County, California",4432,4678,4688,246,10,256,5.55,0.21,5.78,Fresno County
1400000US06019004004,"Census Tract 40.04, Fresno County, California",4282,4058,4256,-224,198,-26,-5.23,4.88,-0.61,Fresno County
1400000US06019004005,"Census Tract 40.05, Fresno County, California",3763,3796,3783,33,-13,20,0.88,-0.34,0.53,Fresno County
1400000US06019004006,"Census Tract 40.06, Fresno County, California",3140,3722,3542,582,-180,402,18.54,-4.84,12.8,Fresno County
1400000US06019004100,"Census Tract 41, Fresno County, California",3349,3613,3488,264,-125,139,7.88,-3.46,4.15,Fresno County
1400000US06019004205,"Census Tract 42.05, Fresno County, California",6007,6305,6341,298,36,334,4.96,0.57,5.56,Fresno County
1400000US06019004208,"Census Tract 42.08, Fresno County, California",7319,7471,7320,152,-151,1,2.08,-2.02,0.01,Fresno County
1400000US06019004210,"Census Tract 42.10, Fresno County, California",3586,3687,3659,101,-28,73,2.82,-0.76,2.04,Fresno County
1400000US06019004211,"Census Tract 42.11, Fresno County, California",7992,8180,8072,188,-108,80,2.35,-1.32,1,Fresno County
1400000US06019004212,"Census Tract 42.12, Fresno County, California",10810,11758,11795,948,37,985,8.77,0.31,9.11,Fresno County
1400000US06019004213,"Census Tract 42.13, Fresno County, California",3326,3371,3348,45,-23,22,1.35,-0.68,0.66,Fresno County
1400000US06019004214,"Census Tract 42.14, Fresno County, California",4944,5224,5323,280,99,379,5.66,1.9,7.67,Fresno County
1400000US06019004215,"Census Tract 42.15, Fresno County, California",4423,4429,4342,6,-87,-81,0.14,-1.96,-1.83,Fresno County
1400000US06019004216,"Census Tract 42.16, Fresno County, California",4403,4806,4620,403,-186,217,9.15,-3.87,4.93,Fresno County
1400000US06019004217,"Census Tract 42.17, Fresno County, California",3678,3746,4096,68,350,418,1.85,9.34,11.36,Fresno County
1400000US06019004218,"Census Tract 42.18, Fresno County, California",7767,8498,8340,731,-158,573,9.41,-1.86,7.38,Fresno County
1400000US06019004301,"Census Tract 43.01, Fresno County, California",4326,4428,4406,102,-22,80,2.36,-0.5,1.85,Fresno County
1400000US06019004302,"Census Tract 43.02, Fresno County, California",4758,4746,4787,-12,41,29,-0.25,0.86,0.61,Fresno County
1400000US06019004303,"Census Tract 43.03, Fresno County, California",4784,4760,4858,-24,98,74,-0.5,2.06,1.55,Fresno County
1400000US06019004404,"Census Tract 44.04, Fresno County, California",3094,3242,3409,148,167,315,4.78,5.15,10.18,Fresno County
1400000US06019004405,"Census Tract 44.05, Fresno County, California",3531,3505,3575,-26,70,44,-0.74,2,1.25,Fresno County
1400000US06019004406,"Census Tract 44.06, Fresno County, California",5711,6139,6371,428,232,660,7.49,3.78,11.56,Fresno County
1400000US06019004409,"Census Tract 44.09, Fresno County, California",2857,3252,3258,395,6,401,13.83,0.18,14.04,Fresno County
1400000US06019004410,"Census Tract 44.10, Fresno County, California",2318,2303,2248,-15,-55,-70,-0.65,-2.39,-3.02,Fresno County
1400000US06019004411,"Census Tract 44.11, Fresno County, California",1624,1598,1653,-26,55,29,-1.6,3.44,1.79,Fresno County
1400000US06019004503,"Census Tract 45.03, Fresno County, California",5129,5206,5152,77,-54,23,1.5,-1.04,0.45,Fresno County
1400000US06019004504,"Census Tract 45.04, Fresno County, California",5412,4970,5446,-442,476,34,-8.17,9.58,0.63,Fresno County
1400000US06019004505,"Census Tract 45.05, Fresno County, California",5299,5558,5196,259,-362,-103,4.89,-6.51,-1.94,Fresno County
1400000US06019004506,"Census Tract 45.06, Fresno County, California",3403,3460,3554,57,94,151,1.67,2.72,4.44,Fresno County
1400000US06019004601,"Census Tract 46.01, Fresno County, California",3536,3678,3701,142,23,165,4.02,0.63,4.67,Fresno County
1400000US06019004602,"Census Tract 46.02, Fresno County, California",2461,2228,2343,-233,115,-118,-9.47,5.16,-4.79,Fresno County
1400000US06019004703,"Census Tract 47.03, Fresno County, California",4158,4315,4128,157,-187,-30,3.78,-4.33,-0.72,Fresno County
1400000US06019004704,"Census Tract 47.04, Fresno County, California",4790,4950,4873,160,-77,83,3.34,-1.56,1.73,Fresno County
1400000US06019004705,"Census Tract 47.05, Fresno County, California",2021,1825,1922,-196,97,-99,-9.7,5.32,-4.9,Fresno County
1400000US06019004706,"Census Tract 47.06, Fresno County, California",5000,5211,5712,211,501,712,4.22,9.61,14.24,Fresno County
1400000US06019004801,"Census Tract 48.01, Fresno County, California",4857,4625,4442,-232,-183,-415,-4.78,-3.96,-8.54,Fresno County
1400000US06019004802,"Census Tract 48.02, Fresno County, California",4102,4363,4930,261,567,828,6.36,13,20.19,Fresno County
1400000US06019004901,"Census Tract 49.01, Fresno County, California",3906,4065,4287,159,222,381,4.07,5.46,9.75,Fresno County
1400000US06019004902,"Census Tract 49.02, Fresno County, California",2261,2123,1987,-138,-136,-274,-6.1,-6.41,-12.12,Fresno County
1400000US06019005000,"Census Tract 50, Fresno County, California",4477,4794,4399,317,-395,-78,7.08,-8.24,-1.74,Fresno County
1400000US06019005100,"Census Tract 51, Fresno County, California",6777,6894,6523,117,-371,-254,1.73,-5.38,-3.75,Fresno County
1400000US06019005202,"Census Tract 52.02, Fresno County, California",3525,3659,4019,134,360,494,3.8,9.84,14.01,Fresno County
1400000US06019005203,"Census Tract 52.03, Fresno County, California",5028,5314,5070,286,-244,42,5.69,-4.59,0.84,Fresno County
1400000US06019005204,"Census Tract 52.04, Fresno County, California",4175,4546,4242,371,-304,67,8.89,-6.69,1.6,Fresno County
1400000US06019005301,"Census Tract 53.01, Fresno County, California",5997,5727,5744,-270,17,-253,-4.5,0.3,-4.22,Fresno County
1400000US06019005302,"Census Tract 53.02, Fresno County, California",5352,5855,5838,503,-17,486,9.4,-0.29,9.08,Fresno County
1400000US06019005304,"Census Tract 53.04, Fresno County, California",5139,5328,4933,189,-395,-206,3.68,-7.41,-4.01,Fresno County
1400000US06019005305,"Census Tract 53.05, Fresno County, California",3710,3982,4054,272,72,344,7.33,1.81,9.27,Fresno County
1400000US06019005403,"Census Tract 54.03, Fresno County, California",5491,5608,5861,117,253,370,2.13,4.51,6.74,Fresno County
1400000US06019005405,"Census Tract 54.05, Fresno County, California",5222,5231,5273,9,42,51,0.17,0.8,0.98,Fresno County
1400000US06019005406,"Census Tract 54.06, Fresno County, California",4316,4430,4365,114,-65,49,2.64,-1.47,1.14,Fresno County
1400000US06019005407,"Census Tract 54.07, Fresno County, California",3894,4001,4059,107,58,165,2.75,1.45,4.24,Fresno County
1400000US06019005408,"Census Tract 54.08, Fresno County, California",2084,2094,1910,10,-184,-174,0.48,-8.79,-8.35,Fresno County
1400000US06019005409,"Census Tract 54.09, Fresno County, California",2983,3168,3503,185,335,520,6.2,10.57,17.43,Fresno County
1400000US06019005410,"Census Tract 54.10, Fresno County, California",3120,3082,3017,-38,-65,-103,-1.22,-2.11,-3.3,Fresno County
1400000US06019005503,"Census Tract 55.03, Fresno County, California",5984,6125,6454,141,329,470,2.36,5.37,7.85,Fresno County
1400000US06019005504,"Census Tract 55.04, Fresno County, California",2870,2889,2787,19,-102,-83,0.66,-3.53,-2.89,Fresno County
1400000US06019005505,"Census Tract 55.05, Fresno County, California",6136,6192,6052,56,-140,-84,0.91,-2.26,-1.37,Fresno County
1400000US06019005507,"Census Tract 55.07, Fresno County, California",5559,5554,5336,-5,-218,-223,-0.09,-3.93,-4.01,Fresno County
1400000US06019005508,"Census Tract 55.08, Fresno County, California",6103,6072,6089,-31,17,-14,-0.51,0.28,-0.23,Fresno County
1400000US06019005509,"Census Tract 55.09, Fresno County, California",5010,5234,5314,224,80,304,4.47,1.53,6.07,Fresno County
1400000US06019005512,"Census Tract 55.12, Fresno County, California",6094,6033,6191,-61,158,97,-1,2.62,1.59,Fresno County
1400000US06019005513,"Census Tract 55.13, Fresno County, California",2860,2949,3018,89,69,158,3.11,2.34,5.52,Fresno County
1400000US06019005514,"Census Tract 55.14, Fresno County, California",3987,4080,4045,93,-35,58,2.33,-0.86,1.45,Fresno County
1400000US06019005515,"Census Tract 55.15, Fresno County, California",2045,1998,1794,-47,-204,-251,-2.3,-10.21,-12.27,Fresno County
1400000US06019005516,"Census Tract 55.16, Fresno County, California",5975,5938,6228,-37,290,253,-0.62,4.88,4.23,Fresno County
1400000US06019005518,"Census Tract 55.18, Fresno County, California",5878,6347,6493,469,146,615,7.98,2.3,10.46,Fresno County
1400000US06019005520,"Census Tract 55.20, Fresno County, California",3597,3870,4042,273,172,445,7.59,4.44,12.37,Fresno County
1400000US06019005522,"Census Tract 55.22, Fresno County, California",4930,4938,4890,8,-48,-40,0.16,-0.97,-0.81,Fresno County
1400000US06019005524,"Census Tract 55.24, Fresno County, California",4632,4107,4388,-525,281,-244,-11.33,6.84,-5.27,Fresno County
1400000US06019005525,"Census Tract 55.25, Fresno County, California",1199,1240,1312,41,72,113,3.42,5.81,9.42,Fresno County
1400000US06019005526,"Census Tract 55.26, Fresno County, California",1542,1618,1717,76,99,175,4.93,6.12,11.35,Fresno County
1400000US06019005527,"Census Tract 55.27, Fresno County, California",3233,3380,3354,147,-26,121,4.55,-0.77,3.74,Fresno County
1400000US06019005528,"Census Tract 55.28, Fresno County, California",1785,1943,1913,158,-30,128,8.85,-1.54,7.17,Fresno County
1400000US06019005529,"Census Tract 55.29, Fresno County, California",6355,6420,6185,65,-235,-170,1.02,-3.66,-2.68,Fresno County
1400000US06019005602,"Census Tract 56.02, Fresno County, California",5009,5139,5188,130,49,179,2.6,0.95,3.57,Fresno County
1400000US06019005605,"Census Tract 56.05, Fresno County, California",1560,1629,1549,69,-80,-11,4.42,-4.91,-0.71,Fresno County
1400000US06019005606,"Census Tract 56.06, Fresno County, California",3741,3632,3536,-109,-96,-205,-2.91,-2.64,-5.48,Fresno County
1400000US06019005607,"Census Tract 56.07, Fresno County, California",4962,4956,4732,-6,-224,-230,-0.12,-4.52,-4.64,Fresno County
1400000US06019005608,"Census Tract 56.08, Fresno County, California",3159,3172,2983,13,-189,-176,0.41,-5.96,-5.57,Fresno County
1400000US06019005701,"Census Tract 57.01, Fresno County, California",3349,3549,3657,200,108,308,5.97,3.04,9.2,Fresno County
1400000US06019005702,"Census Tract 57.02, Fresno County, California",4988,5109,5172,121,63,184,2.43,1.23,3.69,Fresno County
1400000US06019005703,"Census Tract 57.03, Fresno County, California",4860,4821,4594,-39,-227,-266,-0.8,-4.71,-5.47,Fresno County
1400000US06019005704,"Census Tract 57.04, Fresno County, California",5314,5376,5456,62,80,142,1.17,1.49,2.67,Fresno County
1400000US06019005801,"Census Tract 58.01, Fresno County, California",4315,4389,4614,74,225,299,1.71,5.13,6.93,Fresno County
1400000US06019005802,"Census Tract 58.02, Fresno County, California",5582,5579,5521,-3,-58,-61,-0.05,-1.04,-1.09,Fresno County
1400000US06019005804,"Census Tract 58.04, Fresno County, California",6331,6452,6014,121,-438,-317,1.91,-6.79,-5.01,Fresno County
1400000US06019005805,"Census Tract 58.05, Fresno County, California",7160,8316,9024,1156,708,1864,16.15,8.51,26.03,Fresno County
1400000US06019005904,"Census Tract 59.04, Fresno County, California",6403,6868,6808,465,-60,405,7.26,-0.87,6.33,Fresno County
1400000US06019005906,"Census Tract 59.06, Fresno County, California",2222,2021,1865,-201,-156,-357,-9.05,-7.72,-16.07,Fresno County
1400000US06019005907,"Census Tract 59.07, Fresno County, California",3488,3337,3394,-151,57,-94,-4.33,1.71,-2.69,Fresno County
1400000US06019005911,"Census Tract 59.11, Fresno County, California",6791,7684,7951,893,267,1160,13.15,3.47,17.08,Fresno County
1400000US06019005912,"Census Tract 59.12, Fresno County, California",7464,9179,10829,1715,1650,3365,22.98,17.98,45.08,Fresno County
1400000US06019005913,"Census Tract 59.13, Fresno County, California",3184,3305,3357,121,52,173,3.8,1.57,5.43,Fresno County
1400000US06019005914,"Census Tract 59.14, Fresno County, California",4825,5027,4837,202,-190,12,4.19,-3.78,0.25,Fresno County
1400000US06019005915,"Census Tract 59.15, Fresno County, California",4631,4408,4533,-223,125,-98,-4.82,2.84,-2.12,Fresno County
1400000US06019005916,"Census Tract 59.16, Fresno County, California",2590,2561,2534,-29,-27,-56,-1.12,-1.05,-2.16,Fresno County
1400000US06019006001,"Census Tract 60.01, Fresno County, California",5847,5870,5805,23,-65,-42,0.39,-1.11,-0.72,Fresno County
1400000US06019006002,"Census Tract 60.02, Fresno County, California",4934,4805,4487,-129,-318,-447,-2.61,-6.62,-9.06,Fresno County
1400000US06019006101,"Census Tract 61.01, Fresno County, California",3630,3730,3709,100,-21,79,2.75,-0.56,2.18,Fresno County
1400000US06019006102,"Census Tract 61.02, Fresno County, California",4704,4697,4632,-7,-65,-72,-0.15,-1.38,-1.53,Fresno County
1400000US06019006201,"Census Tract 62.01, Fresno County, California",2700,2601,2861,-99,260,161,-3.67,10,5.96,Fresno County
1400000US06019006202,"Census Tract 62.02, Fresno County, California",6334,6214,6492,-120,278,158,-1.89,4.47,2.49,Fresno County
1400000US06019006301,"Census Tract 63.01, Fresno County, California",5610,5225,5421,-385,196,-189,-6.86,3.75,-3.37,Fresno County
1400000US06019006302,"Census Tract 63.02, Fresno County, California",2076,1831,2080,-245,249,4,-11.8,13.6,0.19,Fresno County
1400000US06019006405,"Census Tract 64.05, Fresno County, California",5581,5434,5395,-147,-39,-186,-2.63,-0.72,-3.33,Fresno County
1400000US06019006406,"Census Tract 64.06, Fresno County, California",2201,2089,1942,-112,-147,-259,-5.09,-7.04,-11.77,Fresno County
1400000US06019006407,"Census Tract 64.07, Fresno County, California",2407,2328,2305,-79,-23,-102,-3.28,-0.99,-4.24,Fresno County
1400000US06019006408,"Census Tract 64.08, Fresno County, California",876,917,949,41,32,73,4.68,3.49,8.33,Fresno County
1400000US06019006409,"Census Tract 64.09, Fresno County, California",1771,1493,1305,-278,-188,-466,-15.7,-12.59,-26.31,Fresno County
1400000US06019006410,"Census Tract 64.10, Fresno County, California",2438,2433,2518,-5,85,80,-0.21,3.49,3.28,Fresno County
1400000US06019006411,"Census Tract 64.11, Fresno County, California",3517,3414,3835,-103,421,318,-2.93,12.33,9.04,Fresno County
1400000US06019006501,"Census Tract 65.01, Fresno County, California",6514,5964,5754,-550,-210,-760,-8.44,-3.52,-11.67,Fresno County
1400000US06019006502,"Census Tract 65.02, Fresno County, California",4431,4313,4282,-118,-31,-149,-2.66,-0.72,-3.36,Fresno County
1400000US06019006602,"Census Tract 66.02, Fresno County, California",6074,5863,5641,-211,-222,-433,-3.47,-3.79,-7.13,Fresno County
1400000US06019006603,"Census Tract 66.03, Fresno County, California",2457,2416,2408,-41,-8,-49,-1.67,-0.33,-1.99,Fresno County
1400000US06019006605,"Census Tract 66.05, Fresno County, California",2229,2148,2170,-81,22,-59,-3.63,1.02,-2.65,Fresno County
1400000US06019006606,"Census Tract 66.06, Fresno County, California",5622,5151,5254,-471,103,-368,-8.38,2,-6.55,Fresno County
1400000US06019006700,"Census Tract 67, Fresno County, California",6343,6836,6946,493,110,603,7.77,1.61,9.51,Fresno County
1400000US06019006802,"Census Tract 68.02, Fresno County, California",3090,2984,3332,-106,348,242,-3.43,11.66,7.83,Fresno County
1400000US06019006900,"Census Tract 69, Fresno County, California",3249,3113,3069,-136,-44,-180,-4.19,-1.41,-5.54,Fresno County
1400000US06019007002,"Census Tract 70.02, Fresno County, California",5109,5091,5227,-18,136,118,-0.35,2.67,2.31,Fresno County
1400000US06019007003,"Census Tract 70.03, Fresno County, California",7639,7550,7650,-89,100,11,-1.17,1.32,0.14,Fresno County
1400000US06019007004,"Census Tract 70.04, Fresno County, California",5649,5699,5980,50,281,331,0.89,4.93,5.86,Fresno County
1400000US06019007101,"Census Tract 71.01, Fresno County, California",5437,5780,5582,343,-198,145,6.31,-3.43,2.67,Fresno County
1400000US06019007102,"Census Tract 71.02, Fresno County, California",2430,2414,2213,-16,-201,-217,-0.66,-8.33,-8.93,Fresno County
1400000US06019007202,"Census Tract 72.02, Fresno County, California",5821,5682,5916,-139,234,95,-2.39,4.12,1.63,Fresno County
1400000US06019007203,"Census Tract 72.03, Fresno County, California",1474,1815,1966,341,151,492,23.13,8.32,33.38,Fresno County
1400000US06019007204,"Census Tract 72.04, Fresno County, California",6403,6341,6224,-62,-117,-179,-0.97,-1.85,-2.8,Fresno County
1400000US06019007300,"Census Tract 73, Fresno County, California",4377,4228,3898,-149,-330,-479,-3.4,-7.81,-10.94,Fresno County
1400000US06019007400,"Census Tract 74, Fresno County, California",3386,3147,2857,-239,-290,-529,-7.06,-9.22,-15.62,Fresno County
1400000US06019007500,"Census Tract 75, Fresno County, California",5269,5282,4905,13,-377,-364,0.25,-7.14,-6.91,Fresno County
1400000US06019007600,"Census Tract 76, Fresno County, California",4261,4057,3795,-204,-262,-466,-4.79,-6.46,-10.94,Fresno County
1400000US06019007700,"Census Tract 77, Fresno County, California",5046,5150,5610,104,460,564,2.06,8.93,11.18,Fresno County
1400000US06019007801,"Census Tract 78.01, Fresno County, California",3177,2699,2827,-478,128,-350,-15.05,4.74,-11.02,Fresno County
1400000US06019007802,"Census Tract 78.02, Fresno County, California",4845,4604,4489,-241,-115,-356,-4.97,-2.5,-7.35,Fresno County
1400000US06019007903,"Census Tract 79.03, Fresno County, California",6112,6605,6694,493,89,582,8.07,1.35,9.52,Fresno County
1400000US06019008000,"Census Tract 80, Fresno County, California",5262,5218,5323,-44,105,61,-0.84,2.01,1.16,Fresno County
1400000US06019008100,"Census Tract 81, Fresno County, California",6785,6875,6798,90,-77,13,1.33,-1.12,0.19,Fresno County
1400000US06019008200,"Census Tract 82, Fresno County, California",6550,6337,5946,-213,-391,-604,-3.25,-6.17,-9.22,Fresno County
1400000US06019008301,"Census Tract 83.01, Fresno County, California",5695,5393,5401,-302,8,-294,-5.3,0.15,-5.16,Fresno County
1400000US06019008303,"Census Tract 83.03, Fresno County, California",4112,4615,4752,503,137,640,12.23,2.97,15.56,Fresno County
1400000US06019008304,"Census Tract 83.04, Fresno County, California",4074,4237,4473,163,236,399,4,5.57,9.79,Fresno County
1400000US06019008402,"Census Tract 84.02, Fresno County, California",1101,932,815,-169,-117,-286,-15.35,-12.55,-25.98,Fresno County
1400000US06019008403,"Census Tract 84.03, Fresno County, California",1429,1652,1891,223,239,462,15.61,14.47,32.33,Fresno County
1400000US06019008404,"Census Tract 84.04, Fresno County, California",3463,3640,3748,177,108,285,5.11,2.97,8.23,Fresno County
1400000US06019008405,"Census Tract 84.05, Fresno County, California",3238,2986,2708,-252,-278,-530,-7.78,-9.31,-16.37,Fresno County
1400000US06019008501,"Census Tract 85.01, Fresno County, California",5372,5031,4968,-341,-63,-404,-6.35,-1.25,-7.52,Fresno County
1400000US06019008503,"Census Tract 85.03, Fresno County, California",4715,4273,3998,-442,-275,-717,-9.37,-6.44,-15.21,Fresno County
1400000US06019008504,"Census Tract 85.04, Fresno County, California",3886,3686,3893,-200,207,7,-5.15,5.62,0.18,Fresno County
1400000US06019008600,"Census Tract 86, Fresno County, California",4396,4300,4237,-96,-63,-159,-2.18,-1.47,-3.62,Fresno County
1400000US06021010101,"Census Tract 101.01, Glenn County, California",4283,4523,4432,240,-91,149,5.6,-2.01,3.48,Glenn County
1400000US06021010102,"Census Tract 101.02, Glenn County, California",4419,4722,4684,303,-38,265,6.86,-0.8,6,Glenn County
1400000US06021010200,"Census Tract 102, Glenn County, California",4960,4997,5200,37,203,240,0.75,4.06,4.84,Glenn County
1400000US06021010300,"Census Tract 103, Glenn County, California",1933,1938,2011,5,73,78,0.26,3.77,4.04,Glenn County
1400000US06021010401,"Census Tract 104.01, Glenn County, California",1236,1064,1270,-172,206,34,-13.92,19.36,2.75,Glenn County
1400000US06021010402,"Census Tract 104.02, Glenn County, California",6053,6241,6201,188,-40,148,3.11,-0.64,2.45,Glenn County
1400000US06021010501,"Census Tract 105.01, Glenn County, California",3798,4006,3618,208,-388,-180,5.48,-9.69,-4.74,Glenn County
1400000US06021010502,"Census Tract 105.02, Glenn County, California",1378,1184,1241,-194,57,-137,-14.08,4.81,-9.94,Glenn County
1400000US06023000100,"Census Tract 1, Humboldt County, California",4337,4491,4680,154,189,343,3.55,4.21,7.91,Humboldt County
1400000US06023000200,"Census Tract 2, Humboldt County, California",5981,5697,5705,-284,8,-276,-4.75,0.14,-4.61,Humboldt County
1400000US06023000300,"Census Tract 3, Humboldt County, California",5097,4699,4852,-398,153,-245,-7.81,3.26,-4.81,Humboldt County
1400000US06023000400,"Census Tract 4, Humboldt County, California",4245,4246,4107,1,-139,-138,0.02,-3.27,-3.25,Humboldt County
1400000US06023000500,"Census Tract 5, Humboldt County, California",4361,4007,3473,-354,-534,-888,-8.12,-13.33,-20.36,Humboldt County
1400000US06023000600,"Census Tract 6, Humboldt County, California",5253,6014,5989,761,-25,736,14.49,-0.42,14.01,Humboldt County
1400000US06023000700,"Census Tract 7, Humboldt County, California",5521,5581,5703,60,122,182,1.09,2.19,3.3,Humboldt County
1400000US06023000800,"Census Tract 8, Humboldt County, California",5186,4736,4684,-450,-52,-502,-8.68,-1.1,-9.68,Humboldt County
1400000US06023000900,"Census Tract 9, Humboldt County, California",5325,5235,5544,-90,309,219,-1.69,5.9,4.11,Humboldt County
1400000US06023001001,"Census Tract 10.01, Humboldt County, California",3355,3627,2989,272,-638,-366,8.11,-17.59,-10.91,Humboldt County
1400000US06023001002,"Census Tract 10.02, Humboldt County, California",2962,3248,3382,286,134,420,9.66,4.13,14.18,Humboldt County
1400000US06023001102,"Census Tract 11.02, Humboldt County, California",4496,4602,4586,106,-16,90,2.36,-0.35,2,Humboldt County
1400000US06023001103,"Census Tract 11.03, Humboldt County, California",2152,2312,2128,160,-184,-24,7.43,-7.96,-1.12,Humboldt County
1400000US06023001200,"Census Tract 12, Humboldt County, California",4815,5016,4959,201,-57,144,4.17,-1.14,2.99,Humboldt County
1400000US06023001300,"Census Tract 13, Humboldt County, California",1423,1561,1630,138,69,207,9.7,4.42,14.55,Humboldt County
1400000US06023010102,"Census Tract 101.02, Humboldt County, California",2382,2451,2294,69,-157,-88,2.9,-6.41,-3.69,Humboldt County
1400000US06023010200,"Census Tract 102, Humboldt County, California",2989,2859,2886,-130,27,-103,-4.35,0.94,-3.45,Humboldt County
1400000US06023010300,"Census Tract 103, Humboldt County, California",3223,3060,3008,-163,-52,-215,-5.06,-1.7,-6.67,Humboldt County
1400000US06023010400,"Census Tract 104, Humboldt County, California",3644,3736,3890,92,154,246,2.52,4.12,6.75,Humboldt County
1400000US06023010502,"Census Tract 105.02, Humboldt County, California",5626,5602,5467,-24,-135,-159,-0.43,-2.41,-2.83,Humboldt County
1400000US06023010503,"Census Tract 105.03, Humboldt County, California",4030,3955,4258,-75,303,228,-1.86,7.66,5.66,Humboldt County
1400000US06023010504,"Census Tract 105.04, Humboldt County, California",3844,3612,3644,-232,32,-200,-6.04,0.89,-5.2,Humboldt County
1400000US06023010600,"Census Tract 106, Humboldt County, California",1992,2073,2043,81,-30,51,4.07,-1.45,2.56,Humboldt County
1400000US06023010701,"Census Tract 107.01, Humboldt County, California",4644,4317,4568,-327,251,-76,-7.04,5.81,-1.64,Humboldt County
1400000US06023010702,"Census Tract 107.02, Humboldt County, California",2882,3234,3057,352,-177,175,12.21,-5.47,6.07,Humboldt County
1400000US06023010800,"Census Tract 108, Humboldt County, California",4748,4845,4809,97,-36,61,2.04,-0.74,1.28,Humboldt County
1400000US06023010901,"Census Tract 109.01, Humboldt County, California",4635,4715,4588,80,-127,-47,1.73,-2.69,-1.01,Humboldt County
1400000US06023010902,"Census Tract 109.02, Humboldt County, California",4096,4247,4145,151,-102,49,3.69,-2.4,1.2,Humboldt County
1400000US06023011000,"Census Tract 110, Humboldt County, California",4941,5410,5156,469,-254,215,9.49,-4.7,4.35,Humboldt County
1400000US06023011100,"Census Tract 111, Humboldt County, California",4405,4319,4563,-86,244,158,-1.95,5.65,3.59,Humboldt County
1400000US06023011200,"Census Tract 112, Humboldt County, California",3435,3506,3842,71,336,407,2.07,9.58,11.85,Humboldt County
1400000US06023011501,"Census Tract 115.01, Humboldt County, California",2177,2386,2206,209,-180,29,9.6,-7.54,1.33,Humboldt County
1400000US06023011502,"Census Tract 115.02, Humboldt County, California",1120,1257,889,137,-368,-231,12.23,-29.28,-20.63,Humboldt County
1400000US06023011600,"Census Tract 116, Humboldt County, California",3431,3399,3905,-32,506,474,-0.93,14.89,13.82,Humboldt County
1400000US06023940000,"Census Tract 9400, Humboldt County, California",3348,2959,2503,-389,-456,-845,-11.62,-15.41,-25.24,Humboldt County
1400000US06023990100,"Census Tract 9901, Humboldt County, California",0,0,0,0,0,0,#DIV/0!,#DIV/0!,#DIV/0!,Humboldt County
1400000US06025010101,"Census Tract 101.01, Imperial County, California",4254,4207,3292,-47,-915,-962,-1.1,-21.75,-22.61,Imperial County
1400000US06025010102,"Census Tract 101.02, Imperial County, California",4149,3903,4349,-246,446,200,-5.93,11.43,4.82,Imperial County
1400000US06025010200,"Census Tract 102, Imperial County, California",3108,2765,2482,-343,-283,-626,-11.04,-10.24,-20.14,Imperial County
1400000US06025010300,"Census Tract 103, Imperial County, California",1046,918,822,-128,-96,-224,-12.24,-10.46,-21.41,Imperial County
1400000US06025010401,"Census Tract 104.01, Imperial County, California",2944,2346,2517,-598,171,-427,-20.31,7.29,-14.5,Imperial County
1400000US06025010402,"Census Tract 104.02, Imperial County, California",5184,5384,5062,200,-322,-122,3.86,-5.98,-2.35,Imperial County
1400000US06025010500,"Census Tract 105, Imperial County, California",7209,7361,6973,152,-388,-236,2.11,-5.27,-3.27,Imperial County
1400000US06025010600,"Census Tract 106, Imperial County, California",6596,7089,7833,493,744,1237,7.47,10.5,18.75,Imperial County
1400000US06025010700,"Census Tract 107, Imperial County, California",4000,4239,4112,239,-127,112,5.98,-3,2.8,Imperial County
1400000US06025010800,"Census Tract 108, Imperial County, California",1223,1103,1237,-120,134,14,-9.81,12.15,1.14,Imperial County
1400000US06025010900,"Census Tract 109, Imperial County, California",7011,6675,6780,-336,105,-231,-4.79,1.57,-3.29,Imperial County
1400000US06025011001,"Census Tract 110.01, Imperial County, California",3931,4618,6301,687,1683,2370,17.48,36.44,60.29,Imperial County
1400000US06025011002,"Census Tract 110.02, Imperial County, California",10860,11415,11714,555,299,854,5.11,2.62,7.86,Imperial County
1400000US06025011100,"Census Tract 111, Imperial County, California",4257,4001,3930,-256,-71,-327,-6.01,-1.77,-7.68,Imperial County
1400000US06025011201,"Census Tract 112.01, Imperial County, California",6673,7370,6791,697,-579,118,10.45,-7.86,1.77,Imperial County
1400000US06025011202,"Census Tract 112.02, Imperial County, California",5996,6418,6119,422,-299,123,7.04,-4.66,2.05,Imperial County
1400000US06025011301,"Census Tract 113.01, Imperial County, California",4199,4292,4165,93,-127,-34,2.21,-2.96,-0.81,Imperial County
1400000US06025011302,"Census Tract 113.02, Imperial County, California",1886,1817,1752,-69,-65,-134,-3.66,-3.58,-7.1,Imperial County
1400000US06025011303,"Census Tract 113.03, Imperial County, California",5971,5514,4787,-457,-727,-1184,-7.65,-13.18,-19.83,Imperial County
1400000US06025011400,"Census Tract 114, Imperial County, California",4672,4372,4466,-300,94,-206,-6.42,2.15,-4.41,Imperial County
1400000US06025011500,"Census Tract 115, Imperial County, California",6096,6259,6058,163,-201,-38,2.67,-3.21,-0.62,Imperial County
1400000US06025011600,"Census Tract 116, Imperial County, California",5566,5538,5628,-28,90,62,-0.5,1.63,1.11,Imperial County
1400000US06025011700,"Census Tract 117, Imperial County, California",4909,4578,4573,-331,-5,-336,-6.74,-0.11,-6.84,Imperial County
1400000US06025011801,"Census Tract 118.01, Imperial County, California",4028,3920,3652,-108,-268,-376,-2.68,-6.84,-9.33,Imperial County
1400000US06025011802,"Census Tract 118.02, Imperial County, California",4669,4731,4992,62,261,323,1.33,5.52,6.92,Imperial County
1400000US06025011803,"Census Tract 118.03, Imperial County, California",7109,7715,7468,606,-247,359,8.52,-3.2,5.05,Imperial County
1400000US06025011901,"Census Tract 119.01, Imperial County, California",2021,2002,2003,-19,1,-18,-0.94,0.05,-0.89,Imperial County
1400000US06025011902,"Census Tract 119.02, Imperial County, California",4230,3214,3009,-1016,-205,-1221,-24.02,-6.38,-28.87,Imperial County
1400000US06025011903,"Census Tract 119.03, Imperial County, California",5536,5356,5269,-180,-87,-267,-3.25,-1.62,-4.82,Imperial County
1400000US06025012001,"Census Tract 120.01, Imperial County, California",4008,4774,5275,766,501,1267,19.11,10.49,31.61,Imperial County
1400000US06025012003,"Census Tract 120.03, Imperial County, California",4564,4272,4433,-292,161,-131,-6.4,3.77,-2.87,Imperial County
1400000US06025012004,"Census Tract 120.04, Imperial County, California",5372,4430,4256,-942,-174,-1116,-17.54,-3.93,-20.77,Imperial County
1400000US06025012101,"Census Tract 121.01, Imperial County, California",2634,3010,3029,376,19,395,14.27,0.63,15,Imperial County
1400000US06025012102,"Census Tract 121.02, Imperial County, California",3790,4124,4218,334,94,428,8.81,2.28,11.29,Imperial County
1400000US06025012201,"Census Tract 122.01, Imperial County, California",3922,4133,3694,211,-439,-228,5.38,-10.62,-5.81,Imperial County
1400000US06025012202,"Census Tract 122.02, Imperial County, California",3874,3584,3504,-290,-80,-370,-7.49,-2.23,-9.55,Imperial County
1400000US06025012301,"Census Tract 123.01, Imperial County, California",5018,5024,4307,6,-717,-711,0.12,-14.27,-14.17,Imperial County
1400000US06025012302,"Census Tract 123.02, Imperial County, California",5892,5069,6170,-823,1101,278,-13.97,21.72,4.72,Imperial County
1400000US06025012400,"Census Tract 124, Imperial County, California",468,562,589,94,27,121,20.09,4.8,25.85,Imperial County
1400000US06025940000,"Census Tract 9400, Imperial County, California",1705,1949,1967,244,18,262,14.31,0.92,15.37,Imperial County
1400000US06027000100,"Census Tract 1, Inyo County, California",2832,2914,3073,82,159,241,2.9,5.46,8.51,Inyo County
1400000US06027000200,"Census Tract 2, Inyo County, California",1817,1918,2081,101,163,264,5.56,8.5,14.53,Inyo County
1400000US06027000300,"Census Tract 3, Inyo County, California",2501,2429,2363,-72,-66,-138,-2.88,-2.72,-5.52,Inyo County
1400000US06027000400,"Census Tract 4, Inyo County, California",5388,5748,5735,360,-13,347,6.68,-0.23,6.44,Inyo County
1400000US06027000500,"Census Tract 5, Inyo County, California",2277,2479,2519,202,40,242,8.87,1.61,10.63,Inyo County
1400000US06027000800,"Census Tract 8, Inyo County, California",3115,3316,3058,201,-258,-57,6.45,-7.78,-1.83,Inyo County
1400000US06029000102,"Census Tract 1.02, Kern County, California",2987,2968,3154,-19,186,167,-0.64,6.27,5.59,Kern County
1400000US06029000103,"Census Tract 1.03, Kern County, California",5003,5218,5163,215,-55,160,4.3,-1.05,3.2,Kern County
1400000US06029000104,"Census Tract 1.04, Kern County, California",1327,1241,1388,-86,147,61,-6.48,11.85,4.6,Kern County
1400000US06029000105,"Census Tract 1.05, Kern County, California",4261,3979,4006,-282,27,-255,-6.62,0.68,-5.98,Kern County
1400000US06029000106,"Census Tract 1.06, Kern County, California",2533,2466,2879,-67,413,346,-2.65,16.75,13.66,Kern County
1400000US06029000201,"Census Tract 2.01, Kern County, California",4241,3998,3718,-243,-280,-523,-5.73,-7,-12.33,Kern County
1400000US06029000202,"Census Tract 2.02, Kern County, California",3511,3366,3458,-145,92,-53,-4.13,2.73,-1.51,Kern County
1400000US06029000300,"Census Tract 3, Kern County, California",5483,5164,4956,-319,-208,-527,-5.82,-4.03,-9.61,Kern County
1400000US06029000400,"Census Tract 4, Kern County, California",4697,4652,4840,-45,188,143,-0.96,4.04,3.04,Kern County
1400000US06029000504,"Census Tract 5.04, Kern County, California",5165,5022,4851,-143,-171,-314,-2.77,-3.41,-6.08,Kern County
1400000US06029000505,"Census Tract 5.05, Kern County, California",3625,3754,3976,129,222,351,3.56,5.91,9.68,Kern County
1400000US06029000506,"Census Tract 5.06, Kern County, California",2888,2938,2901,50,-37,13,1.73,-1.26,0.45,Kern County
1400000US06029000507,"Census Tract 5.07, Kern County, California",3588,3797,3843,209,46,255,5.82,1.21,7.11,Kern County
1400000US06029000508,"Census Tract 5.08, Kern County, California",1572,1637,1643,65,6,71,4.13,0.37,4.52,Kern County
1400000US06029000509,"Census Tract 5.09, Kern County, California",2377,2440,2498,63,58,121,2.65,2.38,5.09,Kern County
1400000US06029000510,"Census Tract 5.10, Kern County, California",3887,4397,4757,510,360,870,13.12,8.19,22.38,Kern County
1400000US06029000601,"Census Tract 6.01, Kern County, California",1894,1905,2025,11,120,131,0.58,6.3,6.92,Kern County
1400000US06029000602,"Census Tract 6.02, Kern County, California",3001,3166,2888,165,-278,-113,5.5,-8.78,-3.77,Kern County
1400000US06029000603,"Census Tract 6.03, Kern County, California",2554,2667,2272,113,-395,-282,4.42,-14.81,-11.04,Kern County
1400000US06029000701,"Census Tract 7.01, Kern County, California",2883,3043,2962,160,-81,79,5.55,-2.66,2.74,Kern County
1400000US06029000702,"Census Tract 7.02, Kern County, California",2876,2747,2710,-129,-37,-166,-4.49,-1.35,-5.77,Kern County
1400000US06029000800,"Census Tract 8, Kern County, California",5431,5590,5353,159,-237,-78,2.93,-4.24,-1.44,Kern County
1400000US06029000902,"Census Tract 9.02, Kern County, California",3095,3017,3034,-78,17,-61,-2.52,0.56,-1.97,Kern County
1400000US06029000903,"Census Tract 9.03, Kern County, California",4044,4494,4466,450,-28,422,11.13,-0.62,10.44,Kern County
1400000US06029000904,"Census Tract 9.04, Kern County, California",4401,4200,3836,-201,-364,-565,-4.57,-8.67,-12.84,Kern County
1400000US06029000905,"Census Tract 9.05, Kern County, California",3133,2977,2784,-156,-193,-349,-4.98,-6.48,-11.14,Kern County
1400000US06029000906,"Census Tract 9.06, Kern County, California",4551,4593,4089,42,-504,-462,0.92,-10.97,-10.15,Kern County
1400000US06029000907,"Census Tract 9.07, Kern County, California",2302,2396,2256,94,-140,-46,4.08,-5.84,-2,Kern County
1400000US06029000908,"Census Tract 9.08, Kern County, California",4639,4800,4647,161,-153,8,3.47,-3.19,0.17,Kern County
1400000US06029000909,"Census Tract 9.09, Kern County, California",2544,2604,2607,60,3,63,2.36,0.12,2.48,Kern County
1400000US06029000911,"Census Tract 9.11, Kern County, California",2273,2253,2487,-20,234,214,-0.88,10.39,9.41,Kern County
1400000US06029000912,"Census Tract 9.12, Kern County, California",3828,3808,3917,-20,109,89,-0.52,2.86,2.32,Kern County
1400000US06029000913,"Census Tract 9.13, Kern County, California",3018,3360,3768,342,408,750,11.33,12.14,24.85,Kern County
1400000US06029000914,"Census Tract 9.14, Kern County, California",3733,3952,4181,219,229,448,5.87,5.79,12,Kern County
1400000US06029001001,"Census Tract 10.01, Kern County, California",4708,4501,4876,-207,375,168,-4.4,8.33,3.57,Kern County
1400000US06029001002,"Census Tract 10.02, Kern County, California",3376,3338,3418,-38,80,42,-1.13,2.4,1.24,Kern County
1400000US06029001003,"Census Tract 10.03, Kern County, California",3199,3113,3338,-86,225,139,-2.69,7.23,4.35,Kern County
1400000US06029001101,"Census Tract 11.01, Kern County, California",6928,6438,6718,-490,280,-210,-7.07,4.35,-3.03,Kern County
1400000US06029001104,"Census Tract 11.04, Kern County, California",2580,2408,2562,-172,154,-18,-6.67,6.4,-0.7,Kern County
1400000US06029001105,"Census Tract 11.05, Kern County, California",4043,3688,3644,-355,-44,-399,-8.78,-1.19,-9.87,Kern County
1400000US06029001106,"Census Tract 11.06, Kern County, California",2468,2714,2722,246,8,254,9.97,0.29,10.29,Kern County
1400000US06029001107,"Census Tract 11.07, Kern County, California",3052,3061,2702,9,-359,-350,0.29,-11.73,-11.47,Kern County
1400000US06029001201,"Census Tract 12.01, Kern County, California",2903,3042,2878,139,-164,-25,4.79,-5.39,-0.86,Kern County
1400000US06029001202,"Census Tract 12.02, Kern County, California",6164,6455,6420,291,-35,256,4.72,-0.54,4.15,Kern County
1400000US06029001301,"Census Tract 13.01, Kern County, California",4816,4866,4802,50,-64,-14,1.04,-1.32,-0.29,Kern County
1400000US06029001302,"Census Tract 13.02, Kern County, California",2301,2487,2317,186,-170,16,8.08,-6.84,0.7,Kern County
1400000US06029001401,"Census Tract 14.01, Kern County, California",5062,4270,4253,-792,-17,-809,-15.65,-0.4,-15.98,Kern County
1400000US06029001402,"Census Tract 14.02, Kern County, California",3465,3053,2729,-412,-324,-736,-11.89,-10.61,-21.24,Kern County
1400000US06029001500,"Census Tract 15, Kern County, California",2650,2812,2819,162,7,169,6.11,0.25,6.38,Kern County
1400000US06029001600,"Census Tract 16, Kern County, California",2236,2299,2278,63,-21,42,2.82,-0.91,1.88,Kern County
1400000US06029001700,"Census Tract 17, Kern County, California",3744,3918,4214,174,296,470,4.65,7.55,12.55,Kern County
1400000US06029001801,"Census Tract 18.01, Kern County, California",5692,5657,5752,-35,95,60,-0.61,1.68,1.05,Kern County
1400000US06029001803,"Census Tract 18.03, Kern County, California",2302,2680,2913,378,233,611,16.42,8.69,26.54,Kern County
1400000US06029001804,"Census Tract 18.04, Kern County, California",3429,3429,3490,0,61,61,0,1.78,1.78,Kern County
1400000US06029001901,"Census Tract 19.01, Kern County, California",3579,3505,3860,-74,355,281,-2.07,10.13,7.85,Kern County
1400000US06029001902,"Census Tract 19.02, Kern County, California",4296,4334,4383,38,49,87,0.88,1.13,2.03,Kern County
1400000US06029002001,"Census Tract 20.01, Kern County, California",3069,3412,3707,343,295,638,11.18,8.65,20.79,Kern County
1400000US06029002002,"Census Tract 20.02, Kern County, California",3706,4841,4599,1135,-242,893,30.63,-5,24.1,Kern County
1400000US06029002100,"Census Tract 21, Kern County, California",3489,3348,3390,-141,42,-99,-4.04,1.25,-2.84,Kern County
1400000US06029002201,"Census Tract 22.01, Kern County, California",2730,2722,2765,-8,43,35,-0.29,1.58,1.28,Kern County
1400000US06029002202,"Census Tract 22.02, Kern County, California",3196,3340,3659,144,319,463,4.51,9.55,14.49,Kern County
1400000US06029002302,"Census Tract 23.02, Kern County, California",4275,3993,4047,-282,54,-228,-6.6,1.35,-5.33,Kern County
1400000US06029002303,"Census Tract 23.03, Kern County, California",3614,3723,3610,109,-113,-4,3.02,-3.04,-0.11,Kern County
1400000US06029002304,"Census Tract 23.04, Kern County, California",4347,4003,3840,-344,-163,-507,-7.91,-4.07,-11.66,Kern County
1400000US06029002305,"Census Tract 23.05, Kern County, California",2093,2395,2679,302,284,586,14.43,11.86,28,Kern County
1400000US06029002401,"Census Tract 24.01, Kern County, California",1933,1736,1692,-197,-44,-241,-10.19,-2.53,-12.47,Kern County
1400000US06029002402,"Census Tract 24.02, Kern County, California",4585,4731,4922,146,191,337,3.18,4.04,7.35,Kern County
1400000US06029002403,"Census Tract 24.03, Kern County, California",2034,2120,2396,86,276,362,4.23,13.02,17.8,Kern County
1400000US06029002501,"Census Tract 25.01, Kern County, California",4186,4196,4429,10,233,243,0.24,5.55,5.81,Kern County
1400000US06029002502,"Census Tract 25.02, Kern County, California",2088,2069,2167,-19,98,79,-0.91,4.74,3.78,Kern County
1400000US06029002503,"Census Tract 25.03, Kern County, California",2732,2997,3711,265,714,979,9.7,23.82,35.83,Kern County
1400000US06029002600,"Census Tract 26, Kern County, California",3510,3586,3429,76,-157,-81,2.17,-4.38,-2.31,Kern County
1400000US06029002701,"Census Tract 27.01, Kern County, California",2766,2702,2968,-64,266,202,-2.31,9.84,7.3,Kern County
1400000US06029002702,"Census Tract 27.02, Kern County, California",3065,3055,3357,-10,302,292,-0.33,9.89,9.53,Kern County
1400000US06029002804,"Census Tract 28.04, Kern County, California",2268,2240,2080,-28,-160,-188,-1.23,-7.14,-8.29,Kern County
1400000US06029002806,"Census Tract 28.06, Kern County, California",2308,2308,2403,0,95,95,0,4.12,4.12,Kern County
1400000US06029002807,"Census Tract 28.07, Kern County, California",3486,3935,3972,449,37,486,12.88,0.94,13.94,Kern County
1400000US06029002811,"Census Tract 28.11, Kern County, California",3274,3342,3524,68,182,250,2.08,5.45,7.64,Kern County
1400000US06029002813,"Census Tract 28.13, Kern County, California",4020,4244,4267,224,23,247,5.57,0.54,6.14,Kern County
1400000US06029002814,"Census Tract 28.14, Kern County, California",4115,4416,4032,301,-384,-83,7.31,-8.7,-2.02,Kern County
1400000US06029002815,"Census Tract 28.15, Kern County, California",4231,4924,4601,693,-323,370,16.38,-6.56,8.74,Kern County
1400000US06029002816,"Census Tract 28.16, Kern County, California",6580,7069,6947,489,-122,367,7.43,-1.73,5.58,Kern County
1400000US06029002817,"Census Tract 28.17, Kern County, California",5056,5284,5402,228,118,346,4.51,2.23,6.84,Kern County
1400000US06029002818,"Census Tract 28.18, Kern County, California",4658,5017,4933,359,-84,275,7.71,-1.67,5.9,Kern County
1400000US06029002819,"Census Tract 28.19, Kern County, California",4339,4673,4482,334,-191,143,7.7,-4.09,3.3,Kern County
1400000US06029002820,"Census Tract 28.20, Kern County, California",6504,7084,7100,580,16,596,8.92,0.23,9.16,Kern County
1400000US06029002821,"Census Tract 28.21, Kern County, California",4756,4730,4842,-26,112,86,-0.55,2.37,1.81,Kern County
1400000US06029002822,"Census Tract 28.22, Kern County, California",3111,3435,3339,324,-96,228,10.41,-2.79,7.33,Kern County
1400000US06029002823,"Census Tract 28.23, Kern County, California",4606,4653,4826,47,173,220,1.02,3.72,4.78,Kern County
1400000US06029002824,"Census Tract 28.24, Kern County, California",1921,2111,2260,190,149,339,9.89,7.06,17.65,Kern County
1400000US06029002825,"Census Tract 28.25, Kern County, California",2706,2917,2901,211,-16,195,7.8,-0.55,7.21,Kern County
1400000US06029002901,"Census Tract 29.01, Kern County, California",3063,3498,3391,435,-107,328,14.2,-3.06,10.71,Kern County
1400000US06029002902,"Census Tract 29.02, Kern County, California",4054,3979,4038,-75,59,-16,-1.85,1.48,-0.39,Kern County
1400000US06029003001,"Census Tract 30.01, Kern County, California",3928,3959,4132,31,173,204,0.79,4.37,5.19,Kern County
1400000US06029003002,"Census Tract 30.02, Kern County, California",3902,3560,3575,-342,15,-327,-8.76,0.42,-8.38,Kern County
1400000US06029003103,"Census Tract 31.03, Kern County, California",3690,4053,4204,363,151,514,9.84,3.73,13.93,Kern County
1400000US06029003112,"Census Tract 31.12, Kern County, California",5745,5865,6096,120,231,351,2.09,3.94,6.11,Kern County
1400000US06029003113,"Census Tract 31.13, Kern County, California",4951,5371,5239,420,-132,288,8.48,-2.46,5.82,Kern County
1400000US06029003124,"Census Tract 31.24, Kern County, California",5981,6359,6159,378,-200,178,6.32,-3.15,2.98,Kern County
1400000US06029003125,"Census Tract 31.25, Kern County, California",3036,3106,3434,70,328,398,2.31,10.56,13.11,Kern County
1400000US06029003126,"Census Tract 31.26, Kern County, California",5353,5977,5823,624,-154,470,11.66,-2.58,8.78,Kern County
1400000US06029003127,"Census Tract 31.27, Kern County, California",4296,4179,3686,-117,-493,-610,-2.72,-11.8,-14.2,Kern County
1400000US06029003128,"Census Tract 31.28, Kern County, California",3983,4437,4574,454,137,591,11.4,3.09,14.84,Kern County
1400000US06029003129,"Census Tract 31.29, Kern County, California",3666,3778,3553,112,-225,-113,3.06,-5.96,-3.08,Kern County
1400000US06029003130,"Census Tract 31.30, Kern County, California",4601,4745,4960,144,215,359,3.13,4.53,7.8,Kern County
1400000US06029003131,"Census Tract 31.31, Kern County, California",2919,3294,3305,375,11,386,12.85,0.33,13.22,Kern County
1400000US06029003132,"Census Tract 31.32, Kern County, California",4786,5065,4776,279,-289,-10,5.83,-5.71,-0.21,Kern County
1400000US06029003133,"Census Tract 31.33, Kern County, California",2260,2760,2723,500,-37,463,22.12,-1.34,20.49,Kern County
1400000US06029003134,"Census Tract 31.34, Kern County, California",2899,3499,3450,600,-49,551,20.7,-1.4,19.01,Kern County
1400000US06029003135,"Census Tract 31.35, Kern County, California",4799,4234,4320,-565,86,-479,-11.77,2.03,-9.98,Kern County
1400000US06029003136,"Census Tract 31.36, Kern County, California",1592,1750,1748,158,-2,156,9.92,-0.11,9.8,Kern County
1400000US06029003137,"Census Tract 31.37, Kern County, California",2893,3520,3192,627,-328,299,21.67,-9.32,10.34,Kern County
1400000US06029003203,"Census Tract 32.03, Kern County, California",2042,2098,2135,56,37,93,2.74,1.76,4.55,Kern County
1400000US06029003207,"Census Tract 32.07, Kern County, California",4878,5113,5013,235,-100,135,4.82,-1.96,2.77,Kern County
1400000US06029003208,"Census Tract 32.08, Kern County, California",6916,6995,6857,79,-138,-59,1.14,-1.97,-0.85,Kern County
1400000US06029003209,"Census Tract 32.09, Kern County, California",4481,4529,4811,48,282,330,1.07,6.23,7.36,Kern County
1400000US06029003210,"Census Tract 32.10, Kern County, California",5147,4840,4826,-307,-14,-321,-5.96,-0.29,-6.24,Kern County
1400000US06029003211,"Census Tract 32.11, Kern County, California",4836,5117,4897,281,-220,61,5.81,-4.3,1.26,Kern County
1400000US06029003212,"Census Tract 32.12, Kern County, California",5521,5782,6191,261,409,670,4.73,7.07,12.14,Kern County
1400000US06029003213,"Census Tract 32.13, Kern County, California",1134,1492,1836,358,344,702,31.57,23.06,61.9,Kern County
1400000US06029003214,"Census Tract 32.14, Kern County, California",1748,1653,2498,-95,845,750,-5.43,51.12,42.91,Kern County
1400000US06029003215,"Census Tract 32.15, Kern County, California",4240,4165,4052,-75,-113,-188,-1.77,-2.71,-4.43,Kern County
1400000US06029003216,"Census Tract 32.16, Kern County, California",3958,3981,3727,23,-254,-231,0.58,-6.38,-5.84,Kern County
1400000US06029003217,"Census Tract 32.17, Kern County, California",3403,3834,3234,431,-600,-169,12.67,-15.65,-4.97,Kern County
1400000US06029003218,"Census Tract 32.18, Kern County, California",4997,5685,6161,688,476,1164,13.77,8.37,23.29,Kern County
1400000US06029003219,"Census Tract 32.19, Kern County, California",5465,5916,5594,451,-322,129,8.25,-5.44,2.36,Kern County
1400000US06029003220,"Census Tract 32.20, Kern County, California",3354,4227,4653,873,426,1299,26.03,10.08,38.73,Kern County
1400000US06029003221,"Census Tract 32.21, Kern County, California",2344,2870,3700,526,830,1356,22.44,28.92,57.85,Kern County
1400000US06029003222,"Census Tract 32.22, Kern County, California",1990,2213,2102,223,-111,112,11.21,-5.02,5.63,Kern County
1400000US06029003303,"Census Tract 33.03, Kern County, California",2447,1542,1470,-905,-72,-977,-36.98,-4.67,-39.93,Kern County
1400000US06029003304,"Census Tract 33.04, Kern County, California",2871,2559,2683,-312,124,-188,-10.87,4.85,-6.55,Kern County
1400000US06029003305,"Census Tract 33.05, Kern County, California",3854,3779,3448,-75,-331,-406,-1.95,-8.76,-10.53,Kern County
1400000US06029003307,"Census Tract 33.07, Kern County, California",2131,2265,2303,134,38,172,6.29,1.68,8.07,Kern County
1400000US06029003308,"Census Tract 33.08, Kern County, California",2540,2021,2019,-519,-2,-521,-20.43,-0.1,-20.51,Kern County
1400000US06029003400,"Census Tract 34, Kern County, California",4919,4327,4357,-592,30,-562,-12.03,0.69,-11.43,Kern County
1400000US06029003500,"Census Tract 35, Kern County, California",8222,8189,6915,-33,-1274,-1307,-0.4,-15.56,-15.9,Kern County
1400000US06029003600,"Census Tract 36, Kern County, California",3847,4082,4243,235,161,396,6.11,3.94,10.29,Kern County
1400000US06029003806,"Census Tract 38.06, Kern County, California",5075,5398,5634,323,236,559,6.36,4.37,11.01,Kern County
1400000US06029003807,"Census Tract 38.07, Kern County, California",3619,3704,3357,85,-347,-262,2.35,-9.37,-7.24,Kern County
1400000US06029003808,"Census Tract 38.08, Kern County, California",4672,4615,4745,-57,130,73,-1.22,2.82,1.56,Kern County
1400000US06029003810,"Census Tract 38.10, Kern County, California",2541,2491,2513,-50,22,-28,-1.97,0.88,-1.1,Kern County
1400000US06029003811,"Census Tract 38.11, Kern County, California",2375,2358,2581,-17,223,206,-0.72,9.46,8.67,Kern County
1400000US06029003812,"Census Tract 38.12, Kern County, California",4595,4887,5030,292,143,435,6.35,2.93,9.47,Kern County
1400000US06029003814,"Census Tract 38.14, Kern County, California",7223,6834,7540,-389,706,317,-5.39,10.33,4.39,Kern County
1400000US06029003815,"Census Tract 38.15, Kern County, California",6019,6219,6710,200,491,691,3.32,7.9,11.48,Kern County
1400000US06029003816,"Census Tract 38.16, Kern County, California",3791,3974,3190,183,-784,-601,4.83,-19.73,-15.85,Kern County
1400000US06029003817,"Census Tract 38.17, Kern County, California",3545,3707,4243,162,536,698,4.57,14.46,19.69,Kern County
1400000US06029003818,"Census Tract 38.18, Kern County, California",5633,5452,5687,-181,235,54,-3.21,4.31,0.96,Kern County
1400000US06029003819,"Census Tract 38.19, Kern County, California",5127,4619,4600,-508,-19,-527,-9.91,-0.41,-10.28,Kern County
1400000US06029003820,"Census Tract 38.20, Kern County, California",2775,2732,2857,-43,125,82,-1.55,4.58,2.95,Kern County
1400000US06029003821,"Census Tract 38.21, Kern County, California",4509,4418,4226,-91,-192,-283,-2.02,-4.35,-6.28,Kern County
1400000US06029003822,"Census Tract 38.22, Kern County, California",2515,3004,2828,489,-176,313,19.44,-5.86,12.45,Kern County
1400000US06029003823,"Census Tract 38.23, Kern County, California",4209,4154,4487,-55,333,278,-1.31,8.02,6.6,Kern County
1400000US06029003824,"Census Tract 38.24, Kern County, California",2739,2652,2694,-87,42,-45,-3.18,1.58,-1.64,Kern County
1400000US06029003825,"Census Tract 38.25, Kern County, California",2386,2879,2703,493,-176,317,20.66,-6.11,13.29,Kern County
1400000US06029003826,"Census Tract 38.26, Kern County, California",2342,2723,2964,381,241,622,16.27,8.85,26.56,Kern County
1400000US06029003827,"Census Tract 38.27, Kern County, California",2395,2366,2693,-29,327,298,-1.21,13.82,12.44,Kern County
1400000US06029003900,"Census Tract 39, Kern County, California",2717,3230,3388,513,158,671,18.88,4.89,24.7,Kern County
1400000US06029004001,"Census Tract 40.01, Kern County, California",4704,4578,4570,-126,-8,-134,-2.68,-0.17,-2.85,Kern County
1400000US06029004002,"Census Tract 40.02, Kern County, California",4346,4074,4038,-272,-36,-308,-6.26,-0.88,-7.09,Kern County
1400000US06029004101,"Census Tract 41.01, Kern County, California",5814,6054,6450,240,396,636,4.13,6.54,10.94,Kern County
1400000US06029004102,"Census Tract 41.02, Kern County, California",5189,5033,4642,-156,-391,-547,-3.01,-7.77,-10.54,Kern County
1400000US06029004302,"Census Tract 43.02, Kern County, California",5568,5469,4321,-99,-1148,-1247,-1.78,-20.99,-22.4,Kern County
1400000US06029004303,"Census Tract 43.03, Kern County, California",5022,5282,5404,260,122,382,5.18,2.31,7.61,Kern County
1400000US06029004304,"Census Tract 43.04, Kern County, California",2523,2542,2590,19,48,67,0.75,1.89,2.66,Kern County
1400000US06029004305,"Census Tract 43.05, Kern County, California",1885,1808,1662,-77,-146,-223,-4.08,-8.08,-11.83,Kern County
1400000US06029004402,"Census Tract 44.02, Kern County, California",5209,4958,4600,-251,-358,-609,-4.82,-7.22,-11.69,Kern County
1400000US06029004403,"Census Tract 44.03, Kern County, California",2932,2928,2885,-4,-43,-47,-0.14,-1.47,-1.6,Kern County
1400000US06029004404,"Census Tract 44.04, Kern County, California",4472,4488,4930,16,442,458,0.36,9.85,10.24,Kern County
1400000US06029004500,"Census Tract 45, Kern County, California",2695,2864,3008,169,144,313,6.27,5.03,11.61,Kern County
1400000US06029004601,"Census Tract 46.01, Kern County, California",3453,4401,3792,948,-609,339,27.45,-13.84,9.82,Kern County
1400000US06029004603,"Census Tract 46.03, Kern County, California",2878,3174,2452,296,-722,-426,10.28,-22.75,-14.8,Kern County
1400000US06029004605,"Census Tract 46.05, Kern County, California",3553,3204,3447,-349,243,-106,-9.82,7.58,-2.98,Kern County
1400000US06029004606,"Census Tract 46.06, Kern County, California",4261,2566,2465,-1695,-101,-1796,-39.78,-3.94,-42.15,Kern County
1400000US06029004607,"Census Tract 46.07, Kern County, California",6317,6037,6123,-280,86,-194,-4.43,1.42,-3.07,Kern County
1400000US06029004702,"Census Tract 47.02, Kern County, California",3267,3660,3755,393,95,488,12.03,2.6,14.94,Kern County
1400000US06029004703,"Census Tract 47.03, Kern County, California",5127,5130,4891,3,-239,-236,0.06,-4.66,-4.6,Kern County
1400000US06029004704,"Census Tract 47.04, Kern County, California",5391,5910,5951,519,41,560,9.63,0.69,10.39,Kern County
1400000US06029004801,"Census Tract 48.01, Kern County, California",3857,4236,4381,379,145,524,9.83,3.42,13.59,Kern County
1400000US06029004802,"Census Tract 48.02, Kern County, California",5762,6118,6067,356,-51,305,6.18,-0.83,5.29,Kern County
1400000US06029004901,"Census Tract 49.01, Kern County, California",6090,6348,6038,258,-310,-52,4.24,-4.88,-0.85,Kern County
1400000US06029004903,"Census Tract 49.03, Kern County, California",5252,5176,4974,-76,-202,-278,-1.45,-3.9,-5.29,Kern County
1400000US06029004904,"Census Tract 49.04, Kern County, California",3668,3462,3121,-206,-341,-547,-5.62,-9.85,-14.91,Kern County
1400000US06029005003,"Census Tract 50.03, Kern County, California",3557,3599,3250,42,-349,-307,1.18,-9.7,-8.63,Kern County
1400000US06029005005,"Census Tract 50.05, Kern County, California",3346,3022,3207,-324,185,-139,-9.68,6.12,-4.15,Kern County
1400000US06029005006,"Census Tract 50.06, Kern County, California",3949,3978,3919,29,-59,-30,0.73,-1.48,-0.76,Kern County
1400000US06029005103,"Census Tract 51.03, Kern County, California",2380,2340,2163,-40,-177,-217,-1.68,-7.56,-9.12,Kern County
1400000US06029005104,"Census Tract 51.04, Kern County, California",4077,4137,4111,60,-26,34,1.47,-0.63,0.83,Kern County
1400000US06029005203,"Census Tract 52.03, Kern County, California",4549,4440,4278,-109,-162,-271,-2.4,-3.65,-5.96,Kern County
1400000US06029005205,"Census Tract 52.05, Kern County, California",3758,3785,3714,27,-71,-44,0.72,-1.88,-1.17,Kern County
1400000US06029005206,"Census Tract 52.06, Kern County, California",2481,2540,2521,59,-19,40,2.38,-0.75,1.61,Kern County
1400000US06029005207,"Census Tract 52.07, Kern County, California",1808,1839,1910,31,71,102,1.71,3.86,5.64,Kern County
1400000US06029005208,"Census Tract 52.08, Kern County, California",2585,2574,2885,-11,311,300,-0.43,12.08,11.61,Kern County
1400000US06029005300,"Census Tract 53, Kern County, California",2245,2264,2441,19,177,196,0.85,7.82,8.73,Kern County
1400000US06029005402,"Census Tract 54.02, Kern County, California",5205,5127,5157,-78,30,-48,-1.5,0.59,-0.92,Kern County
1400000US06029005405,"Census Tract 54.05, Kern County, California",2543,2471,2518,-72,47,-25,-2.83,1.9,-0.98,Kern County
1400000US06029005406,"Census Tract 54.06, Kern County, California",3685,3719,3743,34,24,58,0.92,0.65,1.57,Kern County
1400000US06029005407,"Census Tract 54.07, Kern County, California",4040,3505,3702,-535,197,-338,-13.24,5.62,-8.37,Kern County
1400000US06029005408,"Census Tract 54.08, Kern County, California",5120,5183,5024,63,-159,-96,1.23,-3.07,-1.88,Kern County
1400000US06029005409,"Census Tract 54.09, Kern County, California",4470,4498,4435,28,-63,-35,0.63,-1.4,-0.78,Kern County
1400000US06029005410,"Census Tract 54.10, Kern County, California",1929,1833,1758,-96,-75,-171,-4.98,-4.09,-8.86,Kern County
1400000US06029005508,"Census Tract 55.08, Kern County, California",4465,4732,4865,267,133,400,5.98,2.81,8.96,Kern County
1400000US06029005509,"Census Tract 55.09, Kern County, California",4535,4335,4481,-200,146,-54,-4.41,3.37,-1.19,Kern County
1400000US06029005510,"Census Tract 55.10, Kern County, California",1552,1614,1659,62,45,107,3.99,2.79,6.89,Kern County
1400000US06029005511,"Census Tract 55.11, Kern County, California",3924,4339,4393,415,54,469,10.58,1.24,11.95,Kern County
1400000US06029005512,"Census Tract 55.12, Kern County, California",3294,3381,3646,87,265,352,2.64,7.84,10.69,Kern County
1400000US06029005513,"Census Tract 55.13, Kern County, California",1959,1961,1945,2,-16,-14,0.1,-0.82,-0.71,Kern County
1400000US06029005514,"Census Tract 55.14, Kern County, California",3297,3886,3632,589,-254,335,17.86,-6.54,10.16,Kern County
1400000US06029005600,"Census Tract 56, Kern County, California",2280,2418,2469,138,51,189,6.05,2.11,8.29,Kern County
1400000US06029005700,"Census Tract 57, Kern County, California",2906,2924,2851,18,-73,-55,0.62,-2.5,-1.89,Kern County
1400000US06029005803,"Census Tract 58.03, Kern County, California",3265,3205,3600,-60,395,335,-1.84,12.32,10.26,Kern County
1400000US06029005804,"Census Tract 58.04, Kern County, California",6115,5886,5523,-229,-363,-592,-3.74,-6.17,-9.68,Kern County
1400000US06029005805,"Census Tract 58.05, Kern County, California",2277,2231,2176,-46,-55,-101,-2.02,-2.47,-4.44,Kern County
1400000US06029005806,"Census Tract 58.06, Kern County, California",4358,4702,5115,344,413,757,7.89,8.78,17.37,Kern County
1400000US06029005900,"Census Tract 59, Kern County, California",3361,3341,3570,-20,229,209,-0.6,6.85,6.22,Kern County
1400000US06029006002,"Census Tract 60.02, Kern County, California",4193,4284,3611,91,-673,-582,2.17,-15.71,-13.88,Kern County
1400000US06029006003,"Census Tract 60.03, Kern County, California",5949,6009,5908,60,-101,-41,1.01,-1.68,-0.69,Kern County
1400000US06029006004,"Census Tract 60.04, Kern County, California",1253,1255,1270,2,15,17,0.16,1.2,1.36,Kern County
1400000US06029006006,"Census Tract 60.06, Kern County, California",4508,4117,4054,-391,-63,-454,-8.67,-1.53,-10.07,Kern County
1400000US06029006009,"Census Tract 60.09, Kern County, California",2620,2660,2813,40,153,193,1.53,5.75,7.37,Kern County
1400000US06029006010,"Census Tract 60.10, Kern County, California",3151,2790,3130,-361,340,-21,-11.46,12.19,-0.67,Kern County
1400000US06029006011,"Census Tract 60.11, Kern County, California",3077,3320,2918,243,-402,-159,7.9,-12.11,-5.17,Kern County
1400000US06029006012,"Census Tract 60.12, Kern County, California",2977,3266,3182,289,-84,205,9.71,-2.57,6.89,Kern County
1400000US06029006101,"Census Tract 61.01, Kern County, California",3556,3827,3928,271,101,372,7.62,2.64,10.46,Kern County
1400000US06029006102,"Census Tract 61.02, Kern County, California",4676,4954,4949,278,-5,273,5.95,-0.1,5.84,Kern County
1400000US06029006201,"Census Tract 62.01, Kern County, California",2550,2502,2473,-48,-29,-77,-1.88,-1.16,-3.02,Kern County
1400000US06029006202,"Census Tract 62.02, Kern County, California",8612,7908,7943,-704,35,-669,-8.17,0.44,-7.77,Kern County
1400000US06029006301,"Census Tract 63.01, Kern County, California",3916,3766,3644,-150,-122,-272,-3.83,-3.24,-6.95,Kern County
1400000US06029006303,"Census Tract 63.03, Kern County, California",5794,5287,5184,-507,-103,-610,-8.75,-1.95,-10.53,Kern County
1400000US06029006304,"Census Tract 63.04, Kern County, California",4365,3789,4037,-576,248,-328,-13.2,6.55,-7.51,Kern County
1400000US06029006403,"Census Tract 64.03, Kern County, California",6499,6299,5953,-200,-346,-546,-3.08,-5.49,-8.4,Kern County
1400000US06029006404,"Census Tract 64.04, Kern County, California",3867,3640,3551,-227,-89,-316,-5.87,-2.45,-8.17,Kern County
1400000US06029006405,"Census Tract 64.05, Kern County, California",2747,2777,2543,30,-234,-204,1.09,-8.43,-7.43,Kern County
1400000US06029006406,"Census Tract 64.06, Kern County, California",4164,3936,4063,-228,127,-101,-5.48,3.23,-2.43,Kern County
1400000US06029006500,"Census Tract 65, Kern County, California",4536,4809,4352,273,-457,-184,6.02,-9.5,-4.06,Kern County
1400000US06029006600,"Census Tract 66, Kern County, California",4719,4434,4707,-285,273,-12,-6.04,6.16,-0.25,Kern County
1400000US06031000100,"Census Tract 1, Kings County, California",3225,3004,3078,-221,74,-147,-6.85,2.46,-4.56,Kings County
1400000US06031000200,"Census Tract 2, Kings County, California",2560,2241,2064,-319,-177,-496,-12.46,-7.9,-19.38,Kings County
1400000US06031000402,"Census Tract 4.02, Kings County, California",5864,5909,6120,45,211,256,0.77,3.57,4.37,Kings County
1400000US06031000403,"Census Tract 4.03, Kings County, California",4807,4955,5323,148,368,516,3.08,7.43,10.73,Kings County
1400000US06031000405,"Census Tract 4.05, Kings County, California",6354,6371,6488,17,117,134,0.27,1.84,2.11,Kings County
1400000US06031000406,"Census Tract 4.06, Kings County, California",3514,3855,3652,341,-203,138,9.7,-5.27,3.93,Kings County
1400000US06031000407,"Census Tract 4.07, Kings County, California",7192,7411,7539,219,128,347,3.05,1.73,4.82,Kings County
1400000US06031000500,"Census Tract 5, Kings County, California",5444,5457,5213,13,-244,-231,0.24,-4.47,-4.24,Kings County
1400000US06031000602,"Census Tract 6.02, Kings County, California",6052,5895,5915,-157,20,-137,-2.59,0.34,-2.26,Kings County
1400000US06031000603,"Census Tract 6.03, Kings County, California",2863,2911,3249,48,338,386,1.68,11.61,13.48,Kings County
1400000US06031000604,"Census Tract 6.04, Kings County, California",7621,8051,8174,430,123,553,5.64,1.53,7.26,Kings County
1400000US06031000701,"Census Tract 7.01, Kings County, California",5783,5600,5817,-183,217,34,-3.16,3.88,0.59,Kings County
1400000US06031000702,"Census Tract 7.02, Kings County, California",4304,4398,4575,94,177,271,2.18,4.02,6.3,Kings County
1400000US06031000800,"Census Tract 8, Kings County, California",5287,5229,5284,-58,55,-3,-1.1,1.05,-0.06,Kings County
1400000US06031000901,"Census Tract 9.01, Kings County, California",4070,3807,3647,-263,-160,-423,-6.46,-4.2,-10.39,Kings County
1400000US06031000902,"Census Tract 9.02, Kings County, California",3888,3828,3697,-60,-131,-191,-1.54,-3.42,-4.91,Kings County
1400000US06031001001,"Census Tract 10.01, Kings County, California",5109,5076,5558,-33,482,449,-0.65,9.5,8.79,Kings County
1400000US06031001002,"Census Tract 10.02, Kings County, California",4457,4473,4189,16,-284,-268,0.36,-6.35,-6.01,Kings County
1400000US06031001003,"Census Tract 10.03, Kings County, California",7039,6710,6792,-329,82,-247,-4.67,1.22,-3.51,Kings County
1400000US06031001100,"Census Tract 11, Kings County, California",6498,6366,6373,-132,7,-125,-2.03,0.11,-1.92,Kings County
1400000US06031001200,"Census Tract 12, Kings County, California",2362,2279,2364,-83,85,2,-3.51,3.73,0.08,Kings County
1400000US06031001300,"Census Tract 13, Kings County, California",4183,4483,4414,300,-69,231,7.17,-1.54,5.52,Kings County
1400000US06031001401,"Census Tract 14.01, Kings County, California",2340,2492,2775,152,283,435,6.5,11.36,18.59,Kings County
1400000US06031001402,"Census Tract 14.02, Kings County, California",2327,2214,2527,-113,313,200,-4.86,14.14,8.59,Kings County
1400000US06031001500,"Census Tract 15, Kings County, California",4789,4850,6029,61,1179,1240,1.27,24.31,25.89,Kings County
1400000US06031001601,"Census Tract 16.01, Kings County, California",4418,4373,4221,-45,-152,-197,-1.02,-3.48,-4.46,Kings County
1400000US06031001702,"Census Tract 17.02, Kings County, California",5311,5513,5548,202,35,237,3.8,0.63,4.46,Kings County
1400000US06031001703,"Census Tract 17.03, Kings County, California",5022,5381,5119,359,-262,97,7.15,-4.87,1.93,Kings County
1400000US06031980000,"Census Tract 9800, Kings County, California",6756,6692,6403,-64,-289,-353,-0.95,-4.32,-5.22,Kings County
1400000US06031980100,"Census Tract 9801, Kings County, California",8923,9076,7612,153,-1464,-1311,1.71,-16.13,-14.69,Kings County
1400000US06031981800,"Census Tract 9818, Kings County, California",2728,2987,2756,259,-231,28,9.49,-7.73,1.03,Kings County
1400000US06033000100,"Census Tract 1, Lake County, California",3417,3466,3529,49,63,112,1.43,1.82,3.28,Lake County
1400000US06033000300,"Census Tract 3, Lake County, California",4091,4071,4139,-20,68,48,-0.49,1.67,1.17,Lake County
1400000US06033000401,"Census Tract 4.01, Lake County, California",3127,2894,2931,-233,37,-196,-7.45,1.28,-6.27,Lake County
1400000US06033000402,"Census Tract 4.02, Lake County, California",2487,2826,2452,339,-374,-35,13.63,-13.23,-1.41,Lake County
1400000US06033000501,"Census Tract 5.01, Lake County, California",2800,2898,2924,98,26,124,3.5,0.9,4.43,Lake County
1400000US06033000502,"Census Tract 5.02, Lake County, California",2346,2610,2271,264,-339,-75,11.25,-12.99,-3.2,Lake County
1400000US06033000601,"Census Tract 6.01, Lake County, California",1887,1892,1927,5,35,40,0.26,1.85,2.12,Lake County
1400000US06033000602,"Census Tract 6.02, Lake County, California",2024,1872,2150,-152,278,126,-7.51,14.85,6.23,Lake County
1400000US06033000702,"Census Tract 7.02, Lake County, California",4608,4995,4916,387,-79,308,8.4,-1.58,6.68,Lake County
1400000US06033000703,"Census Tract 7.03, Lake County, California",1945,1866,2084,-79,218,139,-4.06,11.68,7.15,Lake County
1400000US06033000704,"Census Tract 7.04, Lake County, California",1795,1987,2006,192,19,211,10.7,0.96,11.75,Lake County
1400000US06033000801,"Census Tract 8.01, Lake County, California",2467,2701,2959,234,258,492,9.49,9.55,19.94,Lake County
1400000US06033000802,"Census Tract 8.02, Lake County, California",4723,5117,4847,394,-270,124,8.34,-5.28,2.63,Lake County
1400000US06033000901,"Census Tract 9.01, Lake County, California",3162,3205,3027,43,-178,-135,1.36,-5.55,-4.27,Lake County
1400000US06033000902,"Census Tract 9.02, Lake County, California",3947,3916,4069,-31,153,122,-0.79,3.91,3.09,Lake County
1400000US06033001000,"Census Tract 10, Lake County, California",6384,6774,6891,390,117,507,6.11,1.73,7.94,Lake County
1400000US06033001101,"Census Tract 11.01, Lake County, California",1459,2009,2168,550,159,709,37.7,7.91,48.59,Lake County
1400000US06033001102,"Census Tract 11.02, Lake County, California",1297,1115,1059,-182,-56,-238,-14.03,-5.02,-18.35,Lake County
1400000US06033001200,"Census Tract 12, Lake County, California",3031,3177,3345,146,168,314,4.82,5.29,10.36,Lake County
1400000US06033001301,"Census Tract 13.01, Lake County, California",3732,4002,3857,270,-145,125,7.23,-3.62,3.35,Lake County
1400000US06033001302,"Census Tract 13.02, Lake County, California",3547,4356,4473,809,117,926,22.81,2.69,26.11,Lake County
1400000US06035040100,"Census Tract 401, Lassen County, California",1687,1693,1552,6,-141,-135,0.36,-8.33,-8,Lassen County
1400000US06035040200,"Census Tract 402, Lassen County, California",2460,2442,2391,-18,-51,-69,-0.73,-2.09,-2.8,Lassen County
1400000US06035040302,"Census Tract 403.02, Lassen County, California",4025,4547,4583,522,36,558,12.97,0.79,13.86,Lassen County
1400000US06035040303,"Census Tract 403.03, Lassen County, California",2172,2314,2810,142,496,638,6.54,21.43,29.37,Lassen County
1400000US06035040304,"Census Tract 403.04, Lassen County, California",1515,1838,2018,323,180,503,21.32,9.79,33.2,Lassen County
1400000US06035040305,"Census Tract 403.05, Lassen County, California",2936,3719,4264,783,545,1328,26.67,14.65,45.23,Lassen County
1400000US06035040400,"Census Tract 404, Lassen County, California",9424,9483,7717,59,-1766,-1707,0.63,-18.62,-18.11,Lassen County
1400000US06035040500,"Census Tract 405, Lassen County, California",3076,3114,2862,38,-252,-214,1.24,-8.09,-6.96,Lassen County
1400000US06035040600,"Census Tract 406, Lassen County, California",3305,3799,3676,494,-123,371,14.95,-3.24,11.23,Lassen County
1400000US06037101110,"Census Tract 1011.10, Los Angeles County, California",3923,3879,4014,-44,135,91,-1.12,3.48,2.32,Los Angeles County
1400000US06037101122,"Census Tract 1011.22, Los Angeles County, California",4119,4247,4164,128,-83,45,3.11,-1.95,1.09,Los Angeles County
1400000US06037101220,"Census Tract 1012.20, Los Angeles County, California",3775,3583,3481,-192,-102,-294,-5.09,-2.85,-7.79,Los Angeles County
1400000US06037101221,"Census Tract 1012.21, Los Angeles County, California",3787,3723,3756,-64,33,-31,-1.69,0.89,-0.82,Los Angeles County
1400000US06037101222,"Census Tract 1012.22, Los Angeles County, California",2717,2690,2808,-27,118,91,-0.99,4.39,3.35,Los Angeles County
1400000US06037101300,"Census Tract 1013, Los Angeles County, California",3741,4068,4071,327,3,330,8.74,0.07,8.82,Los Angeles County
1400000US06037101400,"Census Tract 1014, Los Angeles County, California",3246,3372,3490,126,118,244,3.88,3.5,7.52,Los Angeles County
1400000US06037102103,"Census Tract 1021.03, Los Angeles County, California",1920,1767,1834,-153,67,-86,-7.97,3.79,-4.48,Los Angeles County
1400000US06037102104,"Census Tract 1021.04, Los Angeles County, California",4187,4003,4033,-184,30,-154,-4.39,0.75,-3.68,Los Angeles County
1400000US06037102105,"Census Tract 1021.05, Los Angeles County, California",1797,1674,1610,-123,-64,-187,-6.84,-3.82,-10.41,Los Angeles County
1400000US06037102107,"Census Tract 1021.07, Los Angeles County, California",4082,3920,3577,-162,-343,-505,-3.97,-8.75,-12.37,Los Angeles County
1400000US06037103101,"Census Tract 1031.01, Los Angeles County, California",2484,2481,2726,-3,245,242,-0.12,9.88,9.74,Los Angeles County
1400000US06037103102,"Census Tract 1031.02, Los Angeles County, California",4716,4692,4550,-24,-142,-166,-0.51,-3.03,-3.52,Los Angeles County
1400000US06037103201,"Census Tract 1032.01, Los Angeles County, California",3961,4179,4291,218,112,330,5.5,2.68,8.33,Los Angeles County
1400000US06037103202,"Census Tract 1032.02, Los Angeles County, California",2569,2082,2010,-487,-72,-559,-18.96,-3.46,-21.76,Los Angeles County
1400000US06037103300,"Census Tract 1033, Los Angeles County, California",3726,3842,3816,116,-26,90,3.11,-0.68,2.42,Los Angeles County
1400000US06037103401,"Census Tract 1034.01, Los Angeles County, California",2596,2643,2391,47,-252,-205,1.81,-9.53,-7.9,Los Angeles County
1400000US06037103402,"Census Tract 1034.02, Los Angeles County, California",3795,3902,3829,107,-73,34,2.82,-1.87,0.9,Los Angeles County
1400000US06037104103,"Census Tract 1041.03, Los Angeles County, California",3969,4204,4281,235,77,312,5.92,1.83,7.86,Los Angeles County
1400000US06037104105,"Census Tract 1041.05, Los Angeles County, California",5711,5789,6195,78,406,484,1.37,7.01,8.47,Los Angeles County
1400000US06037104108,"Census Tract 1041.08, Los Angeles County, California",5551,5138,4962,-413,-176,-589,-7.44,-3.43,-10.61,Los Angeles County
1400000US06037104124,"Census Tract 1041.24, Los Angeles County, California",3843,3889,4006,46,117,163,1.2,3.01,4.24,Los Angeles County
1400000US06037104201,"Census Tract 1042.01, Los Angeles County, California",4718,4599,4636,-119,37,-82,-2.52,0.8,-1.74,Los Angeles County
1400000US06037104203,"Census Tract 1042.03, Los Angeles County, California",5420,5178,5182,-242,4,-238,-4.46,0.08,-4.39,Los Angeles County
1400000US06037104204,"Census Tract 1042.04, Los Angeles County, California",3684,3749,3691,65,-58,7,1.76,-1.55,0.19,Los Angeles County
1400000US06037104310,"Census Tract 1043.10, Los Angeles County, California",4961,4875,4392,-86,-483,-569,-1.73,-9.91,-11.47,Los Angeles County
1400000US06037104321,"Census Tract 1043.21, Los Angeles County, California",3128,3115,2890,-13,-225,-238,-0.42,-7.22,-7.61,Los Angeles County
1400000US06037104322,"Census Tract 1043.22, Los Angeles County, California",2005,1892,1787,-113,-105,-218,-5.64,-5.55,-10.87,Los Angeles County
1400000US06037104401,"Census Tract 1044.01, Los Angeles County, California",3134,3066,2977,-68,-89,-157,-2.17,-2.9,-5.01,Los Angeles County
1400000US06037104403,"Census Tract 1044.03, Los Angeles County, California",2723,2724,2352,1,-372,-371,0.04,-13.66,-13.62,Los Angeles County
1400000US06037104404,"Census Tract 1044.04, Los Angeles County, California",3592,3413,3323,-179,-90,-269,-4.98,-2.64,-7.49,Los Angeles County
1400000US06037104500,"Census Tract 1045, Los Angeles County, California",2866,3119,3301,253,182,435,8.83,5.84,15.18,Los Angeles County
1400000US06037104610,"Census Tract 1046.10, Los Angeles County, California",3473,3274,3122,-199,-152,-351,-5.73,-4.64,-10.11,Los Angeles County
1400000US06037104620,"Census Tract 1046.20, Los Angeles County, California",3559,3490,3528,-69,38,-31,-1.94,1.09,-0.87,Los Angeles County
1400000US06037104701,"Census Tract 1047.01, Los Angeles County, California",3957,3812,3891,-145,79,-66,-3.66,2.07,-1.67,Los Angeles County
1400000US06037104703,"Census Tract 1047.03, Los Angeles County, California",2410,2367,2298,-43,-69,-112,-1.78,-2.92,-4.65,Los Angeles County
1400000US06037104704,"Census Tract 1047.04, Los Angeles County, California",4525,4487,4567,-38,80,42,-0.84,1.78,0.93,Los Angeles County
1400000US06037104821,"Census Tract 1048.21, Los Angeles County, California",3268,3514,3431,246,-83,163,7.53,-2.36,4.99,Los Angeles County
1400000US06037104822,"Census Tract 1048.22, Los Angeles County, California",2566,2668,2461,102,-207,-105,3.98,-7.76,-4.09,Los Angeles County
1400000US06037104823,"Census Tract 1048.23, Los Angeles County, California",3526,3346,3362,-180,16,-164,-5.1,0.48,-4.65,Los Angeles County
1400000US06037104824,"Census Tract 1048.24, Los Angeles County, California",2639,2781,2657,142,-124,18,5.38,-4.46,0.68,Los Angeles County
1400000US06037106010,"Census Tract 1060.10, Los Angeles County, California",3444,3494,3578,50,84,134,1.45,2.4,3.89,Los Angeles County
1400000US06037106020,"Census Tract 1060.20, Los Angeles County, California",5154,4790,4576,-364,-214,-578,-7.06,-4.47,-11.21,Los Angeles County
1400000US06037106111,"Census Tract 1061.11, Los Angeles County, California",4428,4694,4859,266,165,431,6.01,3.52,9.73,Los Angeles County
1400000US06037106112,"Census Tract 1061.12, Los Angeles County, California",5214,5167,5125,-47,-42,-89,-0.9,-0.81,-1.71,Los Angeles County
1400000US06037106113,"Census Tract 1061.13, Los Angeles County, California",3712,3797,3871,85,74,159,2.29,1.95,4.28,Los Angeles County
1400000US06037106114,"Census Tract 1061.14, Los Angeles County, California",6575,6658,6800,83,142,225,1.26,2.13,3.42,Los Angeles County
1400000US06037106403,"Census Tract 1064.03, Los Angeles County, California",3486,3501,3701,15,200,215,0.43,5.71,6.17,Los Angeles County
1400000US06037106405,"Census Tract 1064.05, Los Angeles County, California",4404,4405,4340,1,-65,-64,0.02,-1.48,-1.45,Los Angeles County
1400000US06037106406,"Census Tract 1064.06, Los Angeles County, California",6288,6360,6534,72,174,246,1.15,2.74,3.91,Los Angeles County
1400000US06037106407,"Census Tract 1064.07, Los Angeles County, California",2618,2558,2352,-60,-206,-266,-2.29,-8.05,-10.16,Los Angeles County
1400000US06037106408,"Census Tract 1064.08, Los Angeles County, California",3822,3749,3733,-73,-16,-89,-1.91,-0.43,-2.33,Los Angeles County
1400000US06037106510,"Census Tract 1065.10, Los Angeles County, California",6133,5738,5717,-395,-21,-416,-6.44,-0.37,-6.78,Los Angeles County
1400000US06037106520,"Census Tract 1065.20, Los Angeles County, California",5710,5861,5545,151,-316,-165,2.64,-5.39,-2.89,Los Angeles County
1400000US06037106603,"Census Tract 1066.03, Los Angeles County, California",3658,3646,3544,-12,-102,-114,-0.33,-2.8,-3.12,Los Angeles County
1400000US06037106604,"Census Tract 1066.04, Los Angeles County, California",4572,3749,4010,-823,261,-562,-18,6.96,-12.29,Los Angeles County
1400000US06037106641,"Census Tract 1066.41, Los Angeles County, California",2271,2200,2197,-71,-3,-74,-3.13,-0.14,-3.26,Los Angeles County
1400000US06037106642,"Census Tract 1066.42, Los Angeles County, California",3294,3421,3442,127,21,148,3.86,0.61,4.49,Los Angeles County
1400000US06037106643,"Census Tract 1066.43, Los Angeles County, California",4511,4432,4306,-79,-126,-205,-1.75,-2.84,-4.54,Los Angeles County
1400000US06037106645,"Census Tract 1066.45, Los Angeles County, California",4158,3874,3769,-284,-105,-389,-6.83,-2.71,-9.36,Los Angeles County
1400000US06037106646,"Census Tract 1066.46, Los Angeles County, California",3028,3002,3011,-26,9,-17,-0.86,0.3,-0.56,Los Angeles County
1400000US06037106648,"Census Tract 1066.48, Los Angeles County, California",4264,4570,4581,306,11,317,7.18,0.24,7.43,Los Angeles County
1400000US06037106649,"Census Tract 1066.49, Los Angeles County, California",2916,2816,2776,-100,-40,-140,-3.43,-1.42,-4.8,Los Angeles County
1400000US06037107010,"Census Tract 1070.10, Los Angeles County, California",3243,3118,3177,-125,59,-66,-3.85,1.89,-2.04,Los Angeles County
1400000US06037107020,"Census Tract 1070.20, Los Angeles County, California",5759,5337,4610,-422,-727,-1149,-7.33,-13.62,-19.95,Los Angeles County
1400000US06037108101,"Census Tract 1081.01, Los Angeles County, California",2303,2324,2274,21,-50,-29,0.91,-2.15,-1.26,Los Angeles County
1400000US06037108102,"Census Tract 1081.02, Los Angeles County, California",3327,3439,3596,112,157,269,3.37,4.57,8.09,Los Angeles County
1400000US06037108103,"Census Tract 1081.03, Los Angeles County, California",3082,3064,2968,-18,-96,-114,-0.58,-3.13,-3.7,Los Angeles County
1400000US06037108104,"Census Tract 1081.04, Los Angeles County, California",1818,1756,1738,-62,-18,-80,-3.41,-1.03,-4.4,Los Angeles County
1400000US06037108202,"Census Tract 1082.02, Los Angeles County, California",8148,8776,9302,628,526,1154,7.71,5.99,14.16,Los Angeles County
1400000US06037108203,"Census Tract 1082.03, Los Angeles County, California",3273,3301,3170,28,-131,-103,0.86,-3.97,-3.15,Los Angeles County
1400000US06037108204,"Census Tract 1082.04, Los Angeles County, California",1893,1831,1780,-62,-51,-113,-3.28,-2.79,-5.97,Los Angeles County
1400000US06037109100,"Census Tract 1091, Los Angeles County, California",2647,2558,2675,-89,117,28,-3.36,4.57,1.06,Los Angeles County
1400000US06037109200,"Census Tract 1092, Los Angeles County, California",2746,2863,3161,117,298,415,4.26,10.41,15.11,Los Angeles County
1400000US06037109300,"Census Tract 1093, Los Angeles County, California",2908,2846,2864,-62,18,-44,-2.13,0.63,-1.51,Los Angeles County
1400000US06037109400,"Census Tract 1094, Los Angeles County, California",4044,4285,4175,241,-110,131,5.96,-2.57,3.24,Los Angeles County
1400000US06037109500,"Census Tract 1095, Los Angeles County, California",4720,4238,3699,-482,-539,-1021,-10.21,-12.72,-21.63,Los Angeles County
1400000US06037109601,"Census Tract 1096.01, Los Angeles County, California",4877,4849,4831,-28,-18,-46,-0.57,-0.37,-0.94,Los Angeles County
1400000US06037109603,"Census Tract 1096.03, Los Angeles County, California",4233,4235,3900,2,-335,-333,0.05,-7.91,-7.87,Los Angeles County
1400000US06037109604,"Census Tract 1096.04, Los Angeles County, California",3013,2812,2900,-201,88,-113,-6.67,3.13,-3.75,Los Angeles County
1400000US06037109700,"Census Tract 1097, Los Angeles County, California",4787,4496,4333,-291,-163,-454,-6.08,-3.63,-9.48,Los Angeles County
1400000US06037109800,"Census Tract 1098, Los Angeles County, California",5221,4766,4584,-455,-182,-637,-8.71,-3.82,-12.2,Los Angeles County
1400000US06037111100,"Census Tract 1111, Los Angeles County, California",3156,3058,3076,-98,18,-80,-3.11,0.59,-2.53,Los Angeles County
1400000US06037111201,"Census Tract 1112.01, Los Angeles County, California",3459,3462,3256,3,-206,-203,0.09,-5.95,-5.87,Los Angeles County
1400000US06037111202,"Census Tract 1112.02, Los Angeles County, California",5593,5749,5670,156,-79,77,2.79,-1.37,1.38,Los Angeles County
1400000US06037111204,"Census Tract 1112.04, Los Angeles County, California",5909,5614,5600,-295,-14,-309,-4.99,-0.25,-5.23,Los Angeles County
1400000US06037111205,"Census Tract 1112.05, Los Angeles County, California",3905,3761,3879,-144,118,-26,-3.69,3.14,-0.67,Los Angeles County
1400000US06037111206,"Census Tract 1112.06, Los Angeles County, California",4363,4361,4363,-2,2,0,-0.05,0.05,0,Los Angeles County
1400000US06037111302,"Census Tract 1113.02, Los Angeles County, California",5253,4895,4880,-358,-15,-373,-6.82,-0.31,-7.1,Los Angeles County
1400000US06037111303,"Census Tract 1113.03, Los Angeles County, California",4835,4975,4712,140,-263,-123,2.9,-5.29,-2.54,Los Angeles County
1400000US06037111304,"Census Tract 1113.04, Los Angeles County, California",2752,2987,3106,235,119,354,8.54,3.98,12.86,Los Angeles County
1400000US06037111401,"Census Tract 1114.01, Los Angeles County, California",2353,2265,2293,-88,28,-60,-3.74,1.24,-2.55,Los Angeles County
1400000US06037111402,"Census Tract 1114.02, Los Angeles County, California",6535,6294,6146,-241,-148,-389,-3.69,-2.35,-5.95,Los Angeles County
1400000US06037113101,"Census Tract 1131.01, Los Angeles County, California",3590,3580,3525,-10,-55,-65,-0.28,-1.54,-1.81,Los Angeles County
1400000US06037113102,"Census Tract 1131.02, Los Angeles County, California",2783,2717,2784,-66,67,1,-2.37,2.47,0.04,Los Angeles County
1400000US06037113211,"Census Tract 1132.11, Los Angeles County, California",4264,4121,4248,-143,127,-16,-3.35,3.08,-0.38,Los Angeles County
1400000US06037113212,"Census Tract 1132.12, Los Angeles County, California",2998,3163,2888,165,-275,-110,5.5,-8.69,-3.67,Los Angeles County
1400000US06037113213,"Census Tract 1132.13, Los Angeles County, California",5652,5176,5087,-476,-89,-565,-8.42,-1.72,-10,Los Angeles County
1400000US06037113231,"Census Tract 1132.31, Los Angeles County, California",2275,2230,2161,-45,-69,-114,-1.98,-3.09,-5.01,Los Angeles County
1400000US06037113232,"Census Tract 1132.32, Los Angeles County, California",4394,4973,4596,579,-377,202,13.18,-7.58,4.6,Los Angeles County
1400000US06037113234,"Census Tract 1132.34, Los Angeles County, California",5400,5371,5653,-29,282,253,-0.54,5.25,4.69,Los Angeles County
1400000US06037113235,"Census Tract 1132.35, Los Angeles County, California",1699,1680,1727,-19,47,28,-1.12,2.8,1.65,Los Angeles County
1400000US06037113237,"Census Tract 1132.37, Los Angeles County, California",5004,5130,4725,126,-405,-279,2.52,-7.89,-5.58,Los Angeles County
1400000US06037113238,"Census Tract 1132.38, Los Angeles County, California",4313,4165,4547,-148,382,234,-3.43,9.17,5.43,Los Angeles County
1400000US06037113239,"Census Tract 1132.39, Los Angeles County, California",2183,2354,2343,171,-11,160,7.83,-0.47,7.33,Los Angeles County
1400000US06037113301,"Census Tract 1133.01, Los Angeles County, California",3972,4293,4830,321,537,858,8.08,12.51,21.6,Los Angeles County
1400000US06037113303,"Census Tract 1133.03, Los Angeles County, California",3779,3899,3774,120,-125,-5,3.18,-3.21,-0.13,Los Angeles County
1400000US06037113322,"Census Tract 1133.22, Los Angeles County, California",4680,4405,4584,-275,179,-96,-5.88,4.06,-2.05,Los Angeles County
1400000US06037113323,"Census Tract 1133.23, Los Angeles County, California",4029,3884,3619,-145,-265,-410,-3.6,-6.82,-10.18,Los Angeles County
1400000US06037113324,"Census Tract 1133.24, Los Angeles County, California",2844,2931,2771,87,-160,-73,3.06,-5.46,-2.57,Los Angeles County
1400000US06037113423,"Census Tract 1134.23, Los Angeles County, California",3017,3259,3077,242,-182,60,8.02,-5.58,1.99,Los Angeles County
1400000US06037113424,"Census Tract 1134.24, Los Angeles County, California",3493,3256,3346,-237,90,-147,-6.78,2.76,-4.21,Los Angeles County
1400000US06037113425,"Census Tract 1134.25, Los Angeles County, California",4407,4561,4499,154,-62,92,3.49,-1.36,2.09,Los Angeles County
1400000US06037113426,"Census Tract 1134.26, Los Angeles County, California",2414,2412,2322,-2,-90,-92,-0.08,-3.73,-3.81,Los Angeles County
1400000US06037113427,"Census Tract 1134.27, Los Angeles County, California",1770,2156,2360,386,204,590,21.81,9.46,33.33,Los Angeles County
1400000US06037113428,"Census Tract 1134.28, Los Angeles County, California",4237,4026,4222,-211,196,-15,-4.98,4.87,-0.35,Los Angeles County
1400000US06037115101,"Census Tract 1151.01, Los Angeles County, California",4932,5031,4678,99,-353,-254,2.01,-7.02,-5.15,Los Angeles County
1400000US06037115103,"Census Tract 1151.03, Los Angeles County, California",3181,3037,2725,-144,-312,-456,-4.53,-10.27,-14.34,Los Angeles County
1400000US06037115104,"Census Tract 1151.04, Los Angeles County, California",4619,4509,4327,-110,-182,-292,-2.38,-4.04,-6.32,Los Angeles County
1400000US06037115202,"Census Tract 1152.02, Los Angeles County, California",6393,5975,6010,-418,35,-383,-6.54,0.59,-5.99,Los Angeles County
1400000US06037115203,"Census Tract 1152.03, Los Angeles County, California",2652,2101,2236,-551,135,-416,-20.78,6.43,-15.69,Los Angeles County
1400000US06037115204,"Census Tract 1152.04, Los Angeles County, California",4054,3957,3806,-97,-151,-248,-2.39,-3.82,-6.12,Los Angeles County
1400000US06037115301,"Census Tract 1153.01, Los Angeles County, California",4648,4677,4511,29,-166,-137,0.62,-3.55,-2.95,Los Angeles County
1400000US06037115302,"Census Tract 1153.02, Los Angeles County, California",3835,3645,3912,-190,267,77,-4.95,7.33,2.01,Los Angeles County
1400000US06037115401,"Census Tract 1154.01, Los Angeles County, California",6185,6186,5847,1,-339,-338,0.02,-5.48,-5.46,Los Angeles County
1400000US06037115403,"Census Tract 1154.03, Los Angeles County, California",3597,3373,3477,-224,104,-120,-6.23,3.08,-3.34,Los Angeles County
1400000US06037115404,"Census Tract 1154.04, Los Angeles County, California",2897,2796,2830,-101,34,-67,-3.49,1.22,-2.31,Los Angeles County
1400000US06037117101,"Census Tract 1171.01, Los Angeles County, California",5094,5130,5252,36,122,158,0.71,2.38,3.1,Los Angeles County
1400000US06037117102,"Census Tract 1171.02, Los Angeles County, California",2745,2661,2504,-84,-157,-241,-3.06,-5.9,-8.78,Los Angeles County
1400000US06037117201,"Census Tract 1172.01, Los Angeles County, California",5126,4608,4250,-518,-358,-876,-10.11,-7.77,-17.09,Los Angeles County
1400000US06037117202,"Census Tract 1172.02, Los Angeles County, California",2857,2840,2853,-17,13,-4,-0.6,0.46,-0.14,Los Angeles County
1400000US06037117301,"Census Tract 1173.01, Los Angeles County, California",3679,3732,3632,53,-100,-47,1.44,-2.68,-1.28,Los Angeles County
1400000US06037117302,"Census Tract 1173.02, Los Angeles County, California",4932,4746,4957,-186,211,25,-3.77,4.45,0.51,Los Angeles County
1400000US06037117303,"Census Tract 1173.03, Los Angeles County, California",4369,4510,4428,141,-82,59,3.23,-1.82,1.35,Los Angeles County
1400000US06037117404,"Census Tract 1174.04, Los Angeles County, California",5646,5466,5548,-180,82,-98,-3.19,1.5,-1.74,Los Angeles County
1400000US06037117405,"Census Tract 1174.05, Los Angeles County, California",3421,3406,3176,-15,-230,-245,-0.44,-6.75,-7.16,Los Angeles County
1400000US06037117407,"Census Tract 1174.07, Los Angeles County, California",3715,3702,3566,-13,-136,-149,-0.35,-3.67,-4.01,Los Angeles County
1400000US06037117408,"Census Tract 1174.08, Los Angeles County, California",2803,2592,2404,-211,-188,-399,-7.53,-7.25,-14.23,Los Angeles County
1400000US06037117510,"Census Tract 1175.10, Los Angeles County, California",3661,3878,3807,217,-71,146,5.93,-1.83,3.99,Los Angeles County
1400000US06037117520,"Census Tract 1175.20, Los Angeles County, California",4226,4322,4571,96,249,345,2.27,5.76,8.16,Los Angeles County
1400000US06037117530,"Census Tract 1175.30, Los Angeles County, California",6231,6195,5963,-36,-232,-268,-0.58,-3.74,-4.3,Los Angeles County
1400000US06037119001,"Census Tract 1190.01, Los Angeles County, California",4583,4417,4462,-166,45,-121,-3.62,1.02,-2.64,Los Angeles County
1400000US06037119003,"Census Tract 1190.03, Los Angeles County, California",4425,4070,3895,-355,-175,-530,-8.02,-4.3,-11.98,Los Angeles County
1400000US06037119004,"Census Tract 1190.04, Los Angeles County, California",3353,3398,2768,45,-630,-585,1.34,-18.54,-17.45,Los Angeles County
1400000US06037119201,"Census Tract 1192.01, Los Angeles County, California",4426,4325,4412,-101,87,-14,-2.28,2.01,-0.32,Los Angeles County
1400000US06037119202,"Census Tract 1192.02, Los Angeles County, California",4756,4895,4766,139,-129,10,2.92,-2.64,0.21,Los Angeles County
1400000US06037119310,"Census Tract 1193.10, Los Angeles County, California",4297,3893,3931,-404,38,-366,-9.4,0.98,-8.52,Los Angeles County
1400000US06037119320,"Census Tract 1193.20, Los Angeles County, California",4735,4602,4475,-133,-127,-260,-2.81,-2.76,-5.49,Los Angeles County
1400000US06037119340,"Census Tract 1193.40, Los Angeles County, California",4031,4034,3905,3,-129,-126,0.07,-3.2,-3.13,Los Angeles County
1400000US06037119341,"Census Tract 1193.41, Los Angeles County, California",2825,2670,2750,-155,80,-75,-5.49,3,-2.65,Los Angeles County
1400000US06037119342,"Census Tract 1193.42, Los Angeles County, California",3009,2902,2850,-107,-52,-159,-3.56,-1.79,-5.28,Los Angeles County
1400000US06037119400,"Census Tract 1194, Los Angeles County, California",5564,5307,5061,-257,-246,-503,-4.62,-4.64,-9.04,Los Angeles County
1400000US06037119700,"Census Tract 1197, Los Angeles County, California",4925,4781,4269,-144,-512,-656,-2.92,-10.71,-13.32,Los Angeles County
1400000US06037119801,"Census Tract 1198.01, Los Angeles County, California",2648,2608,2556,-40,-52,-92,-1.51,-1.99,-3.47,Los Angeles County
1400000US06037119802,"Census Tract 1198.02, Los Angeles County, California",3340,3313,3238,-27,-75,-102,-0.81,-2.26,-3.05,Los Angeles County
1400000US06037119900,"Census Tract 1199, Los Angeles County, California",5123,4837,4521,-286,-316,-602,-5.58,-6.53,-11.75,Los Angeles County
1400000US06037120010,"Census Tract 1200.10, Los Angeles County, California",2796,2617,2700,-179,83,-96,-6.4,3.17,-3.43,Los Angeles County
1400000US06037120020,"Census Tract 1200.20, Los Angeles County, California",3872,3945,4359,73,414,487,1.89,10.49,12.58,Los Angeles County
1400000US06037120030,"Census Tract 1200.30, Los Angeles County, California",2500,2448,2614,-52,166,114,-2.08,6.78,4.56,Los Angeles County
1400000US06037120103,"Census Tract 1201.03, Los Angeles County, California",3376,3057,3030,-319,-27,-346,-9.45,-0.88,-10.25,Los Angeles County
1400000US06037120104,"Census Tract 1201.04, Los Angeles County, California",2243,2308,2375,65,67,132,2.9,2.9,5.88,Los Angeles County
1400000US06037120105,"Census Tract 1201.05, Los Angeles County, California",2694,2645,2691,-49,46,-3,-1.82,1.74,-0.11,Los Angeles County
1400000US06037120106,"Census Tract 1201.06, Los Angeles County, California",4519,4462,4443,-57,-19,-76,-1.26,-0.43,-1.68,Los Angeles County
1400000US06037120107,"Census Tract 1201.07, Los Angeles County, California",4060,4222,4044,162,-178,-16,3.99,-4.22,-0.39,Los Angeles County
1400000US06037120108,"Census Tract 1201.08, Los Angeles County, California",4592,4517,4511,-75,-6,-81,-1.63,-0.13,-1.76,Los Angeles County
1400000US06037120300,"Census Tract 1203, Los Angeles County, California",5066,4982,5299,-84,317,233,-1.66,6.36,4.6,Los Angeles County
1400000US06037120400,"Census Tract 1204, Los Angeles County, California",6533,6155,6170,-378,15,-363,-5.79,0.24,-5.56,Los Angeles County
1400000US06037121010,"Census Tract 1210.10, Los Angeles County, California",4737,5243,5277,506,34,540,10.68,0.65,11.4,Los Angeles County
1400000US06037121020,"Census Tract 1210.20, Los Angeles County, California",3701,3626,3661,-75,35,-40,-2.03,0.97,-1.08,Los Angeles County
1400000US06037121101,"Census Tract 1211.01, Los Angeles County, California",3128,3088,3191,-40,103,63,-1.28,3.34,2.01,Los Angeles County
1400000US06037121102,"Census Tract 1211.02, Los Angeles County, California",2247,2273,2271,26,-2,24,1.16,-0.09,1.07,Los Angeles County
1400000US06037121210,"Census Tract 1212.10, Los Angeles County, California",3077,3109,2922,32,-187,-155,1.04,-6.01,-5.04,Los Angeles County
1400000US06037121221,"Census Tract 1212.21, Los Angeles County, California",2379,2329,2237,-50,-92,-142,-2.1,-3.95,-5.97,Los Angeles County
1400000US06037121222,"Census Tract 1212.22, Los Angeles County, California",4688,4808,4872,120,64,184,2.56,1.33,3.92,Los Angeles County
1400000US06037121600,"Census Tract 1216, Los Angeles County, California",2838,2745,2635,-93,-110,-203,-3.28,-4.01,-7.15,Los Angeles County
1400000US06037121801,"Census Tract 1218.01, Los Angeles County, California",3165,3374,3916,209,542,751,6.6,16.06,23.73,Los Angeles County
1400000US06037121802,"Census Tract 1218.02, Los Angeles County, California",3088,3017,3026,-71,9,-62,-2.3,0.3,-2.01,Los Angeles County
1400000US06037121900,"Census Tract 1219, Los Angeles County, California",3686,3548,3314,-138,-234,-372,-3.74,-6.6,-10.09,Los Angeles County
1400000US06037122000,"Census Tract 1220, Los Angeles County, California",5390,4940,5034,-450,94,-356,-8.35,1.9,-6.6,Los Angeles County
1400000US06037122120,"Census Tract 1221.20, Los Angeles County, California",4772,5342,4692,570,-650,-80,11.94,-12.17,-1.68,Los Angeles County
1400000US06037122121,"Census Tract 1221.21, Los Angeles County, California",2909,2815,2853,-94,38,-56,-3.23,1.35,-1.93,Los Angeles County
1400000US06037122122,"Census Tract 1221.22, Los Angeles County, California",2644,2556,2507,-88,-49,-137,-3.33,-1.92,-5.18,Los Angeles County
1400000US06037122200,"Census Tract 1222, Los Angeles County, California",3542,3662,3884,120,222,342,3.39,6.06,9.66,Los Angeles County
1400000US06037122410,"Census Tract 1224.10, Los Angeles County, California",3471,3615,3949,144,334,478,4.15,9.24,13.77,Los Angeles County
1400000US06037122420,"Census Tract 1224.20, Los Angeles County, California",5029,5077,5113,48,36,84,0.95,0.71,1.67,Los Angeles County
1400000US06037123010,"Census Tract 1230.10, Los Angeles County, California",3911,4112,3948,201,-164,37,5.14,-3.99,0.95,Los Angeles County
1400000US06037123020,"Census Tract 1230.20, Los Angeles County, California",3028,2783,2634,-245,-149,-394,-8.09,-5.35,-13.01,Los Angeles County
1400000US06037123103,"Census Tract 1231.03, Los Angeles County, California",3816,3997,3917,181,-80,101,4.74,-2,2.65,Los Angeles County
1400000US06037123104,"Census Tract 1231.04, Los Angeles County, California",4848,4565,4393,-283,-172,-455,-5.84,-3.77,-9.39,Los Angeles County
1400000US06037123203,"Census Tract 1232.03, Los Angeles County, California",3446,3089,2982,-357,-107,-464,-10.36,-3.46,-13.46,Los Angeles County
1400000US06037123204,"Census Tract 1232.04, Los Angeles County, California",3508,3281,3399,-227,118,-109,-6.47,3.6,-3.11,Los Angeles County
1400000US06037123205,"Census Tract 1232.05, Los Angeles County, California",2716,2767,2959,51,192,243,1.88,6.94,8.95,Los Angeles County
1400000US06037123206,"Census Tract 1232.06, Los Angeles County, California",2323,2289,2371,-34,82,48,-1.46,3.58,2.07,Los Angeles County
1400000US06037123301,"Census Tract 1233.01, Los Angeles County, California",4467,4302,4068,-165,-234,-399,-3.69,-5.44,-8.93,Los Angeles County
1400000US06037123303,"Census Tract 1233.03, Los Angeles County, California",2860,2996,3029,136,33,169,4.76,1.1,5.91,Los Angeles County
1400000US06037123304,"Census Tract 1233.04, Los Angeles County, California",4581,4467,4499,-114,32,-82,-2.49,0.72,-1.79,Los Angeles County
1400000US06037123410,"Census Tract 1234.10, Los Angeles County, California",3861,3826,3503,-35,-323,-358,-0.91,-8.44,-9.27,Los Angeles County
1400000US06037123420,"Census Tract 1234.20, Los Angeles County, California",5015,4731,4401,-284,-330,-614,-5.66,-6.98,-12.24,Los Angeles County
1400000US06037123510,"Census Tract 1235.10, Los Angeles County, California",5200,5079,4911,-121,-168,-289,-2.33,-3.31,-5.56,Los Angeles County
1400000US06037123520,"Census Tract 1235.20, Los Angeles County, California",2799,2700,2619,-99,-81,-180,-3.54,-3,-6.43,Los Angeles County
1400000US06037123601,"Census Tract 1236.01, Los Angeles County, California",4961,4811,5145,-150,334,184,-3.02,6.94,3.71,Los Angeles County
1400000US06037123602,"Census Tract 1236.02, Los Angeles County, California",3435,3412,3190,-23,-222,-245,-0.67,-6.51,-7.13,Los Angeles County
1400000US06037123700,"Census Tract 1237, Los Angeles County, California",4612,4474,4214,-138,-260,-398,-2.99,-5.81,-8.63,Los Angeles County
1400000US06037123800,"Census Tract 1238, Los Angeles County, California",5941,5753,5696,-188,-57,-245,-3.16,-0.99,-4.12,Los Angeles County
1400000US06037123901,"Census Tract 1239.01, Los Angeles County, California",4862,4158,3986,-704,-172,-876,-14.48,-4.14,-18.02,Los Angeles County
1400000US06037123902,"Census Tract 1239.02, Los Angeles County, California",2653,2791,2668,138,-123,15,5.2,-4.41,0.57,Los Angeles County
1400000US06037124000,"Census Tract 1240, Los Angeles County, California",5225,4836,4432,-389,-404,-793,-7.44,-8.35,-15.18,Los Angeles County
1400000US06037124102,"Census Tract 1241.02, Los Angeles County, California",3600,3597,3650,-3,53,50,-0.08,1.47,1.39,Los Angeles County
1400000US06037124103,"Census Tract 1241.03, Los Angeles County, California",1889,1956,1811,67,-145,-78,3.55,-7.41,-4.13,Los Angeles County
1400000US06037124104,"Census Tract 1241.04, Los Angeles County, California",2577,2596,2764,19,168,187,0.74,6.47,7.26,Los Angeles County
1400000US06037124105,"Census Tract 1241.05, Los Angeles County, California",2287,2428,2250,141,-178,-37,6.17,-7.33,-1.62,Los Angeles County
1400000US06037124201,"Census Tract 1242.01, Los Angeles County, California",3548,3496,3837,-52,341,289,-1.47,9.75,8.15,Los Angeles County
1400000US06037124203,"Census Tract 1242.03, Los Angeles County, California",2216,2069,2003,-147,-66,-213,-6.63,-3.19,-9.61,Los Angeles County
1400000US06037124204,"Census Tract 1242.04, Los Angeles County, California",1867,2104,2302,237,198,435,12.69,9.41,23.3,Los Angeles County
1400000US06037124300,"Census Tract 1243, Los Angeles County, California",2892,2894,2964,2,70,72,0.07,2.42,2.49,Los Angeles County
1400000US06037124400,"Census Tract 1244, Los Angeles County, California",4855,4695,4582,-160,-113,-273,-3.3,-2.41,-5.62,Los Angeles County
1400000US06037124500,"Census Tract 1245, Los Angeles County, California",2807,2813,2695,6,-118,-112,0.21,-4.19,-3.99,Los Angeles County
1400000US06037124600,"Census Tract 1246, Los Angeles County, California",2606,2718,2608,112,-110,2,4.3,-4.05,0.08,Los Angeles County
1400000US06037124700,"Census Tract 1247, Los Angeles County, California",5606,5323,5409,-283,86,-197,-5.05,1.62,-3.51,Los Angeles County
1400000US06037124902,"Census Tract 1249.02, Los Angeles County, California",3075,3294,3301,219,7,226,7.12,0.21,7.35,Los Angeles County
1400000US06037124903,"Census Tract 1249.03, Los Angeles County, California",3746,3979,3744,233,-235,-2,6.22,-5.91,-0.05,Los Angeles County
1400000US06037125101,"Census Tract 1251.01, Los Angeles County, California",3567,3819,3978,252,159,411,7.06,4.16,11.52,Los Angeles County
1400000US06037125102,"Census Tract 1251.02, Los Angeles County, California",2121,1838,1948,-283,110,-173,-13.34,5.98,-8.16,Los Angeles County
1400000US06037125200,"Census Tract 1252, Los Angeles County, California",4006,3757,3889,-249,132,-117,-6.22,3.51,-2.92,Los Angeles County
1400000US06037125310,"Census Tract 1253.10, Los Angeles County, California",3844,3525,3598,-319,73,-246,-8.3,2.07,-6.4,Los Angeles County
1400000US06037125321,"Census Tract 1253.21, Los Angeles County, California",3089,2718,2761,-371,43,-328,-12.01,1.58,-10.62,Los Angeles County
1400000US06037125322,"Census Tract 1253.22, Los Angeles County, California",2052,1979,1981,-73,2,-71,-3.56,0.1,-3.46,Los Angeles County
1400000US06037125402,"Census Tract 1254.02, Los Angeles County, California",4139,4520,4403,381,-117,264,9.21,-2.59,6.38,Los Angeles County
1400000US06037125403,"Census Tract 1254.03, Los Angeles County, California",2576,2344,2571,-232,227,-5,-9.01,9.68,-0.19,Los Angeles County
1400000US06037125404,"Census Tract 1254.04, Los Angeles County, California",2694,2696,2886,2,190,192,0.07,7.05,7.13,Los Angeles County
1400000US06037125501,"Census Tract 1255.01, Los Angeles County, California",2886,2945,2871,59,-74,-15,2.04,-2.51,-0.52,Los Angeles County
1400000US06037125502,"Census Tract 1255.02, Los Angeles County, California",3631,3817,3624,186,-193,-7,5.12,-5.06,-0.19,Los Angeles County
1400000US06037125600,"Census Tract 1256, Los Angeles County, California",2963,2983,2941,20,-42,-22,0.67,-1.41,-0.74,Los Angeles County
1400000US06037127102,"Census Tract 1271.02, Los Angeles County, California",5525,5166,4956,-359,-210,-569,-6.5,-4.07,-10.3,Los Angeles County
1400000US06037127103,"Census Tract 1271.03, Los Angeles County, California",3020,3103,3360,83,257,340,2.75,8.28,11.26,Los Angeles County
1400000US06037127104,"Census Tract 1271.04, Los Angeles County, California",4183,3955,4385,-228,430,202,-5.45,10.87,4.83,Los Angeles County
1400000US06037127210,"Census Tract 1272.10, Los Angeles County, California",5933,5680,5630,-253,-50,-303,-4.26,-0.88,-5.11,Los Angeles County
1400000US06037127220,"Census Tract 1272.20, Los Angeles County, California",4959,5326,5219,367,-107,260,7.4,-2.01,5.24,Los Angeles County
1400000US06037127300,"Census Tract 1273, Los Angeles County, California",3693,3732,3942,39,210,249,1.06,5.63,6.74,Los Angeles County
1400000US06037127400,"Census Tract 1274, Los Angeles County, California",6414,6291,5855,-123,-436,-559,-1.92,-6.93,-8.72,Los Angeles County
1400000US06037127520,"Census Tract 1275.20, Los Angeles County, California",4875,4881,4722,6,-159,-153,0.12,-3.26,-3.14,Los Angeles County
1400000US06037127603,"Census Tract 1276.03, Los Angeles County, California",2855,2757,2791,-98,34,-64,-3.43,1.23,-2.24,Los Angeles County
1400000US06037127604,"Census Tract 1276.04, Los Angeles County, California",3285,3288,3141,3,-147,-144,0.09,-4.47,-4.38,Los Angeles County
1400000US06037127605,"Census Tract 1276.05, Los Angeles County, California",4016,3827,3734,-189,-93,-282,-4.71,-2.43,-7.02,Los Angeles County
1400000US06037127606,"Census Tract 1276.06, Los Angeles County, California",3133,3179,3110,46,-69,-23,1.47,-2.17,-0.73,Los Angeles County
1400000US06037127711,"Census Tract 1277.11, Los Angeles County, California",3271,3107,3207,-164,100,-64,-5.01,3.22,-1.96,Los Angeles County
1400000US06037127712,"Census Tract 1277.12, Los Angeles County, California",3858,3752,3859,-106,107,1,-2.75,2.85,0.03,Los Angeles County
1400000US06037127803,"Census Tract 1278.03, Los Angeles County, California",4907,4914,5068,7,154,161,0.14,3.13,3.28,Los Angeles County
1400000US06037127804,"Census Tract 1278.04, Los Angeles County, California",4832,4823,4728,-9,-95,-104,-0.19,-1.97,-2.15,Los Angeles County
1400000US06037127805,"Census Tract 1278.05, Los Angeles County, California",3511,3545,3518,34,-27,7,0.97,-0.76,0.2,Los Angeles County
1400000US06037127806,"Census Tract 1278.06, Los Angeles County, California",3015,3083,3576,68,493,561,2.26,15.99,18.61,Los Angeles County
1400000US06037127910,"Census Tract 1279.10, Los Angeles County, California",5131,4859,4908,-272,49,-223,-5.3,1.01,-4.35,Los Angeles County
1400000US06037127920,"Census Tract 1279.20, Los Angeles County, California",4710,4713,4622,3,-91,-88,0.06,-1.93,-1.87,Los Angeles County
1400000US06037128101,"Census Tract 1281.01, Los Angeles County, California",3344,2995,2890,-349,-105,-454,-10.44,-3.51,-13.58,Los Angeles County
1400000US06037128102,"Census Tract 1281.02, Los Angeles County, California",4958,4888,4750,-70,-138,-208,-1.41,-2.82,-4.2,Los Angeles County
1400000US06037128210,"Census Tract 1282.10, Los Angeles County, California",5296,5358,5357,62,-1,61,1.17,-0.02,1.15,Los Angeles County
1400000US06037128220,"Census Tract 1282.20, Los Angeles County, California",2858,2779,2832,-79,53,-26,-2.76,1.91,-0.91,Los Angeles County
1400000US06037128302,"Census Tract 1283.02, Los Angeles County, California",5096,4826,4790,-270,-36,-306,-5.3,-0.75,-6,Los Angeles County
1400000US06037128303,"Census Tract 1283.03, Los Angeles County, California",4063,3780,3487,-283,-293,-576,-6.97,-7.75,-14.18,Los Angeles County
1400000US06037128400,"Census Tract 1284, Los Angeles County, California",4547,4643,4241,96,-402,-306,2.11,-8.66,-6.73,Los Angeles County
1400000US06037128500,"Census Tract 1285, Los Angeles County, California",4205,4145,4104,-60,-41,-101,-1.43,-0.99,-2.4,Los Angeles County
1400000US06037128601,"Census Tract 1286.01, Los Angeles County, California",5052,4834,5020,-218,186,-32,-4.32,3.85,-0.63,Los Angeles County
1400000US06037128602,"Census Tract 1286.02, Los Angeles County, California",3217,2892,2863,-325,-29,-354,-10.1,-1,-11,Los Angeles County
1400000US06037128703,"Census Tract 1287.03, Los Angeles County, California",3077,3070,3252,-7,182,175,-0.23,5.93,5.69,Los Angeles County
1400000US06037128704,"Census Tract 1287.04, Los Angeles County, California",2242,2239,2335,-3,96,93,-0.13,4.29,4.15,Los Angeles County
1400000US06037128801,"Census Tract 1288.01, Los Angeles County, California",3673,3807,3740,134,-67,67,3.65,-1.76,1.82,Los Angeles County
1400000US06037128802,"Census Tract 1288.02, Los Angeles County, California",4343,4309,4186,-34,-123,-157,-0.78,-2.85,-3.62,Los Angeles County
1400000US06037128910,"Census Tract 1289.10, Los Angeles County, California",4805,4614,4741,-191,127,-64,-3.98,2.75,-1.33,Los Angeles County
1400000US06037131021,"Census Tract 1310.21, Los Angeles County, California",3463,3465,3423,2,-42,-40,0.06,-1.21,-1.16,Los Angeles County
1400000US06037131022,"Census Tract 1310.22, Los Angeles County, California",3011,2822,2917,-189,95,-94,-6.28,3.37,-3.12,Los Angeles County
1400000US06037131023,"Census Tract 1310.23, Los Angeles County, California",2968,2946,2774,-22,-172,-194,-0.74,-5.84,-6.54,Los Angeles County
1400000US06037131024,"Census Tract 1310.24, Los Angeles County, California",4120,3905,3984,-215,79,-136,-5.22,2.02,-3.3,Los Angeles County
1400000US06037131100,"Census Tract 1311, Los Angeles County, California",3293,3289,3340,-4,51,47,-0.12,1.55,1.43,Los Angeles County
1400000US06037131200,"Census Tract 1312, Los Angeles County, California",3537,3485,3796,-52,311,259,-1.47,8.92,7.32,Los Angeles County
1400000US06037131300,"Census Tract 1313, Los Angeles County, California",4988,4560,4502,-428,-58,-486,-8.58,-1.27,-9.74,Los Angeles County
1400000US06037131400,"Census Tract 1314, Los Angeles County, California",6679,6364,6175,-315,-189,-504,-4.72,-2.97,-7.55,Los Angeles County
1400000US06037131600,"Census Tract 1316, Los Angeles County, California",4983,4997,5194,14,197,211,0.28,3.94,4.23,Los Angeles County
1400000US06037131701,"Census Tract 1317.01, Los Angeles County, California",5424,5602,5297,178,-305,-127,3.28,-5.44,-2.34,Los Angeles County
1400000US06037131702,"Census Tract 1317.02, Los Angeles County, California",3815,4135,3958,320,-177,143,8.39,-4.28,3.75,Los Angeles County
1400000US06037131801,"Census Tract 1318.01, Los Angeles County, California",3157,3085,3068,-72,-17,-89,-2.28,-0.55,-2.82,Los Angeles County
1400000US06037131802,"Census Tract 1318.02, Los Angeles County, California",3039,2564,2481,-475,-83,-558,-15.63,-3.24,-18.36,Los Angeles County
1400000US06037131900,"Census Tract 1319, Los Angeles County, California",4623,4468,4255,-155,-213,-368,-3.35,-4.77,-7.96,Los Angeles County
1400000US06037132001,"Census Tract 1320.01, Los Angeles County, California",3473,3213,2947,-260,-266,-526,-7.49,-8.28,-15.15,Los Angeles County
1400000US06037132002,"Census Tract 1320.02, Los Angeles County, California",3699,3596,3707,-103,111,8,-2.78,3.09,0.22,Los Angeles County
1400000US06037132101,"Census Tract 1321.01, Los Angeles County, California",4727,4592,4319,-135,-273,-408,-2.86,-5.95,-8.63,Los Angeles County
1400000US06037132102,"Census Tract 1321.02, Los Angeles County, California",5027,5347,5279,320,-68,252,6.37,-1.27,5.01,Los Angeles County
1400000US06037132301,"Census Tract 1323.01, Los Angeles County, California",4189,4074,3689,-115,-385,-500,-2.75,-9.45,-11.94,Los Angeles County
1400000US06037132302,"Census Tract 1323.02, Los Angeles County, California",3516,3359,3178,-157,-181,-338,-4.47,-5.39,-9.61,Los Angeles County
1400000US06037132501,"Census Tract 1325.01, Los Angeles County, California",4553,4785,4641,232,-144,88,5.1,-3.01,1.93,Los Angeles County
1400000US06037132502,"Census Tract 1325.02, Los Angeles County, California",3358,3207,3565,-151,358,207,-4.5,11.16,6.16,Los Angeles County
1400000US06037132700,"Census Tract 1327, Los Angeles County, California",4882,4735,4846,-147,111,-36,-3.01,2.34,-0.74,Los Angeles County
1400000US06037132900,"Census Tract 1329, Los Angeles County, California",3882,3763,3559,-119,-204,-323,-3.07,-5.42,-8.32,Los Angeles County
1400000US06037133000,"Census Tract 1330, Los Angeles County, California",4866,4449,4373,-417,-76,-493,-8.57,-1.71,-10.13,Los Angeles County
1400000US06037133101,"Census Tract 1331.01, Los Angeles County, California",1782,1683,1827,-99,144,45,-5.56,8.56,2.53,Los Angeles County
1400000US06037133102,"Census Tract 1331.02, Los Angeles County, California",3944,3663,3703,-281,40,-241,-7.12,1.09,-6.11,Los Angeles County
1400000US06037134001,"Census Tract 1340.01, Los Angeles County, California",3623,3757,3715,134,-42,92,3.7,-1.12,2.54,Los Angeles County
1400000US06037134002,"Census Tract 1340.02, Los Angeles County, California",3849,3760,3798,-89,38,-51,-2.31,1.01,-1.33,Los Angeles County
1400000US06037134101,"Census Tract 1341.01, Los Angeles County, California",5455,5262,5414,-193,152,-41,-3.54,2.89,-0.75,Los Angeles County
1400000US06037134103,"Census Tract 1341.03, Los Angeles County, California",4645,4495,4584,-150,89,-61,-3.23,1.98,-1.31,Los Angeles County
1400000US06037134104,"Census Tract 1341.04, Los Angeles County, California",4502,4308,4419,-194,111,-83,-4.31,2.58,-1.84,Los Angeles County
1400000US06037134201,"Census Tract 1342.01, Los Angeles County, California",4941,4587,4345,-354,-242,-596,-7.16,-5.28,-12.06,Los Angeles County
1400000US06037134302,"Census Tract 1343.02, Los Angeles County, California",4136,4082,4287,-54,205,151,-1.31,5.02,3.65,Los Angeles County
1400000US06037134303,"Census Tract 1343.03, Los Angeles County, California",5618,5556,5597,-62,41,-21,-1.1,0.74,-0.37,Los Angeles County
1400000US06037134304,"Census Tract 1343.04, Los Angeles County, California",2908,2885,3045,-23,160,137,-0.79,5.55,4.71,Los Angeles County
1400000US06037134305,"Census Tract 1343.05, Los Angeles County, California",3961,3726,3840,-235,114,-121,-5.93,3.06,-3.05,Los Angeles County
1400000US06037134306,"Census Tract 1343.06, Los Angeles County, California",4468,4387,3925,-81,-462,-543,-1.81,-10.53,-12.15,Los Angeles County
1400000US06037134421,"Census Tract 1344.21, Los Angeles County, California",4609,4421,4292,-188,-129,-317,-4.08,-2.92,-6.88,Los Angeles County
1400000US06037134422,"Census Tract 1344.22, Los Angeles County, California",4681,4809,4933,128,124,252,2.73,2.58,5.38,Los Angeles County
1400000US06037134423,"Census Tract 1344.23, Los Angeles County, California",3537,3385,3243,-152,-142,-294,-4.3,-4.19,-8.31,Los Angeles County
1400000US06037134424,"Census Tract 1344.24, Los Angeles County, California",2947,2857,2821,-90,-36,-126,-3.05,-1.26,-4.28,Los Angeles County
1400000US06037134520,"Census Tract 1345.20, Los Angeles County, California",5761,5439,5263,-322,-176,-498,-5.59,-3.24,-8.64,Los Angeles County
1400000US06037134521,"Census Tract 1345.21, Los Angeles County, California",3344,3087,2944,-257,-143,-400,-7.69,-4.63,-11.96,Los Angeles County
1400000US06037134522,"Census Tract 1345.22, Los Angeles County, California",4574,4490,4741,-84,251,167,-1.84,5.59,3.65,Los Angeles County
1400000US06037134710,"Census Tract 1347.10, Los Angeles County, California",5398,5441,5531,43,90,133,0.8,1.65,2.46,Los Angeles County
1400000US06037134720,"Census Tract 1347.20, Los Angeles County, California",5421,5417,5195,-4,-222,-226,-0.07,-4.1,-4.17,Los Angeles County
1400000US06037134801,"Census Tract 1348.01, Los Angeles County, California",3333,3001,3091,-332,90,-242,-9.96,3,-7.26,Los Angeles County
1400000US06037134802,"Census Tract 1348.02, Los Angeles County, California",3107,2825,3121,-282,296,14,-9.08,10.48,0.45,Los Angeles County
1400000US06037134901,"Census Tract 1349.01, Los Angeles County, California",2691,2610,2577,-81,-33,-114,-3.01,-1.26,-4.24,Los Angeles County
1400000US06037134904,"Census Tract 1349.04, Los Angeles County, California",4452,4701,4615,249,-86,163,5.59,-1.83,3.66,Los Angeles County
1400000US06037134905,"Census Tract 1349.05, Los Angeles County, California",5074,5028,5590,-46,562,516,-0.91,11.18,10.17,Los Angeles County
1400000US06037134906,"Census Tract 1349.06, Los Angeles County, California",3042,3269,3056,227,-213,14,7.46,-6.52,0.46,Los Angeles County
1400000US06037134907,"Census Tract 1349.07, Los Angeles County, California",3325,3354,3635,29,281,310,0.87,8.38,9.32,Los Angeles County
1400000US06037135102,"Census Tract 1351.02, Los Angeles County, California",3867,3672,3652,-195,-20,-215,-5.04,-0.54,-5.56,Los Angeles County
1400000US06037135111,"Census Tract 1351.11, Los Angeles County, California",4050,3785,4001,-265,216,-49,-6.54,5.71,-1.21,Los Angeles County
1400000US06037135113,"Census Tract 1351.13, Los Angeles County, California",3138,3225,2951,87,-274,-187,2.77,-8.5,-5.96,Los Angeles County
1400000US06037135115,"Census Tract 1351.15, Los Angeles County, California",3110,3118,3212,8,94,102,0.26,3.01,3.28,Los Angeles County
1400000US06037135116,"Census Tract 1351.16, Los Angeles County, California",1463,1586,1477,123,-109,14,8.41,-6.87,0.96,Los Angeles County
1400000US06037135201,"Census Tract 1352.01, Los Angeles County, California",3013,2925,3104,-88,179,91,-2.92,6.12,3.02,Los Angeles County
1400000US06037135202,"Census Tract 1352.02, Los Angeles County, California",4618,4531,4625,-87,94,7,-1.88,2.07,0.15,Los Angeles County
1400000US06037135204,"Census Tract 1352.04, Los Angeles County, California",5135,4928,4481,-207,-447,-654,-4.03,-9.07,-12.74,Los Angeles County
1400000US06037135205,"Census Tract 1352.05, Los Angeles County, California",1938,2067,2059,129,-8,121,6.66,-0.39,6.24,Los Angeles County
1400000US06037137000,"Census Tract 1370, Los Angeles County, California",5184,5098,5035,-86,-63,-149,-1.66,-1.24,-2.87,Los Angeles County
1400000US06037137103,"Census Tract 1371.03, Los Angeles County, California",5540,5389,5560,-151,171,20,-2.73,3.17,0.36,Los Angeles County
1400000US06037137104,"Census Tract 1371.04, Los Angeles County, California",2579,2511,2416,-68,-95,-163,-2.64,-3.78,-6.32,Los Angeles County
1400000US06037137202,"Census Tract 1372.02, Los Angeles County, California",3281,3416,3339,135,-77,58,4.11,-2.25,1.77,Los Angeles County
1400000US06037137203,"Census Tract 1372.03, Los Angeles County, California",2609,2548,2660,-61,112,51,-2.34,4.4,1.95,Los Angeles County
1400000US06037137301,"Census Tract 1373.01, Los Angeles County, California",2314,2097,2142,-217,45,-172,-9.38,2.15,-7.43,Los Angeles County
1400000US06037137302,"Census Tract 1373.02, Los Angeles County, California",4392,4361,4376,-31,15,-16,-0.71,0.34,-0.36,Los Angeles County
1400000US06037137401,"Census Tract 1374.01, Los Angeles County, California",4091,4536,4567,445,31,476,10.88,0.68,11.64,Los Angeles County
1400000US06037137402,"Census Tract 1374.02, Los Angeles County, California",5626,5598,5663,-28,65,37,-0.5,1.16,0.66,Los Angeles County
1400000US06037137501,"Census Tract 1375.01, Los Angeles County, California",5254,5080,5426,-174,346,172,-3.31,6.81,3.27,Los Angeles County
1400000US06037137502,"Census Tract 1375.02, Los Angeles County, California",4337,4298,4432,-39,134,95,-0.9,3.12,2.19,Los Angeles County
1400000US06037137504,"Census Tract 1375.04, Los Angeles County, California",1928,2021,1983,93,-38,55,4.82,-1.88,2.85,Los Angeles County
1400000US06037138000,"Census Tract 1380, Los Angeles County, California",4766,4839,4826,73,-13,60,1.53,-0.27,1.26,Los Angeles County
1400000US06037139001,"Census Tract 1390.01, Los Angeles County, California",5561,5439,5511,-122,72,-50,-2.19,1.32,-0.9,Los Angeles County
1400000US06037139200,"Census Tract 1392, Los Angeles County, California",5994,5712,5946,-282,234,-48,-4.7,4.1,-0.8,Los Angeles County
1400000US06037139301,"Census Tract 1393.01, Los Angeles County, California",4106,4373,4243,267,-130,137,6.5,-2.97,3.34,Los Angeles County
1400000US06037139302,"Census Tract 1393.02, Los Angeles County, California",5016,4806,5181,-210,375,165,-4.19,7.8,3.29,Los Angeles County
1400000US06037139303,"Census Tract 1393.03, Los Angeles County, California",4682,4477,4556,-205,79,-126,-4.38,1.76,-2.69,Los Angeles County
1400000US06037139401,"Census Tract 1394.01, Los Angeles County, California",2488,2468,2405,-20,-63,-83,-0.8,-2.55,-3.34,Los Angeles County
1400000US06037139402,"Census Tract 1394.02, Los Angeles County, California",2979,2877,2893,-102,16,-86,-3.42,0.56,-2.89,Los Angeles County
1400000US06037139502,"Census Tract 1395.02, Los Angeles County, California",3004,2874,3113,-130,239,109,-4.33,8.32,3.63,Los Angeles County
1400000US06037139504,"Census Tract 1395.04, Los Angeles County, California",4128,3725,3741,-403,16,-387,-9.76,0.43,-9.38,Los Angeles County
1400000US06037139505,"Census Tract 1395.05, Los Angeles County, California",2965,2609,2485,-356,-124,-480,-12.01,-4.75,-16.19,Los Angeles County
1400000US06037139506,"Census Tract 1395.06, Los Angeles County, California",3416,2972,2889,-444,-83,-527,-13,-2.79,-15.43,Los Angeles County
1400000US06037139600,"Census Tract 1396, Los Angeles County, California",5241,5075,5134,-166,59,-107,-3.17,1.16,-2.04,Los Angeles County
1400000US06037139701,"Census Tract 1397.01, Los Angeles County, California",5889,5729,5388,-160,-341,-501,-2.72,-5.95,-8.51,Los Angeles County
1400000US06037139703,"Census Tract 1397.03, Los Angeles County, California",2747,2425,2438,-322,13,-309,-11.72,0.54,-11.25,Los Angeles County
1400000US06037139704,"Census Tract 1397.04, Los Angeles County, California",2620,2765,2597,145,-168,-23,5.53,-6.08,-0.88,Los Angeles County
1400000US06037139705,"Census Tract 1397.05, Los Angeles County, California",3820,3995,4097,175,102,277,4.58,2.55,7.25,Los Angeles County
1400000US06037139801,"Census Tract 1398.01, Los Angeles County, California",3478,3518,3498,40,-20,20,1.15,-0.57,0.58,Los Angeles County
1400000US06037139802,"Census Tract 1398.02, Los Angeles County, California",4041,3878,3887,-163,9,-154,-4.03,0.23,-3.81,Los Angeles County
1400000US06037141101,"Census Tract 1411.01, Los Angeles County, California",4757,4458,4434,-299,-24,-323,-6.29,-0.54,-6.79,Los Angeles County
1400000US06037141102,"Census Tract 1411.02, Los Angeles County, California",3120,3049,2961,-71,-88,-159,-2.28,-2.89,-5.1,Los Angeles County
1400000US06037141201,"Census Tract 1412.01, Los Angeles County, California",4201,4015,3960,-186,-55,-241,-4.43,-1.37,-5.74,Los Angeles County
1400000US06037141202,"Census Tract 1412.02, Los Angeles County, California",3001,2924,2958,-77,34,-43,-2.57,1.16,-1.43,Los Angeles County
1400000US06037141303,"Census Tract 1413.03, Los Angeles County, California",3436,3330,3231,-106,-99,-205,-3.08,-2.97,-5.97,Los Angeles County
1400000US06037141304,"Census Tract 1413.04, Los Angeles County, California",3185,3116,3011,-69,-105,-174,-2.17,-3.37,-5.46,Los Angeles County
1400000US06037141305,"Census Tract 1413.05, Los Angeles County, California",2606,2625,2878,19,253,272,0.73,9.64,10.44,Los Angeles County
1400000US06037141306,"Census Tract 1413.06, Los Angeles County, California",3240,3145,3076,-95,-69,-164,-2.93,-2.19,-5.06,Los Angeles County
1400000US06037141400,"Census Tract 1414, Los Angeles County, California",5366,5233,5019,-133,-214,-347,-2.48,-4.09,-6.47,Los Angeles County
1400000US06037141500,"Census Tract 1415, Los Angeles County, California",3015,3006,3017,-9,11,2,-0.3,0.37,0.07,Los Angeles County
1400000US06037141600,"Census Tract 1416, Los Angeles County, California",4198,4183,3853,-15,-330,-345,-0.36,-7.89,-8.22,Los Angeles County
1400000US06037141700,"Census Tract 1417, Los Angeles County, California",3342,3150,3086,-192,-64,-256,-5.75,-2.03,-7.66,Los Angeles County
1400000US06037143101,"Census Tract 1431.01, Los Angeles County, California",2074,2157,2074,83,-83,0,4,-3.85,0,Los Angeles County
1400000US06037143102,"Census Tract 1431.02, Los Angeles County, California",2139,2119,2337,-20,218,198,-0.94,10.29,9.26,Los Angeles County
1400000US06037143200,"Census Tract 1432, Los Angeles County, California",4351,4158,4235,-193,77,-116,-4.44,1.85,-2.67,Los Angeles County
1400000US06037143301,"Census Tract 1433.01, Los Angeles County, California",3586,3474,3385,-112,-89,-201,-3.12,-2.56,-5.61,Los Angeles County
1400000US06037143302,"Census Tract 1433.02, Los Angeles County, California",3104,3267,3258,163,-9,154,5.25,-0.28,4.96,Los Angeles County
1400000US06037143401,"Census Tract 1434.01, Los Angeles County, California",5602,5535,5478,-67,-57,-124,-1.2,-1.03,-2.21,Los Angeles County
1400000US06037143402,"Census Tract 1434.02, Los Angeles County, California",1973,1859,1844,-114,-15,-129,-5.78,-0.81,-6.54,Los Angeles County
1400000US06037143500,"Census Tract 1435, Los Angeles County, California",5633,5635,5328,2,-307,-305,0.04,-5.45,-5.41,Los Angeles County
1400000US06037143602,"Census Tract 1436.02, Los Angeles County, California",4897,4936,4734,39,-202,-163,0.8,-4.09,-3.33,Los Angeles County
1400000US06037143603,"Census Tract 1436.03, Los Angeles County, California",2442,2443,2459,1,16,17,0.04,0.65,0.7,Los Angeles County
1400000US06037143605,"Census Tract 1436.05, Los Angeles County, California",1803,1724,1827,-79,103,24,-4.38,5.97,1.33,Los Angeles County
1400000US06037143606,"Census Tract 1436.06, Los Angeles County, California",1701,1747,1695,46,-52,-6,2.7,-2.98,-0.35,Los Angeles County
1400000US06037143700,"Census Tract 1437, Los Angeles County, California",3767,3485,3438,-282,-47,-329,-7.49,-1.35,-8.73,Los Angeles County
1400000US06037143801,"Census Tract 1438.01, Los Angeles County, California",3342,3270,3411,-72,141,69,-2.15,4.31,2.06,Los Angeles County
1400000US06037143802,"Census Tract 1438.02, Los Angeles County, California",2501,2247,2239,-254,-8,-262,-10.16,-0.36,-10.48,Los Angeles County
1400000US06037143901,"Census Tract 1439.01, Los Angeles County, California",4363,4292,4222,-71,-70,-141,-1.63,-1.63,-3.23,Los Angeles County
1400000US06037143902,"Census Tract 1439.02, Los Angeles County, California",2860,2892,3053,32,161,193,1.12,5.57,6.75,Los Angeles County
1400000US06037181000,"Census Tract 1810, Los Angeles County, California",6357,6059,5992,-298,-67,-365,-4.69,-1.11,-5.74,Los Angeles County
1400000US06037181300,"Census Tract 1813, Los Angeles County, California",3959,3867,3971,-92,104,12,-2.32,2.69,0.3,Los Angeles County
1400000US06037181400,"Census Tract 1814, Los Angeles County, California",4797,4718,4655,-79,-63,-142,-1.65,-1.34,-2.96,Los Angeles County
1400000US06037181500,"Census Tract 1815, Los Angeles County, California",3934,4019,4106,85,87,172,2.16,2.16,4.37,Los Angeles County
1400000US06037181600,"Census Tract 1816, Los Angeles County, California",4697,4655,4438,-42,-217,-259,-0.89,-4.66,-5.51,Los Angeles County
1400000US06037183101,"Census Tract 1831.01, Los Angeles County, California",2749,2442,2741,-307,299,-8,-11.17,12.24,-0.29,Los Angeles County
1400000US06037183103,"Census Tract 1831.03, Los Angeles County, California",4800,4797,4548,-3,-249,-252,-0.06,-5.19,-5.25,Los Angeles County
1400000US06037183104,"Census Tract 1831.04, Los Angeles County, California",1985,1899,1902,-86,3,-83,-4.33,0.16,-4.18,Los Angeles County
1400000US06037183220,"Census Tract 1832.20, Los Angeles County, California",3597,3370,3118,-227,-252,-479,-6.31,-7.48,-13.32,Los Angeles County
1400000US06037183221,"Census Tract 1832.21, Los Angeles County, California",3779,3530,3514,-249,-16,-265,-6.59,-0.45,-7.01,Los Angeles County
1400000US06037183222,"Census Tract 1832.22, Los Angeles County, California",3569,3599,3616,30,17,47,0.84,0.47,1.32,Los Angeles County
1400000US06037183300,"Census Tract 1833, Los Angeles County, California",3528,3517,3231,-11,-286,-297,-0.31,-8.13,-8.42,Los Angeles County
1400000US06037183401,"Census Tract 1834.01, Los Angeles County, California",2439,2436,2416,-3,-20,-23,-0.12,-0.82,-0.94,Los Angeles County
1400000US06037183402,"Census Tract 1834.02, Los Angeles County, California",3020,2867,2939,-153,72,-81,-5.07,2.51,-2.68,Los Angeles County
1400000US06037183510,"Census Tract 1835.10, Los Angeles County, California",2535,2535,2346,0,-189,-189,0,-7.46,-7.46,Los Angeles County
1400000US06037183520,"Census Tract 1835.20, Los Angeles County, California",3676,3944,3850,268,-94,174,7.29,-2.38,4.73,Los Angeles County
1400000US06037183610,"Census Tract 1836.10, Los Angeles County, California",2919,2909,3042,-10,133,123,-0.34,4.57,4.21,Los Angeles County
1400000US06037183620,"Census Tract 1836.20, Los Angeles County, California",3038,2994,3038,-44,44,0,-1.45,1.47,0,Los Angeles County
1400000US06037183701,"Census Tract 1837.01, Los Angeles County, California",3382,3329,3181,-53,-148,-201,-1.57,-4.45,-5.94,Los Angeles County
1400000US06037183702,"Census Tract 1837.02, Los Angeles County, California",2995,2925,3074,-70,149,79,-2.34,5.09,2.64,Los Angeles County
1400000US06037183810,"Census Tract 1838.10, Los Angeles County, California",4130,4369,4259,239,-110,129,5.79,-2.52,3.12,Los Angeles County
1400000US06037183820,"Census Tract 1838.20, Los Angeles County, California",3452,3331,3352,-121,21,-100,-3.51,0.63,-2.9,Los Angeles County
1400000US06037185101,"Census Tract 1851.01, Los Angeles County, California",2869,2924,2780,55,-144,-89,1.92,-4.92,-3.1,Los Angeles County
1400000US06037185102,"Census Tract 1851.02, Los Angeles County, California",3459,3352,3542,-107,190,83,-3.09,5.67,2.4,Los Angeles County
1400000US06037185202,"Census Tract 1852.02, Los Angeles County, California",4162,4084,4098,-78,14,-64,-1.87,0.34,-1.54,Los Angeles County
1400000US06037185203,"Census Tract 1852.03, Los Angeles County, California",2862,2728,2696,-134,-32,-166,-4.68,-1.17,-5.8,Los Angeles County
1400000US06037185204,"Census Tract 1852.04, Los Angeles County, California",1923,1884,1778,-39,-106,-145,-2.03,-5.63,-7.54,Los Angeles County
1400000US06037185310,"Census Tract 1853.10, Los Angeles County, California",3180,3053,2897,-127,-156,-283,-3.99,-5.11,-8.9,Los Angeles County
1400000US06037185320,"Census Tract 1853.20, Los Angeles County, California",2957,2831,2735,-126,-96,-222,-4.26,-3.39,-7.51,Los Angeles County
1400000US06037186100,"Census Tract 1861, Los Angeles County, California",4929,4848,4725,-81,-123,-204,-1.64,-2.54,-4.14,Los Angeles County
1400000US06037186201,"Census Tract 1862.01, Los Angeles County, California",3608,3503,3382,-105,-121,-226,-2.91,-3.45,-6.26,Los Angeles County
1400000US06037186202,"Census Tract 1862.02, Los Angeles County, California",1920,1739,1676,-181,-63,-244,-9.43,-3.62,-12.71,Los Angeles County
1400000US06037186203,"Census Tract 1862.03, Los Angeles County, California",3113,3104,2991,-9,-113,-122,-0.29,-3.64,-3.92,Los Angeles County
1400000US06037186301,"Census Tract 1863.01, Los Angeles County, California",2749,2713,2619,-36,-94,-130,-1.31,-3.46,-4.73,Los Angeles County
1400000US06037186302,"Census Tract 1863.02, Los Angeles County, California",5282,5082,4850,-200,-232,-432,-3.79,-4.57,-8.18,Los Angeles County
1400000US06037186401,"Census Tract 1864.01, Los Angeles County, California",3198,3042,2692,-156,-350,-506,-4.88,-11.51,-15.82,Los Angeles County
1400000US06037186403,"Census Tract 1864.03, Los Angeles County, California",2809,2692,2608,-117,-84,-201,-4.17,-3.12,-7.16,Los Angeles County
1400000US06037186404,"Census Tract 1864.04, Los Angeles County, California",2809,2795,2663,-14,-132,-146,-0.5,-4.72,-5.2,Los Angeles County
1400000US06037187101,"Census Tract 1871.01, Los Angeles County, California",3213,2983,3029,-230,46,-184,-7.16,1.54,-5.73,Los Angeles County
1400000US06037187102,"Census Tract 1871.02, Los Angeles County, California",4376,4588,4637,212,49,261,4.84,1.07,5.96,Los Angeles County
1400000US06037187200,"Census Tract 1872, Los Angeles County, California",3324,2809,2668,-515,-141,-656,-15.49,-5.02,-19.74,Los Angeles County
1400000US06037187300,"Census Tract 1873, Los Angeles County, California",3715,3688,3678,-27,-10,-37,-0.73,-0.27,-1,Los Angeles County
1400000US06037188100,"Census Tract 1881, Los Angeles County, California",3960,3842,3729,-118,-113,-231,-2.98,-2.94,-5.83,Los Angeles County
1400000US06037188201,"Census Tract 1882.01, Los Angeles County, California",3262,3077,3027,-185,-50,-235,-5.67,-1.62,-7.2,Los Angeles County
1400000US06037188202,"Census Tract 1882.02, Los Angeles County, California",2887,2832,3024,-55,192,137,-1.91,6.78,4.75,Los Angeles County
1400000US06037188300,"Census Tract 1883, Los Angeles County, California",3822,3738,3475,-84,-263,-347,-2.2,-7.04,-9.08,Los Angeles County
1400000US06037189101,"Census Tract 1891.01, Los Angeles County, California",2600,2366,2328,-234,-38,-272,-9,-1.61,-10.46,Los Angeles County
1400000US06037189102,"Census Tract 1891.02, Los Angeles County, California",3960,3910,3858,-50,-52,-102,-1.26,-1.33,-2.58,Los Angeles County
1400000US06037189201,"Census Tract 1892.01, Los Angeles County, California",3088,3020,2908,-68,-112,-180,-2.2,-3.71,-5.83,Los Angeles County
1400000US06037189202,"Census Tract 1892.02, Los Angeles County, California",2781,2829,2948,48,119,167,1.73,4.21,6.01,Los Angeles County
1400000US06037189300,"Census Tract 1893, Los Angeles County, California",3212,2805,2930,-407,125,-282,-12.67,4.46,-8.78,Los Angeles County
1400000US06037189400,"Census Tract 1894, Los Angeles County, California",3145,3135,3017,-10,-118,-128,-0.32,-3.76,-4.07,Los Angeles County
1400000US06037189501,"Census Tract 1895.01, Los Angeles County, California",2179,2293,2182,114,-111,3,5.23,-4.84,0.14,Los Angeles County
1400000US06037189502,"Census Tract 1895.02, Los Angeles County, California",2049,1948,1875,-101,-73,-174,-4.93,-3.75,-8.49,Los Angeles County
1400000US06037189600,"Census Tract 1896, Los Angeles County, California",3825,3752,3693,-73,-59,-132,-1.91,-1.57,-3.45,Los Angeles County
1400000US06037189702,"Census Tract 1897.02, Los Angeles County, California",2436,2121,2283,-315,162,-153,-12.93,7.64,-6.28,Los Angeles County
1400000US06037189703,"Census Tract 1897.03, Los Angeles County, California",1880,1824,1872,-56,48,-8,-2.98,2.63,-0.43,Los Angeles County
1400000US06037189704,"Census Tract 1897.04, Los Angeles County, California",1471,1257,1561,-214,304,90,-14.55,24.18,6.12,Los Angeles County
1400000US06037189801,"Census Tract 1898.01, Los Angeles County, California",1839,1766,1781,-73,15,-58,-3.97,0.85,-3.15,Los Angeles County
1400000US06037189802,"Census Tract 1898.02, Los Angeles County, California",2158,1917,1857,-241,-60,-301,-11.17,-3.13,-13.95,Los Angeles County
1400000US06037189903,"Census Tract 1899.03, Los Angeles County, California",2182,2209,2235,27,26,53,1.24,1.18,2.43,Los Angeles County
1400000US06037189904,"Census Tract 1899.04, Los Angeles County, California",2382,2270,2316,-112,46,-66,-4.7,2.03,-2.77,Los Angeles County
1400000US06037189905,"Census Tract 1899.05, Los Angeles County, California",2615,2508,2412,-107,-96,-203,-4.09,-3.83,-7.76,Los Angeles County
1400000US06037189906,"Census Tract 1899.06, Los Angeles County, California",2634,2467,2448,-167,-19,-186,-6.34,-0.77,-7.06,Los Angeles County
1400000US06037189907,"Census Tract 1899.07, Los Angeles County, California",2418,2416,2429,-2,13,11,-0.08,0.54,0.45,Los Angeles County
1400000US06037190101,"Census Tract 1901.01, Los Angeles County, California",1653,1659,1731,6,72,78,0.36,4.34,4.72,Los Angeles County
1400000US06037190102,"Census Tract 1901.02, Los Angeles County, California",2716,2473,2657,-243,184,-59,-8.95,7.44,-2.17,Los Angeles County
1400000US06037190201,"Census Tract 1902.01, Los Angeles County, California",2895,2928,3031,33,103,136,1.14,3.52,4.7,Los Angeles County
1400000US06037190202,"Census Tract 1902.02, Los Angeles County, California",3256,2988,2860,-268,-128,-396,-8.23,-4.28,-12.16,Los Angeles County
1400000US06037190302,"Census Tract 1903.02, Los Angeles County, California",2985,2811,2967,-174,156,-18,-5.83,5.55,-0.6,Los Angeles County
1400000US06037190303,"Census Tract 1903.03, Los Angeles County, California",2850,2608,2514,-242,-94,-336,-8.49,-3.6,-11.79,Los Angeles County
1400000US06037190401,"Census Tract 1904.01, Los Angeles County, California",2996,2905,2845,-91,-60,-151,-3.04,-2.07,-5.04,Los Angeles County
1400000US06037190402,"Census Tract 1904.02, Los Angeles County, California",2070,2169,2194,99,25,124,4.78,1.15,5.99,Los Angeles County
1400000US06037190510,"Census Tract 1905.10, Los Angeles County, California",3815,3710,3974,-105,264,159,-2.75,7.12,4.17,Los Angeles County
1400000US06037190520,"Census Tract 1905.20, Los Angeles County, California",4144,3864,3617,-280,-247,-527,-6.76,-6.39,-12.72,Los Angeles County
1400000US06037190701,"Census Tract 1907.01, Los Angeles County, California",1693,1551,1629,-142,78,-64,-8.39,5.03,-3.78,Los Angeles County
1400000US06037190702,"Census Tract 1907.02, Los Angeles County, California",1127,1161,1154,34,-7,27,3.02,-0.6,2.4,Los Angeles County
1400000US06037190801,"Census Tract 1908.01, Los Angeles County, California",2663,3001,3200,338,199,537,12.69,6.63,20.17,Los Angeles County
1400000US06037190802,"Census Tract 1908.02, Los Angeles County, California",3071,2944,2794,-127,-150,-277,-4.14,-5.1,-9.02,Los Angeles County
1400000US06037190901,"Census Tract 1909.01, Los Angeles County, California",4361,3613,3609,-748,-4,-752,-17.15,-0.11,-17.24,Los Angeles County
1400000US06037190902,"Census Tract 1909.02, Los Angeles County, California",3793,3711,3754,-82,43,-39,-2.16,1.16,-1.03,Los Angeles County
1400000US06037191000,"Census Tract 1910, Los Angeles County, California",4817,4894,5141,77,247,324,1.6,5.05,6.73,Los Angeles County
1400000US06037191110,"Census Tract 1911.10, Los Angeles County, California",3634,3104,3584,-530,480,-50,-14.58,15.46,-1.38,Los Angeles County
1400000US06037191120,"Census Tract 1911.20, Los Angeles County, California",3732,3775,3892,43,117,160,1.15,3.1,4.29,Los Angeles County
1400000US06037191201,"Census Tract 1912.01, Los Angeles County, California",5088,5007,5729,-81,722,641,-1.59,14.42,12.6,Los Angeles County
1400000US06037191203,"Census Tract 1912.03, Los Angeles County, California",2287,2345,2168,58,-177,-119,2.54,-7.55,-5.2,Los Angeles County
1400000US06037191204,"Census Tract 1912.04, Los Angeles County, California",1703,1513,1480,-190,-33,-223,-11.16,-2.18,-13.09,Los Angeles County
1400000US06037191301,"Census Tract 1913.01, Los Angeles County, California",2320,2242,1993,-78,-249,-327,-3.36,-11.11,-14.09,Los Angeles County
1400000US06037191302,"Census Tract 1913.02, Los Angeles County, California",1873,1807,1736,-66,-71,-137,-3.52,-3.93,-7.31,Los Angeles County
1400000US06037191410,"Census Tract 1914.10, Los Angeles County, California",3841,3372,3409,-469,37,-432,-12.21,1.1,-11.25,Los Angeles County
1400000US06037191420,"Census Tract 1914.20, Los Angeles County, California",3698,3515,3285,-183,-230,-413,-4.95,-6.54,-11.17,Los Angeles County
1400000US06037191500,"Census Tract 1915, Los Angeles County, California",5928,5503,5683,-425,180,-245,-7.17,3.27,-4.13,Los Angeles County
1400000US06037191610,"Census Tract 1916.10, Los Angeles County, California",4016,3938,3999,-78,61,-17,-1.94,1.55,-0.42,Los Angeles County
1400000US06037191620,"Census Tract 1916.20, Los Angeles County, California",2600,2857,2768,257,-89,168,9.88,-3.12,6.46,Los Angeles County
1400000US06037191710,"Census Tract 1917.10, Los Angeles County, California",2632,2633,2670,1,37,38,0.04,1.41,1.44,Los Angeles County
1400000US06037191720,"Census Tract 1917.20, Los Angeles County, California",3266,3447,3492,181,45,226,5.54,1.31,6.92,Los Angeles County
1400000US06037191810,"Census Tract 1918.10, Los Angeles County, California",3188,2981,2807,-207,-174,-381,-6.49,-5.84,-11.95,Los Angeles County
1400000US06037191820,"Census Tract 1918.20, Los Angeles County, California",3615,3518,3803,-97,285,188,-2.68,8.1,5.2,Los Angeles County
1400000US06037191901,"Census Tract 1919.01, Los Angeles County, California",3404,3609,3932,205,323,528,6.02,8.95,15.51,Los Angeles County
1400000US06037191902,"Census Tract 1919.02, Los Angeles County, California",2777,2778,2836,1,58,59,0.04,2.09,2.12,Los Angeles County
1400000US06037192001,"Census Tract 1920.01, Los Angeles County, California",2209,2118,2131,-91,13,-78,-4.12,0.61,-3.53,Los Angeles County
1400000US06037192002,"Census Tract 1920.02, Los Angeles County, California",2684,2639,2586,-45,-53,-98,-1.68,-2.01,-3.65,Los Angeles County
1400000US06037192300,"Census Tract 1923, Los Angeles County, California",2428,2503,2594,75,91,166,3.09,3.64,6.84,Los Angeles County
1400000US06037192410,"Census Tract 1924.10, Los Angeles County, California",4008,3815,4066,-193,251,58,-4.82,6.58,1.45,Los Angeles County
1400000US06037192420,"Census Tract 1924.20, Los Angeles County, California",3949,3657,3564,-292,-93,-385,-7.39,-2.54,-9.75,Los Angeles County
1400000US06037192510,"Census Tract 1925.10, Los Angeles County, California",3981,3769,3711,-212,-58,-270,-5.33,-1.54,-6.78,Los Angeles County
1400000US06037192520,"Census Tract 1925.20, Los Angeles County, California",5445,5333,5119,-112,-214,-326,-2.06,-4.01,-5.99,Los Angeles County
1400000US06037192610,"Census Tract 1926.10, Los Angeles County, California",3756,3892,3958,136,66,202,3.62,1.7,5.38,Los Angeles County
1400000US06037192620,"Census Tract 1926.20, Los Angeles County, California",3658,3415,3562,-243,147,-96,-6.64,4.3,-2.62,Los Angeles County
1400000US06037192700,"Census Tract 1927, Los Angeles County, California",3689,3934,3234,245,-700,-455,6.64,-17.79,-12.33,Los Angeles County
1400000US06037194101,"Census Tract 1941.01, Los Angeles County, California",3463,3258,3139,-205,-119,-324,-5.92,-3.65,-9.36,Los Angeles County
1400000US06037194102,"Census Tract 1941.02, Los Angeles County, California",2782,2791,2490,9,-301,-292,0.32,-10.78,-10.5,Los Angeles County
1400000US06037194200,"Census Tract 1942, Los Angeles County, California",3504,3542,3440,38,-102,-64,1.08,-2.88,-1.83,Los Angeles County
1400000US06037194300,"Census Tract 1943, Los Angeles County, California",3022,2806,2746,-216,-60,-276,-7.15,-2.14,-9.13,Los Angeles County
1400000US06037194401,"Census Tract 1944.01, Los Angeles County, California",2571,2444,2636,-127,192,65,-4.94,7.86,2.53,Los Angeles County
1400000US06037194402,"Census Tract 1944.02, Los Angeles County, California",3362,3314,3101,-48,-213,-261,-1.43,-6.43,-7.76,Los Angeles County
1400000US06037194500,"Census Tract 1945, Los Angeles County, California",2070,1977,2011,-93,34,-59,-4.49,1.72,-2.85,Los Angeles County
1400000US06037195100,"Census Tract 1951, Los Angeles County, California",5193,5106,5042,-87,-64,-151,-1.68,-1.25,-2.91,Los Angeles County
1400000US06037195201,"Census Tract 1952.01, Los Angeles County, California",3013,2816,2698,-197,-118,-315,-6.54,-4.19,-10.45,Los Angeles County
1400000US06037195202,"Census Tract 1952.02, Los Angeles County, California",3252,3231,3329,-21,98,77,-0.65,3.03,2.37,Los Angeles County
1400000US06037195300,"Census Tract 1953, Los Angeles County, California",2798,2776,2903,-22,127,105,-0.79,4.57,3.75,Los Angeles County
1400000US06037195400,"Census Tract 1954, Los Angeles County, California",4359,4214,4221,-145,7,-138,-3.33,0.17,-3.17,Los Angeles County
1400000US06037195500,"Census Tract 1955, Los Angeles County, California",5528,5162,5010,-366,-152,-518,-6.62,-2.94,-9.37,Los Angeles County
1400000US06037195600,"Census Tract 1956, Los Angeles County, California",2775,2760,2707,-15,-53,-68,-0.54,-1.92,-2.45,Los Angeles County
1400000US06037195710,"Census Tract 1957.10, Los Angeles County, California",4588,4529,4860,-59,331,272,-1.29,7.31,5.93,Los Angeles County
1400000US06037195720,"Census Tract 1957.20, Los Angeles County, California",1809,1878,1795,69,-83,-14,3.81,-4.42,-0.77,Los Angeles County
1400000US06037195802,"Census Tract 1958.02, Los Angeles County, California",2939,2928,2958,-11,30,19,-0.37,1.02,0.65,Los Angeles County
1400000US06037195803,"Census Tract 1958.03, Los Angeles County, California",2439,2305,2351,-134,46,-88,-5.49,2,-3.61,Los Angeles County
1400000US06037195804,"Census Tract 1958.04, Los Angeles County, California",2533,2719,2527,186,-192,-6,7.34,-7.06,-0.24,Los Angeles County
1400000US06037195901,"Census Tract 1959.01, Los Angeles County, California",2392,2450,2435,58,-15,43,2.42,-0.61,1.8,Los Angeles County
1400000US06037195902,"Census Tract 1959.02, Los Angeles County, California",2016,1872,1779,-144,-93,-237,-7.14,-4.97,-11.76,Los Angeles County
1400000US06037195903,"Census Tract 1959.03, Los Angeles County, California",1868,1876,1923,8,47,55,0.43,2.51,2.94,Los Angeles County
1400000US06037197200,"Census Tract 1972, Los Angeles County, California",3708,3564,3602,-144,38,-106,-3.88,1.07,-2.86,Los Angeles County
1400000US06037197300,"Census Tract 1973, Los Angeles County, California",4021,3944,3847,-77,-97,-174,-1.91,-2.46,-4.33,Los Angeles County
1400000US06037197410,"Census Tract 1974.10, Los Angeles County, California",3887,3727,3725,-160,-2,-162,-4.12,-0.05,-4.17,Los Angeles County
1400000US06037197420,"Census Tract 1974.20, Los Angeles County, California",3587,3906,3962,319,56,375,8.89,1.43,10.45,Los Angeles County
1400000US06037197500,"Census Tract 1975, Los Angeles County, California",3884,3964,3882,80,-82,-2,2.06,-2.07,-0.05,Los Angeles County
1400000US06037197600,"Census Tract 1976, Los Angeles County, California",2201,2214,2130,13,-84,-71,0.59,-3.79,-3.23,Los Angeles County
1400000US06037197700,"Census Tract 1977, Los Angeles County, California",5341,5078,4963,-263,-115,-378,-4.92,-2.26,-7.08,Los Angeles County
1400000US06037199001,"Census Tract 1990.01, Los Angeles County, California",2676,2083,2214,-593,131,-462,-22.16,6.29,-17.26,Los Angeles County
1400000US06037199002,"Census Tract 1990.02, Los Angeles County, California",2752,2714,2610,-38,-104,-142,-1.38,-3.83,-5.16,Los Angeles County
1400000US06037199110,"Census Tract 1991.10, Los Angeles County, California",3072,2776,2452,-296,-324,-620,-9.64,-11.67,-20.18,Los Angeles County
1400000US06037199120,"Census Tract 1991.20, Los Angeles County, California",4127,4023,4031,-104,8,-96,-2.52,0.2,-2.33,Los Angeles County
1400000US06037199201,"Census Tract 1992.01, Los Angeles County, California",3727,3686,3540,-41,-146,-187,-1.1,-3.96,-5.02,Los Angeles County
1400000US06037199202,"Census Tract 1992.02, Los Angeles County, California",2910,2807,2594,-103,-213,-316,-3.54,-7.59,-10.86,Los Angeles County
1400000US06037199300,"Census Tract 1993, Los Angeles County, California",4368,4288,4093,-80,-195,-275,-1.83,-4.55,-6.3,Los Angeles County
1400000US06037199400,"Census Tract 1994, Los Angeles County, California",4857,4962,4497,105,-465,-360,2.16,-9.37,-7.41,Los Angeles County
1400000US06037199700,"Census Tract 1997, Los Angeles County, California",3006,2940,3025,-66,85,19,-2.2,2.89,0.63,Los Angeles County
1400000US06037199801,"Census Tract 1998.01, Los Angeles County, California",3618,3740,3745,122,5,127,3.37,0.13,3.51,Los Angeles County
1400000US06037199802,"Census Tract 1998.02, Los Angeles County, California",2419,2207,2064,-212,-143,-355,-8.76,-6.48,-14.68,Los Angeles County
1400000US06037199900,"Census Tract 1999, Los Angeles County, California",2687,2540,2341,-147,-199,-346,-5.47,-7.83,-12.88,Los Angeles County
1400000US06037201110,"Census Tract 2011.10, Los Angeles County, California",2203,2331,2390,128,59,187,5.81,2.53,8.49,Los Angeles County
1400000US06037201120,"Census Tract 2011.20, Los Angeles County, California",4043,4085,3934,42,-151,-109,1.04,-3.7,-2.7,Los Angeles County
1400000US06037201200,"Census Tract 2012, Los Angeles County, California",2709,2791,2711,82,-80,2,3.03,-2.87,0.07,Los Angeles County
1400000US06037201301,"Census Tract 2013.01, Los Angeles County, California",4377,3650,3433,-727,-217,-944,-16.61,-5.95,-21.57,Los Angeles County
1400000US06037201302,"Census Tract 2013.02, Los Angeles County, California",4247,3882,4001,-365,119,-246,-8.59,3.07,-5.79,Los Angeles County
1400000US06037201401,"Census Tract 2014.01, Los Angeles County, California",4568,4458,4632,-110,174,64,-2.41,3.9,1.4,Los Angeles County
1400000US06037201402,"Census Tract 2014.02, Los Angeles County, California",4800,4464,4445,-336,-19,-355,-7,-0.43,-7.4,Los Angeles County
1400000US06037201501,"Census Tract 2015.01, Los Angeles County, California",5560,5360,5594,-200,234,34,-3.6,4.37,0.61,Los Angeles County
1400000US06037201503,"Census Tract 2015.03, Los Angeles County, California",3330,3184,3261,-146,77,-69,-4.38,2.42,-2.07,Los Angeles County
1400000US06037201504,"Census Tract 2015.04, Los Angeles County, California",2151,2061,2177,-90,116,26,-4.18,5.63,1.21,Los Angeles County
1400000US06037201601,"Census Tract 2016.01, Los Angeles County, California",2445,2401,2337,-44,-64,-108,-1.8,-2.67,-4.42,Los Angeles County
1400000US06037201602,"Census Tract 2016.02, Los Angeles County, California",2971,2936,2619,-35,-317,-352,-1.18,-10.8,-11.85,Los Angeles County
1400000US06037201700,"Census Tract 2017, Los Angeles County, California",5194,5029,4865,-165,-164,-329,-3.18,-3.26,-6.33,Los Angeles County
1400000US06037203100,"Census Tract 2031, Los Angeles County, California",4615,4576,4357,-39,-219,-258,-0.85,-4.79,-5.59,Los Angeles County
1400000US06037203200,"Census Tract 2032, Los Angeles County, California",5631,5339,5417,-292,78,-214,-5.19,1.46,-3.8,Los Angeles County
1400000US06037203300,"Census Tract 2033, Los Angeles County, California",1899,1863,1718,-36,-145,-181,-1.9,-7.78,-9.53,Los Angeles County
1400000US06037203500,"Census Tract 2035, Los Angeles County, California",3153,3048,2915,-105,-133,-238,-3.33,-4.36,-7.55,Los Angeles County
1400000US06037203601,"Census Tract 2036.01, Los Angeles County, California",2943,2694,2629,-249,-65,-314,-8.46,-2.41,-10.67,Los Angeles County
1400000US06037203602,"Census Tract 2036.02, Los Angeles County, California",1873,1844,2074,-29,230,201,-1.55,12.47,10.73,Los Angeles County
1400000US06037203710,"Census Tract 2037.10, Los Angeles County, California",3636,3516,3449,-120,-67,-187,-3.3,-1.91,-5.14,Los Angeles County
1400000US06037203720,"Census Tract 2037.20, Los Angeles County, California",4014,3882,3892,-132,10,-122,-3.29,0.26,-3.04,Los Angeles County
1400000US06037203800,"Census Tract 2038, Los Angeles County, California",4803,4637,4728,-166,91,-75,-3.46,1.96,-1.56,Los Angeles County
1400000US06037203900,"Census Tract 2039, Los Angeles County, California",3206,3181,3208,-25,27,2,-0.78,0.85,0.06,Los Angeles County
1400000US06037204110,"Census Tract 2041.10, Los Angeles County, California",3493,3372,3097,-121,-275,-396,-3.46,-8.16,-11.34,Los Angeles County
1400000US06037204120,"Census Tract 2041.20, Los Angeles County, California",2925,2638,2606,-287,-32,-319,-9.81,-1.21,-10.91,Los Angeles County
1400000US06037204200,"Census Tract 2042, Los Angeles County, California",3621,3459,3427,-162,-32,-194,-4.47,-0.93,-5.36,Los Angeles County
1400000US06037204300,"Census Tract 2043, Los Angeles County, California",5714,5357,5294,-357,-63,-420,-6.25,-1.18,-7.35,Los Angeles County
1400000US06037204410,"Census Tract 2044.10, Los Angeles County, California",2791,2633,2618,-158,-15,-173,-5.66,-0.57,-6.2,Los Angeles County
1400000US06037204420,"Census Tract 2044.20, Los Angeles County, California",2951,3088,3085,137,-3,134,4.64,-0.1,4.54,Los Angeles County
1400000US06037204600,"Census Tract 2046, Los Angeles County, California",4271,4092,4135,-179,43,-136,-4.19,1.05,-3.18,Los Angeles County
1400000US06037204700,"Census Tract 2047, Los Angeles County, California",5660,5224,4847,-436,-377,-813,-7.7,-7.22,-14.36,Los Angeles County
1400000US06037204810,"Census Tract 2048.10, Los Angeles County, California",4922,4947,4929,25,-18,7,0.51,-0.36,0.14,Los Angeles County
1400000US06037204820,"Census Tract 2048.20, Los Angeles County, California",2141,2242,2222,101,-20,81,4.72,-0.89,3.78,Los Angeles County
1400000US06037204910,"Census Tract 2049.10, Los Angeles County, California",3494,3162,3065,-332,-97,-429,-9.5,-3.07,-12.28,Los Angeles County
1400000US06037204920,"Census Tract 2049.20, Los Angeles County, California",2796,2535,2623,-261,88,-173,-9.33,3.47,-6.19,Los Angeles County
1400000US06037205110,"Census Tract 2051.10, Los Angeles County, California",3697,3478,3447,-219,-31,-250,-5.92,-0.89,-6.76,Los Angeles County
1400000US06037205120,"Census Tract 2051.20, Los Angeles County, California",3754,3641,3630,-113,-11,-124,-3.01,-0.3,-3.3,Los Angeles County
1400000US06037206010,"Census Tract 2060.10, Los Angeles County, California",3966,3864,3729,-102,-135,-237,-2.57,-3.49,-5.98,Los Angeles County
1400000US06037206020,"Census Tract 2060.20, Los Angeles County, California",9476,10614,8994,1138,-1620,-482,12.01,-15.26,-5.09,Los Angeles County
1400000US06037206050,"Census Tract 2060.50, Los Angeles County, California",2192,2194,2317,2,123,125,0.09,5.61,5.7,Los Angeles County
1400000US06037206051,"Census Tract 2060.51, Los Angeles County, California",1405,1197,1325,-208,128,-80,-14.8,10.69,-5.69,Los Angeles County
1400000US06037206052,"Census Tract 2060.52, Los Angeles County, California",2841,3065,3150,224,85,309,7.88,2.77,10.88,Los Angeles County
1400000US06037206053,"Census Tract 2060.53, Los Angeles County, California",3014,2973,3007,-41,34,-7,-1.36,1.14,-0.23,Los Angeles County
1400000US06037206054,"Census Tract 2060.54, Los Angeles County, California",2589,2397,2455,-192,58,-134,-7.42,2.42,-5.18,Los Angeles County
1400000US06037206201,"Census Tract 2062.01, Los Angeles County, California",2154,2134,2203,-20,69,49,-0.93,3.23,2.27,Los Angeles County
1400000US06037206202,"Census Tract 2062.02, Los Angeles County, California",1724,1839,1915,115,76,191,6.67,4.13,11.08,Los Angeles County
1400000US06037206301,"Census Tract 2063.01, Los Angeles County, California",1867,1819,2133,-48,314,266,-2.57,17.26,14.25,Los Angeles County
1400000US06037206302,"Census Tract 2063.02, Los Angeles County, California",2400,1822,2271,-578,449,-129,-24.08,24.64,-5.38,Los Angeles County
1400000US06037206303,"Census Tract 2063.03, Los Angeles County, California",1989,2430,2757,441,327,768,22.17,13.46,38.61,Los Angeles County
1400000US06037207101,"Census Tract 2071.01, Los Angeles County, California",3906,4054,3864,148,-190,-42,3.79,-4.69,-1.08,Los Angeles County
1400000US06037207102,"Census Tract 2071.02, Los Angeles County, California",3181,3103,3198,-78,95,17,-2.45,3.06,0.53,Los Angeles County
1400000US06037207103,"Census Tract 2071.03, Los Angeles County, California",2144,2055,2055,-89,0,-89,-4.15,0,-4.15,Los Angeles County
1400000US06037207303,"Census Tract 2073.03, Los Angeles County, California",2187,2242,2387,55,145,200,2.51,6.47,9.14,Los Angeles County
1400000US06037207304,"Census Tract 2073.04, Los Angeles County, California",2022,2101,2251,79,150,229,3.91,7.14,11.33,Los Angeles County
1400000US06037207305,"Census Tract 2073.05, Los Angeles County, California",961,717,796,-244,79,-165,-25.39,11.02,-17.17,Los Angeles County
1400000US06037207306,"Census Tract 2073.06, Los Angeles County, California",1863,1978,1947,115,-31,84,6.17,-1.57,4.51,Los Angeles County
1400000US06037207307,"Census Tract 2073.07, Los Angeles County, California",1424,1461,1403,37,-58,-21,2.6,-3.97,-1.47,Los Angeles County
1400000US06037207308,"Census Tract 2073.08, Los Angeles County, California",1323,1288,1268,-35,-20,-55,-2.65,-1.55,-4.16,Los Angeles County
1400000US06037207400,"Census Tract 2074, Los Angeles County, California",1596,2122,2091,526,-31,495,32.96,-1.46,31.02,Los Angeles County
1400000US06037207501,"Census Tract 2075.01, Los Angeles County, California",2133,2022,1995,-111,-27,-138,-5.2,-1.34,-6.47,Los Angeles County
1400000US06037207502,"Census Tract 2075.02, Los Angeles County, California",3072,3317,3652,245,335,580,7.98,10.1,18.88,Los Angeles County
1400000US06037207711,"Census Tract 2077.11, Los Angeles County, California",1661,1881,2189,220,308,528,13.25,16.37,31.79,Los Angeles County
1400000US06037207712,"Census Tract 2077.12, Los Angeles County, California",3469,3947,4388,478,441,919,13.78,11.17,26.49,Los Angeles County
1400000US06037207901,"Census Tract 2079.01, Los Angeles County, California",2582,2991,3227,409,236,645,15.84,7.89,24.98,Los Angeles County
1400000US06037207902,"Census Tract 2079.02, Los Angeles County, California",5746,6236,7214,490,978,1468,8.53,15.68,25.55,Los Angeles County
1400000US06037208001,"Census Tract 2080.01, Los Angeles County, California",2410,2248,2452,-162,204,42,-6.72,9.07,1.74,Los Angeles County
1400000US06037208002,"Census Tract 2080.02, Los Angeles County, California",4920,4545,4147,-375,-398,-773,-7.62,-8.76,-15.71,Los Angeles County
1400000US06037208301,"Census Tract 2083.01, Los Angeles County, California",2101,2068,1904,-33,-164,-197,-1.57,-7.93,-9.38,Los Angeles County
1400000US06037208302,"Census Tract 2083.02, Los Angeles County, California",5265,5007,4881,-258,-126,-384,-4.9,-2.52,-7.29,Los Angeles County
1400000US06037208401,"Census Tract 2084.01, Los Angeles County, California",4619,4217,4092,-402,-125,-527,-8.7,-2.96,-11.41,Los Angeles County
1400000US06037208402,"Census Tract 2084.02, Los Angeles County, California",2983,2856,2719,-127,-137,-264,-4.26,-4.8,-8.85,Los Angeles County
1400000US06037208501,"Census Tract 2085.01, Los Angeles County, California",2462,2590,2577,128,-13,115,5.2,-0.5,4.67,Los Angeles County
1400000US06037208502,"Census Tract 2085.02, Los Angeles County, California",4360,3993,4208,-367,215,-152,-8.42,5.38,-3.49,Los Angeles County
1400000US06037208610,"Census Tract 2086.10, Los Angeles County, California",4388,4382,4274,-6,-108,-114,-0.14,-2.46,-2.6,Los Angeles County
1400000US06037208620,"Census Tract 2086.20, Los Angeles County, California",4303,4010,3930,-293,-80,-373,-6.81,-2,-8.67,Los Angeles County
1400000US06037208710,"Census Tract 2087.10, Los Angeles County, California",5136,4846,4757,-290,-89,-379,-5.65,-1.84,-7.38,Los Angeles County
1400000US06037208720,"Census Tract 2087.20, Los Angeles County, California",3746,3602,3917,-144,315,171,-3.84,8.75,4.56,Los Angeles County
1400000US06037208801,"Census Tract 2088.01, Los Angeles County, California",3284,3198,3397,-86,199,113,-2.62,6.22,3.44,Los Angeles County
1400000US06037208802,"Census Tract 2088.02, Los Angeles County, California",3049,2864,2792,-185,-72,-257,-6.07,-2.51,-8.43,Los Angeles County
1400000US06037208902,"Census Tract 2089.02, Los Angeles County, California",2566,2529,2376,-37,-153,-190,-1.44,-6.05,-7.4,Los Angeles County
1400000US06037208903,"Census Tract 2089.03, Los Angeles County, California",3878,3758,3955,-120,197,77,-3.09,5.24,1.99,Los Angeles County
1400000US06037208904,"Census Tract 2089.04, Los Angeles County, California",4190,4197,3816,7,-381,-374,0.17,-9.08,-8.93,Los Angeles County
1400000US06037209103,"Census Tract 2091.03, Los Angeles County, California",3595,3797,3648,202,-149,53,5.62,-3.92,1.47,Los Angeles County
1400000US06037209104,"Census Tract 2091.04, Los Angeles County, California",2442,2489,2485,47,-4,43,1.92,-0.16,1.76,Los Angeles County
1400000US06037209105,"Census Tract 2091.05, Los Angeles County, California",3829,3496,3231,-333,-265,-598,-8.7,-7.58,-15.62,Los Angeles County
1400000US06037209106,"Census Tract 2091.06, Los Angeles County, California",2277,2382,2531,105,149,254,4.61,6.26,11.16,Los Angeles County
1400000US06037209201,"Census Tract 2092.01, Los Angeles County, California",3021,3036,3026,15,-10,5,0.5,-0.33,0.17,Los Angeles County
1400000US06037209202,"Census Tract 2092.02, Los Angeles County, California",1604,1621,1485,17,-136,-119,1.06,-8.39,-7.42,Los Angeles County
1400000US06037209300,"Census Tract 2093, Los Angeles County, California",5090,4619,4763,-471,144,-327,-9.25,3.12,-6.42,Los Angeles County
1400000US06037209401,"Census Tract 2094.01, Los Angeles County, California",4018,3956,4095,-62,139,77,-1.54,3.51,1.92,Los Angeles County
1400000US06037209402,"Census Tract 2094.02, Los Angeles County, California",4132,4062,4296,-70,234,164,-1.69,5.76,3.97,Los Angeles County
1400000US06037209403,"Census Tract 2094.03, Los Angeles County, California",4678,4420,4311,-258,-109,-367,-5.52,-2.47,-7.85,Los Angeles County
1400000US06037209510,"Census Tract 2095.10, Los Angeles County, California",3054,2946,2635,-108,-311,-419,-3.54,-10.56,-13.72,Los Angeles County
1400000US06037209520,"Census Tract 2095.20, Los Angeles County, California",2874,2678,2569,-196,-109,-305,-6.82,-4.07,-10.61,Los Angeles County
1400000US06037209810,"Census Tract 2098.10, Los Angeles County, California",2640,2646,2740,6,94,100,0.23,3.55,3.79,Los Angeles County
1400000US06037209820,"Census Tract 2098.20, Los Angeles County, California",2833,2741,2559,-92,-182,-274,-3.25,-6.64,-9.67,Los Angeles County
1400000US06037210010,"Census Tract 2100.10, Los Angeles County, California",3345,3336,3349,-9,13,4,-0.27,0.39,0.12,Los Angeles County
1400000US06037211000,"Census Tract 2110, Los Angeles County, California",5073,5204,5130,131,-74,57,2.58,-1.42,1.12,Los Angeles County
1400000US06037211121,"Census Tract 2111.21, Los Angeles County, California",2243,2228,2354,-15,126,111,-0.67,5.66,4.95,Los Angeles County
1400000US06037211122,"Census Tract 2111.22, Los Angeles County, California",3024,2750,2641,-274,-109,-383,-9.06,-3.96,-12.67,Los Angeles County
1400000US06037211123,"Census Tract 2111.23, Los Angeles County, California",1478,1513,1748,35,235,270,2.37,15.53,18.27,Los Angeles County
1400000US06037211124,"Census Tract 2111.24, Los Angeles County, California",4806,4292,4321,-514,29,-485,-10.69,0.68,-10.09,Los Angeles County
1400000US06037211201,"Census Tract 2112.01, Los Angeles County, California",2759,2602,2391,-157,-211,-368,-5.69,-8.11,-13.34,Los Angeles County
1400000US06037211202,"Census Tract 2112.02, Los Angeles County, California",2217,2334,2307,117,-27,90,5.28,-1.16,4.06,Los Angeles County
1400000US06037211310,"Census Tract 2113.10, Los Angeles County, California",3840,3507,3330,-333,-177,-510,-8.67,-5.05,-13.28,Los Angeles County
1400000US06037211320,"Census Tract 2113.20, Los Angeles County, California",3288,3399,3326,111,-73,38,3.38,-2.15,1.16,Los Angeles County
1400000US06037211410,"Census Tract 2114.10, Los Angeles County, California",3103,3017,3038,-86,21,-65,-2.77,0.7,-2.09,Los Angeles County
1400000US06037211420,"Census Tract 2114.20, Los Angeles County, California",3255,3451,3639,196,188,384,6.02,5.45,11.8,Los Angeles County
1400000US06037211500,"Census Tract 2115, Los Angeles County, California",4147,4069,4064,-78,-5,-83,-1.88,-0.12,-2,Los Angeles County
1400000US06037211701,"Census Tract 2117.01, Los Angeles County, California",2566,2563,2677,-3,114,111,-0.12,4.45,4.33,Los Angeles County
1400000US06037211703,"Census Tract 2117.03, Los Angeles County, California",4560,4589,4624,29,35,64,0.64,0.76,1.4,Los Angeles County
1400000US06037211704,"Census Tract 2117.04, Los Angeles County, California",2832,2704,2802,-128,98,-30,-4.52,3.62,-1.06,Los Angeles County
1400000US06037211802,"Census Tract 2118.02, Los Angeles County, California",4320,4457,4575,137,118,255,3.17,2.65,5.9,Los Angeles County
1400000US06037211803,"Census Tract 2118.03, Los Angeles County, California",3874,3326,3528,-548,202,-346,-14.15,6.07,-8.93,Los Angeles County
1400000US06037211804,"Census Tract 2118.04, Los Angeles County, California",3110,3113,3131,3,18,21,0.1,0.58,0.68,Los Angeles County
1400000US06037211910,"Census Tract 2119.10, Los Angeles County, California",4287,4075,4143,-212,68,-144,-4.95,1.67,-3.36,Los Angeles County
1400000US06037211921,"Census Tract 2119.21, Los Angeles County, California",2353,2261,2113,-92,-148,-240,-3.91,-6.55,-10.2,Los Angeles County
1400000US06037211922,"Census Tract 2119.22, Los Angeles County, California",3464,3674,3420,210,-254,-44,6.06,-6.91,-1.27,Los Angeles County
1400000US06037212101,"Census Tract 2121.01, Los Angeles County, California",2717,2694,2612,-23,-82,-105,-0.85,-3.04,-3.86,Los Angeles County
1400000US06037212102,"Census Tract 2121.02, Los Angeles County, California",2691,2574,2682,-117,108,-9,-4.35,4.2,-0.33,Los Angeles County
1400000US06037212202,"Census Tract 2122.02, Los Angeles County, California",3404,3258,3417,-146,159,13,-4.29,4.88,0.38,Los Angeles County
1400000US06037212203,"Census Tract 2122.03, Los Angeles County, California",2889,2577,2733,-312,156,-156,-10.8,6.05,-5.4,Los Angeles County
1400000US06037212204,"Census Tract 2122.04, Los Angeles County, California",3194,2948,3431,-246,483,237,-7.7,16.38,7.42,Los Angeles County
1400000US06037212303,"Census Tract 2123.03, Los Angeles County, California",4174,3941,3864,-233,-77,-310,-5.58,-1.95,-7.43,Los Angeles County
1400000US06037212304,"Census Tract 2123.04, Los Angeles County, California",1689,1602,1721,-87,119,32,-5.15,7.43,1.89,Los Angeles County
1400000US06037212305,"Census Tract 2123.05, Los Angeles County, California",3079,2781,2745,-298,-36,-334,-9.68,-1.29,-10.85,Los Angeles County
1400000US06037212306,"Census Tract 2123.06, Los Angeles County, California",3310,3086,3030,-224,-56,-280,-6.77,-1.81,-8.46,Los Angeles County
1400000US06037212410,"Census Tract 2124.10, Los Angeles County, California",4345,4134,4084,-211,-50,-261,-4.86,-1.21,-6.01,Los Angeles County
1400000US06037212420,"Census Tract 2124.20, Los Angeles County, California",3163,3226,2616,63,-610,-547,1.99,-18.91,-17.29,Los Angeles County
1400000US06037212501,"Census Tract 2125.01, Los Angeles County, California",1996,1864,1898,-132,34,-98,-6.61,1.82,-4.91,Los Angeles County
1400000US06037212502,"Census Tract 2125.02, Los Angeles County, California",2657,2785,2997,128,212,340,4.82,7.61,12.8,Los Angeles County
1400000US06037212610,"Census Tract 2126.10, Los Angeles County, California",4740,4046,4218,-694,172,-522,-14.64,4.25,-11.01,Los Angeles County
1400000US06037212620,"Census Tract 2126.20, Los Angeles County, California",4120,3994,3799,-126,-195,-321,-3.06,-4.88,-7.79,Los Angeles County
1400000US06037212701,"Census Tract 2127.01, Los Angeles County, California",2281,2203,2277,-78,74,-4,-3.42,3.36,-0.18,Los Angeles County
1400000US06037212702,"Census Tract 2127.02, Los Angeles County, California",3630,3591,3360,-39,-231,-270,-1.07,-6.43,-7.44,Los Angeles County
1400000US06037212800,"Census Tract 2128, Los Angeles County, California",3370,3377,3176,7,-201,-194,0.21,-5.95,-5.76,Los Angeles County
1400000US06037212900,"Census Tract 2129, Los Angeles County, California",4102,3945,3842,-157,-103,-260,-3.83,-2.61,-6.34,Los Angeles County
1400000US06037213100,"Census Tract 2131, Los Angeles County, California",3089,2922,2860,-167,-62,-229,-5.41,-2.12,-7.41,Los Angeles County
1400000US06037213201,"Census Tract 2132.01, Los Angeles County, California",4277,4018,4162,-259,144,-115,-6.06,3.58,-2.69,Los Angeles County
1400000US06037213202,"Census Tract 2132.02, Los Angeles County, California",3863,3818,3899,-45,81,36,-1.16,2.12,0.93,Los Angeles County
1400000US06037213310,"Census Tract 2133.10, Los Angeles County, California",2731,2536,2578,-195,42,-153,-7.14,1.66,-5.6,Los Angeles County
1400000US06037213320,"Census Tract 2133.20, Los Angeles County, California",2638,2456,2569,-182,113,-69,-6.9,4.6,-2.62,Los Angeles County
1400000US06037213401,"Census Tract 2134.01, Los Angeles County, California",4820,4630,4818,-190,188,-2,-3.94,4.06,-0.04,Los Angeles County
1400000US06037213402,"Census Tract 2134.02, Los Angeles County, California",5002,4712,4697,-290,-15,-305,-5.8,-0.32,-6.1,Los Angeles County
1400000US06037214000,"Census Tract 2140, Los Angeles County, California",3882,3953,3692,71,-261,-190,1.83,-6.6,-4.89,Los Angeles County
1400000US06037214100,"Census Tract 2141, Los Angeles County, California",3532,3532,3569,0,37,37,0,1.05,1.05,Los Angeles County
1400000US06037214400,"Census Tract 2144, Los Angeles County, California",3126,3065,2905,-61,-160,-221,-1.95,-5.22,-7.07,Los Angeles County
1400000US06037214501,"Census Tract 2145.01, Los Angeles County, California",3444,3609,3679,165,70,235,4.79,1.94,6.82,Los Angeles County
1400000US06037214503,"Census Tract 2145.03, Los Angeles County, California",3334,3273,3302,-61,29,-32,-1.83,0.89,-0.96,Los Angeles County
1400000US06037214504,"Census Tract 2145.04, Los Angeles County, California",3898,3647,3532,-251,-115,-366,-6.44,-3.15,-9.39,Los Angeles County
1400000US06037214505,"Census Tract 2145.05, Los Angeles County, California",1307,1258,1469,-49,211,162,-3.75,16.77,12.39,Los Angeles County
1400000US06037214600,"Census Tract 2146, Los Angeles County, California",2358,2273,2247,-85,-26,-111,-3.6,-1.14,-4.71,Los Angeles County
1400000US06037214700,"Census Tract 2147, Los Angeles County, California",2376,2307,2320,-69,13,-56,-2.9,0.56,-2.36,Los Angeles County
1400000US06037214800,"Census Tract 2148, Los Angeles County, California",2839,2653,2835,-186,182,-4,-6.55,6.86,-0.14,Los Angeles County
1400000US06037214902,"Census Tract 2149.02, Los Angeles County, California",2578,2391,2444,-187,53,-134,-7.25,2.22,-5.2,Los Angeles County
1400000US06037214903,"Census Tract 2149.03, Los Angeles County, California",1657,1522,1507,-135,-15,-150,-8.15,-0.99,-9.05,Los Angeles County
1400000US06037214904,"Census Tract 2149.04, Los Angeles County, California",1452,1340,1390,-112,50,-62,-7.71,3.73,-4.27,Los Angeles County
1400000US06037215101,"Census Tract 2151.01, Los Angeles County, California",2985,2845,2812,-140,-33,-173,-4.69,-1.16,-5.8,Los Angeles County
1400000US06037215102,"Census Tract 2151.02, Los Angeles County, California",3040,3110,2952,70,-158,-88,2.3,-5.08,-2.89,Los Angeles County
1400000US06037216100,"Census Tract 2161, Los Angeles County, California",2086,2003,2156,-83,153,70,-3.98,7.64,3.36,Los Angeles County
1400000US06037216201,"Census Tract 2162.01, Los Angeles County, California",2578,2386,2510,-192,124,-68,-7.45,5.2,-2.64,Los Angeles County
1400000US06037216202,"Census Tract 2162.02, Los Angeles County, California",2757,2564,2472,-193,-92,-285,-7,-3.59,-10.34,Los Angeles County
1400000US06037216301,"Census Tract 2163.01, Los Angeles County, California",1575,1519,1439,-56,-80,-136,-3.56,-5.27,-8.63,Los Angeles County
1400000US06037216302,"Census Tract 2163.02, Los Angeles County, California",2989,3009,3214,20,205,225,0.67,6.81,7.53,Los Angeles County
1400000US06037216401,"Census Tract 2164.01, Los Angeles County, California",3786,3621,3295,-165,-326,-491,-4.36,-9,-12.97,Los Angeles County
1400000US06037216402,"Census Tract 2164.02, Los Angeles County, California",2443,2621,2404,178,-217,-39,7.29,-8.28,-1.6,Los Angeles County
1400000US06037216700,"Census Tract 2167, Los Angeles County, California",3493,3322,3440,-171,118,-53,-4.9,3.55,-1.52,Los Angeles County
1400000US06037216800,"Census Tract 2168, Los Angeles County, California",3110,3175,3324,65,149,214,2.09,4.69,6.88,Los Angeles County
1400000US06037216901,"Census Tract 2169.01, Los Angeles County, California",2586,2624,2687,38,63,101,1.47,2.4,3.91,Los Angeles County
1400000US06037216902,"Census Tract 2169.02, Los Angeles County, California",2275,2145,2227,-130,82,-48,-5.71,3.82,-2.11,Los Angeles County
1400000US06037217001,"Census Tract 2170.01, Los Angeles County, California",3032,2749,2647,-283,-102,-385,-9.33,-3.71,-12.7,Los Angeles County
1400000US06037217002,"Census Tract 2170.02, Los Angeles County, California",4611,4514,4859,-97,345,248,-2.1,7.64,5.38,Los Angeles County
1400000US06037217101,"Census Tract 2171.01, Los Angeles County, California",2964,2820,2518,-144,-302,-446,-4.86,-10.71,-15.05,Los Angeles County
1400000US06037217102,"Census Tract 2171.02, Los Angeles County, California",2658,2799,2667,141,-132,9,5.3,-4.72,0.34,Los Angeles County
1400000US06037217200,"Census Tract 2172, Los Angeles County, California",4105,3839,3839,-266,0,-266,-6.48,0,-6.48,Los Angeles County
1400000US06037218110,"Census Tract 2181.10, Los Angeles County, California",3532,3562,3521,30,-41,-11,0.85,-1.15,-0.31,Los Angeles County
1400000US06037218120,"Census Tract 2181.20, Los Angeles County, California",4244,3749,3684,-495,-65,-560,-11.66,-1.73,-13.2,Los Angeles County
1400000US06037218210,"Census Tract 2182.10, Los Angeles County, California",3621,3660,4090,39,430,469,1.08,11.75,12.95,Los Angeles County
1400000US06037218220,"Census Tract 2182.20, Los Angeles County, California",3877,3848,3858,-29,10,-19,-0.75,0.26,-0.49,Los Angeles County
1400000US06037218300,"Census Tract 2183, Los Angeles County, California",5281,5863,4933,582,-930,-348,11.02,-15.86,-6.59,Los Angeles County
1400000US06037218400,"Census Tract 2184, Los Angeles County, California",4699,4433,4079,-266,-354,-620,-5.66,-7.99,-13.19,Los Angeles County
1400000US06037218500,"Census Tract 2185, Los Angeles County, California",2655,2679,2784,24,105,129,0.9,3.92,4.86,Los Angeles County
1400000US06037218600,"Census Tract 2186, Los Angeles County, California",3081,2964,3102,-117,138,21,-3.8,4.66,0.68,Los Angeles County
1400000US06037218701,"Census Tract 2187.01, Los Angeles County, California",2157,2117,2079,-40,-38,-78,-1.85,-1.79,-3.62,Los Angeles County
1400000US06037218702,"Census Tract 2187.02, Los Angeles County, California",2232,2333,2627,101,294,395,4.53,12.6,17.7,Los Angeles County
1400000US06037218800,"Census Tract 2188, Los Angeles County, California",2619,2591,2664,-28,73,45,-1.07,2.82,1.72,Los Angeles County
1400000US06037218900,"Census Tract 2189, Los Angeles County, California",5757,5683,5229,-74,-454,-528,-1.29,-7.99,-9.17,Los Angeles County
1400000US06037219010,"Census Tract 2190.10, Los Angeles County, California",3318,3042,3023,-276,-19,-295,-8.32,-0.62,-8.89,Los Angeles County
1400000US06037219020,"Census Tract 2190.20, Los Angeles County, California",5298,5221,4625,-77,-596,-673,-1.45,-11.42,-12.7,Los Angeles County
1400000US06037219300,"Census Tract 2193, Los Angeles County, California",3906,3826,3664,-80,-162,-242,-2.05,-4.23,-6.2,Los Angeles County
1400000US06037219500,"Census Tract 2195, Los Angeles County, California",2098,1930,2053,-168,123,-45,-8.01,6.37,-2.14,Los Angeles County
1400000US06037219700,"Census Tract 2197, Los Angeles County, California",4724,4473,4479,-251,6,-245,-5.31,0.13,-5.19,Los Angeles County
1400000US06037219800,"Census Tract 2198, Los Angeles County, California",2915,3000,3048,85,48,133,2.92,1.6,4.56,Los Angeles County
1400000US06037219901,"Census Tract 2199.01, Los Angeles County, California",4724,4693,4944,-31,251,220,-0.66,5.35,4.66,Los Angeles County
1400000US06037219902,"Census Tract 2199.02, Los Angeles County, California",3177,3307,3514,130,207,337,4.09,6.26,10.61,Los Angeles County
1400000US06037220000,"Census Tract 2200, Los Angeles County, California",4784,4472,4460,-312,-12,-324,-6.52,-0.27,-6.77,Los Angeles County
1400000US06037220100,"Census Tract 2201, Los Angeles County, California",2487,2508,2583,21,75,96,0.84,2.99,3.86,Los Angeles County
1400000US06037221110,"Census Tract 2211.10, Los Angeles County, California",3668,3539,3161,-129,-378,-507,-3.52,-10.68,-13.82,Los Angeles County
1400000US06037221120,"Census Tract 2211.20, Los Angeles County, California",3129,3038,2922,-91,-116,-207,-2.91,-3.82,-6.62,Los Angeles County
1400000US06037221210,"Census Tract 2212.10, Los Angeles County, California",3331,3278,3095,-53,-183,-236,-1.59,-5.58,-7.08,Los Angeles County
1400000US06037221220,"Census Tract 2212.20, Los Angeles County, California",3227,3126,2979,-101,-147,-248,-3.13,-4.7,-7.69,Los Angeles County
1400000US06037221302,"Census Tract 2213.02, Los Angeles County, California",4204,3932,3681,-272,-251,-523,-6.47,-6.38,-12.44,Los Angeles County
1400000US06037221303,"Census Tract 2213.03, Los Angeles County, California",2697,2448,2611,-249,163,-86,-9.23,6.66,-3.19,Los Angeles County
1400000US06037221304,"Census Tract 2213.04, Los Angeles County, California",3912,3849,3674,-63,-175,-238,-1.61,-4.55,-6.08,Los Angeles County
1400000US06037221401,"Census Tract 2214.01, Los Angeles County, California",3422,3233,3341,-189,108,-81,-5.52,3.34,-2.37,Los Angeles County
1400000US06037221402,"Census Tract 2214.02, Los Angeles County, California",3188,2941,3063,-247,122,-125,-7.75,4.15,-3.92,Los Angeles County
1400000US06037221500,"Census Tract 2215, Los Angeles County, California",3688,3542,3513,-146,-29,-175,-3.96,-0.82,-4.75,Los Angeles County
1400000US06037221601,"Census Tract 2216.01, Los Angeles County, California",3226,3008,3354,-218,346,128,-6.76,11.5,3.97,Los Angeles County
1400000US06037221602,"Census Tract 2216.02, Los Angeles County, California",2711,2649,2455,-62,-194,-256,-2.29,-7.32,-9.44,Los Angeles County
1400000US06037221710,"Census Tract 2217.10, Los Angeles County, California",2890,2878,2890,-12,12,0,-0.42,0.42,0,Los Angeles County
1400000US06037221810,"Census Tract 2218.10, Los Angeles County, California",2782,2744,2679,-38,-65,-103,-1.37,-2.37,-3.7,Los Angeles County
1400000US06037221820,"Census Tract 2218.20, Los Angeles County, California",2424,2298,2335,-126,37,-89,-5.2,1.61,-3.67,Los Angeles County
1400000US06037221900,"Census Tract 2219, Los Angeles County, California",4200,3839,4281,-361,442,81,-8.6,11.51,1.93,Los Angeles County
1400000US06037222001,"Census Tract 2220.01, Los Angeles County, California",2942,2957,3139,15,182,197,0.51,6.15,6.7,Los Angeles County
1400000US06037222002,"Census Tract 2220.02, Los Angeles County, California",5072,5094,5172,22,78,100,0.43,1.53,1.97,Los Angeles County
1400000US06037222100,"Census Tract 2221, Los Angeles County, California",4614,4264,4058,-350,-206,-556,-7.59,-4.83,-12.05,Los Angeles County
1400000US06037222200,"Census Tract 2222, Los Angeles County, California",4127,4058,3895,-69,-163,-232,-1.67,-4.02,-5.62,Los Angeles County
1400000US06037222500,"Census Tract 2225, Los Angeles County, California",5195,4893,4616,-302,-277,-579,-5.81,-5.66,-11.15,Los Angeles County
1400000US06037222600,"Census Tract 2226, Los Angeles County, California",5638,5525,5668,-113,143,30,-2,2.59,0.53,Los Angeles County
1400000US06037222700,"Census Tract 2227, Los Angeles County, California",3959,3776,4094,-183,318,135,-4.62,8.42,3.41,Los Angeles County
1400000US06037224010,"Census Tract 2240.10, Los Angeles County, California",2906,2933,3137,27,204,231,0.93,6.96,7.95,Los Angeles County
1400000US06037224020,"Census Tract 2240.20, Los Angeles County, California",2746,2652,2633,-94,-19,-113,-3.42,-0.72,-4.12,Los Angeles County
1400000US06037224200,"Census Tract 2242, Los Angeles County, California",2632,2403,2429,-229,26,-203,-8.7,1.08,-7.71,Los Angeles County
1400000US06037224310,"Census Tract 2243.10, Los Angeles County, California",2169,2164,1964,-5,-200,-205,-0.23,-9.24,-9.45,Los Angeles County
1400000US06037224320,"Census Tract 2243.20, Los Angeles County, California",2947,3144,3300,197,156,353,6.68,4.96,11.98,Los Angeles County
1400000US06037224410,"Census Tract 2244.10, Los Angeles County, California",3083,2990,3029,-93,39,-54,-3.02,1.3,-1.75,Los Angeles County
1400000US06037224420,"Census Tract 2244.20, Los Angeles County, California",2651,2634,2449,-17,-185,-202,-0.64,-7.02,-7.62,Los Angeles County
1400000US06037224600,"Census Tract 2246, Los Angeles County, California",3280,3512,3037,232,-475,-243,7.07,-13.53,-7.41,Los Angeles County
1400000US06037224701,"Census Tract 2247.01, Los Angeles County, California",2880,2778,2613,-102,-165,-267,-3.54,-5.94,-9.27,Los Angeles County
1400000US06037224702,"Census Tract 2247.02, Los Angeles County, California",3145,2925,2646,-220,-279,-499,-7,-9.54,-15.87,Los Angeles County
1400000US06037226001,"Census Tract 2260.01, Los Angeles County, California",2268,2261,2188,-7,-73,-80,-0.31,-3.23,-3.53,Los Angeles County
1400000US06037226002,"Census Tract 2260.02, Los Angeles County, California",2053,1912,1960,-141,48,-93,-6.87,2.51,-4.53,Los Angeles County
1400000US06037226410,"Census Tract 2264.10, Los Angeles County, California",3627,3588,3579,-39,-9,-48,-1.08,-0.25,-1.32,Los Angeles County
1400000US06037226420,"Census Tract 2264.20, Los Angeles County, California",5382,5488,5306,106,-182,-76,1.97,-3.32,-1.41,Los Angeles County
1400000US06037226701,"Census Tract 2267.01, Los Angeles County, California",3135,3115,2846,-20,-269,-289,-0.64,-8.64,-9.22,Los Angeles County
1400000US06037226702,"Census Tract 2267.02, Los Angeles County, California",4954,4342,4285,-612,-57,-669,-12.35,-1.31,-13.5,Los Angeles County
1400000US06037227010,"Census Tract 2270.10, Los Angeles County, California",5163,5104,4550,-59,-554,-613,-1.14,-10.85,-11.87,Los Angeles County
1400000US06037227020,"Census Tract 2270.20, Los Angeles County, California",3726,3798,3529,72,-269,-197,1.93,-7.08,-5.29,Los Angeles County
1400000US06037228100,"Census Tract 2281, Los Angeles County, California",5377,5785,5158,408,-627,-219,7.59,-10.84,-4.07,Los Angeles County
1400000US06037228210,"Census Tract 2282.10, Los Angeles County, California",4338,4398,4119,60,-279,-219,1.38,-6.34,-5.05,Los Angeles County
1400000US06037228220,"Census Tract 2282.20, Los Angeles County, California",4490,4792,4584,302,-208,94,6.73,-4.34,2.09,Los Angeles County
1400000US06037228310,"Census Tract 2283.10, Los Angeles County, California",4562,4493,4506,-69,13,-56,-1.51,0.29,-1.23,Los Angeles County
1400000US06037228320,"Census Tract 2283.20, Los Angeles County, California",3271,3230,3351,-41,121,80,-1.25,3.75,2.45,Los Angeles County
1400000US06037228410,"Census Tract 2284.10, Los Angeles County, California",3489,3388,3372,-101,-16,-117,-2.89,-0.47,-3.35,Los Angeles County
1400000US06037228420,"Census Tract 2284.20, Los Angeles County, California",3337,3155,3165,-182,10,-172,-5.45,0.32,-5.15,Los Angeles County
1400000US06037228500,"Census Tract 2285, Los Angeles County, California",5196,4818,5069,-378,251,-127,-7.27,5.21,-2.44,Los Angeles County
1400000US06037228600,"Census Tract 2286, Los Angeles County, California",5041,5226,5006,185,-220,-35,3.67,-4.21,-0.69,Los Angeles County
1400000US06037228710,"Census Tract 2287.10, Los Angeles County, California",4024,4141,4147,117,6,123,2.91,0.14,3.06,Los Angeles County
1400000US06037228720,"Census Tract 2287.20, Los Angeles County, California",5053,5000,4800,-53,-200,-253,-1.05,-4,-5.01,Los Angeles County
1400000US06037228800,"Census Tract 2288, Los Angeles County, California",5421,5436,5347,15,-89,-74,0.28,-1.64,-1.37,Los Angeles County
1400000US06037228900,"Census Tract 2289, Los Angeles County, California",2947,3074,2967,127,-107,20,4.31,-3.48,0.68,Los Angeles County
1400000US06037229100,"Census Tract 2291, Los Angeles County, California",5157,4828,4635,-329,-193,-522,-6.38,-4,-10.12,Los Angeles County
1400000US06037229200,"Census Tract 2292, Los Angeles County, California",5012,4726,4427,-286,-299,-585,-5.71,-6.33,-11.67,Los Angeles County
1400000US06037229300,"Census Tract 2293, Los Angeles County, California",5846,5702,5973,-144,271,127,-2.46,4.75,2.17,Los Angeles County
1400000US06037229410,"Census Tract 2294.10, Los Angeles County, California",3948,3952,3932,4,-20,-16,0.1,-0.51,-0.41,Los Angeles County
1400000US06037229420,"Census Tract 2294.20, Los Angeles County, California",4421,4249,4320,-172,71,-101,-3.89,1.67,-2.28,Los Angeles County
1400000US06037231100,"Census Tract 2311, Los Angeles County, California",3374,3590,3809,216,219,435,6.4,6.1,12.89,Los Angeles County
1400000US06037231210,"Census Tract 2312.10, Los Angeles County, California",3975,4348,4279,373,-69,304,9.38,-1.59,7.65,Los Angeles County
1400000US06037231220,"Census Tract 2312.20, Los Angeles County, California",4482,4727,4353,245,-374,-129,5.47,-7.91,-2.88,Los Angeles County
1400000US06037231301,"Census Tract 2313.01, Los Angeles County, California",2349,2593,2479,244,-114,130,10.39,-4.4,5.53,Los Angeles County
1400000US06037231302,"Census Tract 2313.02, Los Angeles County, California",3258,3265,3117,7,-148,-141,0.21,-4.53,-4.33,Los Angeles County
1400000US06037231400,"Census Tract 2314, Los Angeles County, California",4869,4950,5195,81,245,326,1.66,4.95,6.7,Los Angeles County
1400000US06037231500,"Census Tract 2315, Los Angeles County, California",5257,5154,5135,-103,-19,-122,-1.96,-0.37,-2.32,Los Angeles County
1400000US06037231601,"Census Tract 2316.01, Los Angeles County, California",2652,2394,2448,-258,54,-204,-9.73,2.26,-7.69,Los Angeles County
1400000US06037231602,"Census Tract 2316.02, Los Angeles County, California",2088,2029,2048,-59,19,-40,-2.83,0.94,-1.92,Los Angeles County
1400000US06037231603,"Census Tract 2316.03, Los Angeles County, California",2782,2868,2788,86,-80,6,3.09,-2.79,0.22,Los Angeles County
1400000US06037231710,"Census Tract 2317.10, Los Angeles County, California",4135,4163,4303,28,140,168,0.68,3.36,4.06,Los Angeles County
1400000US06037231720,"Census Tract 2317.20, Los Angeles County, California",5016,5295,5257,279,-38,241,5.56,-0.72,4.8,Los Angeles County
1400000US06037231800,"Census Tract 2318, Los Angeles County, California",5720,5402,5258,-318,-144,-462,-5.56,-2.67,-8.08,Los Angeles County
1400000US06037231901,"Census Tract 2319.01, Los Angeles County, California",3137,3259,2867,122,-392,-270,3.89,-12.03,-8.61,Los Angeles County
1400000US06037231902,"Census Tract 2319.02, Los Angeles County, California",3261,3097,3255,-164,158,-6,-5.03,5.1,-0.18,Los Angeles County
1400000US06037232110,"Census Tract 2321.10, Los Angeles County, California",2920,3180,3378,260,198,458,8.9,6.23,15.68,Los Angeles County
1400000US06037232120,"Census Tract 2321.20, Los Angeles County, California",5457,5305,5308,-152,3,-149,-2.79,0.06,-2.73,Los Angeles County
1400000US06037232200,"Census Tract 2322, Los Angeles County, California",3619,3727,3638,108,-89,19,2.98,-2.39,0.53,Los Angeles County
1400000US06037232300,"Census Tract 2323, Los Angeles County, California",5492,5213,4992,-279,-221,-500,-5.08,-4.24,-9.1,Los Angeles County
1400000US06037232401,"Census Tract 2324.01, Los Angeles County, California",3912,3673,3968,-239,295,56,-6.11,8.03,1.43,Los Angeles County
1400000US06037232402,"Census Tract 2324.02, Los Angeles County, California",3089,3061,3095,-28,34,6,-0.91,1.11,0.19,Los Angeles County
1400000US06037232500,"Census Tract 2325, Los Angeles County, California",5039,4895,4736,-144,-159,-303,-2.86,-3.25,-6.01,Los Angeles County
1400000US06037232601,"Census Tract 2326.01, Los Angeles County, California",1905,1935,1772,30,-163,-133,1.57,-8.42,-6.98,Los Angeles County
1400000US06037232602,"Census Tract 2326.02, Los Angeles County, California",4840,5251,5552,411,301,712,8.49,5.73,14.71,Los Angeles County
1400000US06037232701,"Census Tract 2327.01, Los Angeles County, California",2464,2537,2502,73,-35,38,2.96,-1.38,1.54,Los Angeles County
1400000US06037232702,"Census Tract 2327.02, Los Angeles County, California",4290,4332,4676,42,344,386,0.98,7.94,9,Los Angeles County
1400000US06037232800,"Census Tract 2328, Los Angeles County, California",4568,4436,4426,-132,-10,-142,-2.89,-0.23,-3.11,Los Angeles County
1400000US06037234001,"Census Tract 2340.01, Los Angeles County, California",2595,2342,2379,-253,37,-216,-9.75,1.58,-8.32,Los Angeles County
1400000US06037234002,"Census Tract 2340.02, Los Angeles County, California",2711,3093,3030,382,-63,319,14.09,-2.04,11.77,Los Angeles County
1400000US06037234200,"Census Tract 2342, Los Angeles County, California",2520,2487,2569,-33,82,49,-1.31,3.3,1.94,Los Angeles County
1400000US06037234301,"Census Tract 2343.01, Los Angeles County, California",1869,1749,1684,-120,-65,-185,-6.42,-3.72,-9.9,Los Angeles County
1400000US06037234302,"Census Tract 2343.02, Los Angeles County, California",2144,2181,2441,37,260,297,1.73,11.92,13.85,Los Angeles County
1400000US06037234501,"Census Tract 2345.01, Los Angeles County, California",2974,2957,2901,-17,-56,-73,-0.57,-1.89,-2.45,Los Angeles County
1400000US06037234502,"Census Tract 2345.02, Los Angeles County, California",3195,2706,2772,-489,66,-423,-15.31,2.44,-13.24,Los Angeles County
1400000US06037234600,"Census Tract 2346, Los Angeles County, California",5011,4875,4885,-136,10,-126,-2.71,0.21,-2.51,Los Angeles County
1400000US06037234700,"Census Tract 2347, Los Angeles County, California",3692,3721,3700,29,-21,8,0.79,-0.56,0.22,Los Angeles County
1400000US06037234800,"Census Tract 2348, Los Angeles County, California",3371,3489,3424,118,-65,53,3.5,-1.86,1.57,Los Angeles County
1400000US06037234901,"Census Tract 2349.01, Los Angeles County, California",3315,3203,2954,-112,-249,-361,-3.38,-7.77,-10.89,Los Angeles County
1400000US06037234902,"Census Tract 2349.02, Los Angeles County, California",4222,4278,4558,56,280,336,1.33,6.55,7.96,Los Angeles County
1400000US06037235100,"Census Tract 2351, Los Angeles County, California",4229,4174,4074,-55,-100,-155,-1.3,-2.4,-3.67,Los Angeles County
1400000US06037235201,"Census Tract 2352.01, Los Angeles County, California",2835,2754,2847,-81,93,12,-2.86,3.38,0.42,Los Angeles County
1400000US06037235202,"Census Tract 2352.02, Los Angeles County, California",4068,3945,3888,-123,-57,-180,-3.02,-1.44,-4.42,Los Angeles County
1400000US06037236001,"Census Tract 2360.01, Los Angeles County, California",4082,4150,4207,68,57,125,1.67,1.37,3.06,Los Angeles County
1400000US06037236101,"Census Tract 2361.01, Los Angeles County, California",2628,2722,2421,94,-301,-207,3.58,-11.06,-7.88,Los Angeles County
1400000US06037236102,"Census Tract 2361.02, Los Angeles County, California",3405,3607,3573,202,-34,168,5.93,-0.94,4.93,Los Angeles County
1400000US06037236203,"Census Tract 2362.03, Los Angeles County, California",3599,3550,3727,-49,177,128,-1.36,4.99,3.56,Los Angeles County
1400000US06037236204,"Census Tract 2362.04, Los Angeles County, California",3137,3095,2968,-42,-127,-169,-1.34,-4.1,-5.39,Los Angeles County
1400000US06037236205,"Census Tract 2362.05, Los Angeles County, California",3347,2846,3421,-501,575,74,-14.97,20.2,2.21,Los Angeles County
1400000US06037236206,"Census Tract 2362.06, Los Angeles County, California",2568,2696,2983,128,287,415,4.98,10.65,16.16,Los Angeles County
1400000US06037236400,"Census Tract 2364, Los Angeles County, California",4368,4346,4551,-22,205,183,-0.5,4.72,4.19,Los Angeles County
1400000US06037237101,"Census Tract 2371.01, Los Angeles County, California",4099,4130,3827,31,-303,-272,0.76,-7.34,-6.64,Los Angeles County
1400000US06037237102,"Census Tract 2371.02, Los Angeles County, California",4054,4045,4038,-9,-7,-16,-0.22,-0.17,-0.39,Los Angeles County
1400000US06037237201,"Census Tract 2372.01, Los Angeles County, California",4049,4088,4138,39,50,89,0.96,1.22,2.2,Los Angeles County
1400000US06037237202,"Census Tract 2372.02, Los Angeles County, California",4611,4652,4653,41,1,42,0.89,0.02,0.91,Los Angeles County
1400000US06037237300,"Census Tract 2373, Los Angeles County, California",5407,5650,6051,243,401,644,4.49,7.1,11.91,Los Angeles County
1400000US06037237401,"Census Tract 2374.01, Los Angeles County, California",4490,4143,4331,-347,188,-159,-7.73,4.54,-3.54,Los Angeles County
1400000US06037237402,"Census Tract 2374.02, Los Angeles County, California",3605,3639,3896,34,257,291,0.94,7.06,8.07,Los Angeles County
1400000US06037237500,"Census Tract 2375, Los Angeles County, California",2728,2987,2822,259,-165,94,9.49,-5.52,3.45,Los Angeles County
1400000US06037237600,"Census Tract 2376, Los Angeles County, California",3914,4021,4014,107,-7,100,2.73,-0.17,2.55,Los Angeles County
1400000US06037237710,"Census Tract 2377.10, Los Angeles County, California",4728,4749,4445,21,-304,-283,0.44,-6.4,-5.99,Los Angeles County
1400000US06037237720,"Census Tract 2377.20, Los Angeles County, California",3855,3779,3784,-76,5,-71,-1.97,0.13,-1.84,Los Angeles County
1400000US06037237800,"Census Tract 2378, Los Angeles County, California",4015,3980,3880,-35,-100,-135,-0.87,-2.51,-3.36,Los Angeles County
1400000US06037237900,"Census Tract 2379, Los Angeles County, California",4651,4473,4131,-178,-342,-520,-3.83,-7.65,-11.18,Los Angeles County
1400000US06037238000,"Census Tract 2380, Los Angeles County, California",6232,6169,5592,-63,-577,-640,-1.01,-9.35,-10.27,Los Angeles County
1400000US06037238100,"Census Tract 2381, Los Angeles County, California",5314,5330,5165,16,-165,-149,0.3,-3.1,-2.8,Los Angeles County
1400000US06037238200,"Census Tract 2382, Los Angeles County, California",5448,5494,6181,46,687,733,0.84,12.5,13.45,Los Angeles County
1400000US06037238310,"Census Tract 2383.10, Los Angeles County, California",5222,5207,5400,-15,193,178,-0.29,3.71,3.41,Los Angeles County
1400000US06037238320,"Census Tract 2383.20, Los Angeles County, California",3542,3403,3560,-139,157,18,-3.92,4.61,0.51,Los Angeles County
1400000US06037238400,"Census Tract 2384, Los Angeles County, California",4618,4311,5107,-307,796,489,-6.65,18.46,10.59,Los Angeles County
1400000US06037239201,"Census Tract 2392.01, Los Angeles County, California",3353,3663,3563,310,-100,210,9.25,-2.73,6.26,Los Angeles County
1400000US06037239202,"Census Tract 2392.02, Los Angeles County, California",6442,6570,5645,128,-925,-797,1.99,-14.08,-12.37,Los Angeles County
1400000US06037239310,"Census Tract 2393.10, Los Angeles County, California",4596,4234,4026,-362,-208,-570,-7.88,-4.91,-12.4,Los Angeles County
1400000US06037239320,"Census Tract 2393.20, Los Angeles County, California",3535,3194,3078,-341,-116,-457,-9.65,-3.63,-12.93,Los Angeles County
1400000US06037239330,"Census Tract 2393.30, Los Angeles County, California",2795,3100,2972,305,-128,177,10.91,-4.13,6.33,Los Angeles County
1400000US06037239501,"Census Tract 2395.01, Los Angeles County, California",3533,3647,3668,114,21,135,3.23,0.58,3.82,Los Angeles County
1400000US06037239502,"Census Tract 2395.02, Los Angeles County, California",3990,3978,3624,-12,-354,-366,-0.3,-8.9,-9.17,Los Angeles County
1400000US06037239601,"Census Tract 2396.01, Los Angeles County, California",3675,3665,3675,-10,10,0,-0.27,0.27,0,Los Angeles County
1400000US06037239602,"Census Tract 2396.02, Los Angeles County, California",3960,4022,3967,62,-55,7,1.57,-1.37,0.18,Los Angeles County
1400000US06037239701,"Census Tract 2397.01, Los Angeles County, California",4738,4770,4509,32,-261,-229,0.68,-5.47,-4.83,Los Angeles County
1400000US06037239702,"Census Tract 2397.02, Los Angeles County, California",4352,4735,4567,383,-168,215,8.8,-3.55,4.94,Los Angeles County
1400000US06037239801,"Census Tract 2398.01, Los Angeles County, California",3761,3954,4116,193,162,355,5.13,4.1,9.44,Los Angeles County
1400000US06037239802,"Census Tract 2398.02, Los Angeles County, California",5857,5660,5767,-197,107,-90,-3.36,1.89,-1.54,Los Angeles County
1400000US06037240010,"Census Tract 2400.10, Los Angeles County, California",3809,4152,3888,343,-264,79,9,-6.36,2.07,Los Angeles County
1400000US06037240020,"Census Tract 2400.20, Los Angeles County, California",5321,5457,5286,136,-171,-35,2.56,-3.13,-0.66,Los Angeles County
1400000US06037240200,"Census Tract 2402, Los Angeles County, California",5523,6246,6345,723,99,822,13.09,1.59,14.88,Los Angeles County
1400000US06037240301,"Census Tract 2403.01, Los Angeles County, California",2881,3031,3061,150,30,180,5.21,0.99,6.25,Los Angeles County
1400000US06037240302,"Census Tract 2403.02, Los Angeles County, California",2811,2917,2849,106,-68,38,3.77,-2.33,1.35,Los Angeles County
1400000US06037240401,"Census Tract 2404.01, Los Angeles County, California",6141,6032,6409,-109,377,268,-1.77,6.25,4.36,Los Angeles County
1400000US06037240402,"Census Tract 2404.02, Los Angeles County, California",3626,3792,4276,166,484,650,4.58,12.76,17.93,Los Angeles County
1400000US06037240500,"Census Tract 2405, Los Angeles County, California",7035,6784,6760,-251,-24,-275,-3.57,-0.35,-3.91,Los Angeles County
1400000US06037240600,"Census Tract 2406, Los Angeles County, California",5911,5434,5431,-477,-3,-480,-8.07,-0.06,-8.12,Los Angeles County
1400000US06037240700,"Census Tract 2407, Los Angeles County, California",6462,6640,6324,178,-316,-138,2.75,-4.76,-2.14,Los Angeles County
1400000US06037240800,"Census Tract 2408, Los Angeles County, California",4494,4494,4470,0,-24,-24,0,-0.53,-0.53,Los Angeles County
1400000US06037240901,"Census Tract 2409.01, Los Angeles County, California",2735,3199,2711,464,-488,-24,16.97,-15.25,-0.88,Los Angeles County
1400000US06037240902,"Census Tract 2409.02, Los Angeles County, California",3774,3834,3658,60,-176,-116,1.59,-4.59,-3.07,Los Angeles County
1400000US06037241001,"Census Tract 2410.01, Los Angeles County, California",4445,4492,4641,47,149,196,1.06,3.32,4.41,Los Angeles County
1400000US06037241002,"Census Tract 2410.02, Los Angeles County, California",3950,4092,3776,142,-316,-174,3.59,-7.72,-4.41,Los Angeles County
1400000US06037241110,"Census Tract 2411.10, Los Angeles County, California",3648,3781,3819,133,38,171,3.65,1.01,4.69,Los Angeles County
1400000US06037241120,"Census Tract 2411.20, Los Angeles County, California",4389,4429,4207,40,-222,-182,0.91,-5.01,-4.15,Los Angeles County
1400000US06037241201,"Census Tract 2412.01, Los Angeles County, California",3245,3383,3287,138,-96,42,4.25,-2.84,1.29,Los Angeles County
1400000US06037241202,"Census Tract 2412.02, Los Angeles County, California",5922,5872,5291,-50,-581,-631,-0.84,-9.89,-10.66,Los Angeles County
1400000US06037241300,"Census Tract 2413, Los Angeles County, California",2511,2539,2376,28,-163,-135,1.12,-6.42,-5.38,Los Angeles County
1400000US06037241400,"Census Tract 2414, Los Angeles County, California",3672,4082,3974,410,-108,302,11.17,-2.65,8.22,Los Angeles County
1400000US06037242000,"Census Tract 2420, Los Angeles County, California",4074,4175,4074,101,-101,0,2.48,-2.42,0,Los Angeles County
1400000US06037242100,"Census Tract 2421, Los Angeles County, California",2743,2648,2680,-95,32,-63,-3.46,1.21,-2.3,Los Angeles County
1400000US06037242201,"Census Tract 2422.01, Los Angeles County, California",4012,4058,4011,46,-47,-1,1.15,-1.16,-0.02,Los Angeles County
1400000US06037242202,"Census Tract 2422.02, Los Angeles County, California",2816,2947,2966,131,19,150,4.65,0.64,5.33,Los Angeles County
1400000US06037242300,"Census Tract 2423, Los Angeles County, California",5073,5018,5010,-55,-8,-63,-1.08,-0.16,-1.24,Los Angeles County
1400000US06037242600,"Census Tract 2426, Los Angeles County, California",4584,4670,4698,86,28,114,1.88,0.6,2.49,Los Angeles County
1400000US06037242700,"Census Tract 2427, Los Angeles County, California",5756,5262,4982,-494,-280,-774,-8.58,-5.32,-13.45,Los Angeles County
1400000US06037243001,"Census Tract 2430.01, Los Angeles County, California",3704,3376,3444,-328,68,-260,-8.86,2.01,-7.02,Los Angeles County
1400000US06037243002,"Census Tract 2430.02, Los Angeles County, California",2668,2756,2846,88,90,178,3.3,3.27,6.67,Los Angeles County
1400000US06037243100,"Census Tract 2431, Los Angeles County, California",6090,5689,5552,-401,-137,-538,-6.58,-2.41,-8.83,Los Angeles County
1400000US06037261102,"Census Tract 2611.02, Los Angeles County, California",3630,3490,3502,-140,12,-128,-3.86,0.34,-3.53,Los Angeles County
1400000US06037261103,"Census Tract 2611.03, Los Angeles County, California",1815,1859,1767,44,-92,-48,2.42,-4.95,-2.64,Los Angeles County
1400000US06037261104,"Census Tract 2611.04, Los Angeles County, California",1606,1560,1547,-46,-13,-59,-2.86,-0.83,-3.67,Los Angeles County
1400000US06037261200,"Census Tract 2612, Los Angeles County, California",4185,4040,3967,-145,-73,-218,-3.46,-1.81,-5.21,Los Angeles County
1400000US06037262100,"Census Tract 2621, Los Angeles County, California",2566,2314,2457,-252,143,-109,-9.82,6.18,-4.25,Los Angeles County
1400000US06037262200,"Census Tract 2622, Los Angeles County, California",4471,4227,4378,-244,151,-93,-5.46,3.57,-2.08,Los Angeles County
1400000US06037262301,"Census Tract 2623.01, Los Angeles County, California",2596,2602,2806,6,204,210,0.23,7.84,8.09,Los Angeles County
1400000US06037262302,"Census Tract 2623.02, Los Angeles County, California",2959,2824,2839,-135,15,-120,-4.56,0.53,-4.06,Los Angeles County
1400000US06037262303,"Census Tract 2623.03, Los Angeles County, California",2759,2817,2749,58,-68,-10,2.1,-2.41,-0.36,Los Angeles County
1400000US06037262400,"Census Tract 2624, Los Angeles County, California",3059,3097,2900,38,-197,-159,1.24,-6.36,-5.2,Los Angeles County
1400000US06037262501,"Census Tract 2625.01, Los Angeles County, California",3794,3643,3709,-151,66,-85,-3.98,1.81,-2.24,Los Angeles County
1400000US06037262601,"Census Tract 2626.01, Los Angeles County, California",3478,3544,3330,66,-214,-148,1.9,-6.04,-4.26,Los Angeles County
1400000US06037262604,"Census Tract 2626.04, Los Angeles County, California",5532,5564,5763,32,199,231,0.58,3.58,4.18,Los Angeles County
1400000US06037262704,"Census Tract 2627.04, Los Angeles County, California",3489,3538,3590,49,52,101,1.4,1.47,2.89,Los Angeles County
1400000US06037262706,"Census Tract 2627.06, Los Angeles County, California",3692,3490,3492,-202,2,-200,-5.47,0.06,-5.42,Los Angeles County
1400000US06037262802,"Census Tract 2628.02, Los Angeles County, California",3231,3198,3512,-33,314,281,-1.02,9.82,8.7,Los Angeles County
1400000US06037264000,"Census Tract 2640, Los Angeles County, California",3150,3161,2968,11,-193,-182,0.35,-6.11,-5.78,Los Angeles County
1400000US06037264102,"Census Tract 2641.02, Los Angeles County, California",3048,2669,2814,-379,145,-234,-12.43,5.43,-7.68,Los Angeles County
1400000US06037264103,"Census Tract 2641.03, Los Angeles County, California",2751,2658,2777,-93,119,26,-3.38,4.48,0.95,Los Angeles County
1400000US06037264303,"Census Tract 2643.03, Los Angeles County, California",2836,2581,2706,-255,125,-130,-8.99,4.84,-4.58,Los Angeles County
1400000US06037264304,"Census Tract 2643.04, Los Angeles County, California",2606,2541,2358,-65,-183,-248,-2.49,-7.2,-9.52,Los Angeles County
1400000US06037264305,"Census Tract 2643.05, Los Angeles County, California",4688,4619,4396,-69,-223,-292,-1.47,-4.83,-6.23,Los Angeles County
1400000US06037264306,"Census Tract 2643.06, Los Angeles County, California",2000,1872,1703,-128,-169,-297,-6.4,-9.03,-14.85,Los Angeles County
1400000US06037265100,"Census Tract 2651, Los Angeles County, California",2531,2395,2413,-136,18,-118,-5.37,0.75,-4.66,Los Angeles County
1400000US06037265201,"Census Tract 2652.01, Los Angeles County, California",2845,2717,2615,-128,-102,-230,-4.5,-3.75,-8.08,Los Angeles County
1400000US06037265203,"Census Tract 2652.03, Los Angeles County, California",2146,1866,1988,-280,122,-158,-13.05,6.54,-7.36,Los Angeles County
1400000US06037265204,"Census Tract 2652.04, Los Angeles County, California",1358,1415,1544,57,129,186,4.2,9.12,13.7,Los Angeles County
1400000US06037265301,"Census Tract 2653.01, Los Angeles County, California",12957,13830,12794,873,-1036,-163,6.74,-7.49,-1.26,Los Angeles County
1400000US06037265303,"Census Tract 2653.03, Los Angeles County, California",5089,4653,4736,-436,83,-353,-8.57,1.78,-6.94,Los Angeles County
1400000US06037265304,"Census Tract 2653.04, Los Angeles County, California",2625,2748,3009,123,261,384,4.69,9.5,14.63,Los Angeles County
1400000US06037265306,"Census Tract 2653.06, Los Angeles County, California",1929,1785,1788,-144,3,-141,-7.47,0.17,-7.31,Los Angeles County
1400000US06037265307,"Census Tract 2653.07, Los Angeles County, California",1927,1765,2190,-162,425,263,-8.41,24.08,13.65,Los Angeles County
1400000US06037265410,"Census Tract 2654.10, Los Angeles County, California",1775,1741,1679,-34,-62,-96,-1.92,-3.56,-5.41,Los Angeles County
1400000US06037265420,"Census Tract 2654.20, Los Angeles County, California",1591,1502,1474,-89,-28,-117,-5.59,-1.86,-7.35,Los Angeles County
1400000US06037265521,"Census Tract 2655.21, Los Angeles County, California",1849,1505,1569,-344,64,-280,-18.6,4.25,-15.14,Los Angeles County
1400000US06037265522,"Census Tract 2655.22, Los Angeles County, California",2431,2350,2086,-81,-264,-345,-3.33,-11.23,-14.19,Los Angeles County
1400000US06037265523,"Census Tract 2655.23, Los Angeles County, California",2704,2262,2180,-442,-82,-524,-16.35,-3.63,-19.38,Los Angeles County
1400000US06037265524,"Census Tract 2655.24, Los Angeles County, California",2710,2808,2864,98,56,154,3.62,1.99,5.68,Los Angeles County
1400000US06037265601,"Census Tract 2656.01, Los Angeles County, California",3480,3210,3019,-270,-191,-461,-7.76,-5.95,-13.25,Los Angeles County
1400000US06037265602,"Census Tract 2656.02, Los Angeles County, California",3101,2947,2928,-154,-19,-173,-4.97,-0.64,-5.58,Los Angeles County
1400000US06037265701,"Census Tract 2657.01, Los Angeles County, California",1507,1463,1745,-44,282,238,-2.92,19.28,15.79,Los Angeles County
1400000US06037265702,"Census Tract 2657.02, Los Angeles County, California",2985,2827,2993,-158,166,8,-5.29,5.87,0.27,Los Angeles County
1400000US06037267101,"Census Tract 2671.01, Los Angeles County, California",3646,2989,3136,-657,147,-510,-18.02,4.92,-13.99,Los Angeles County
1400000US06037267102,"Census Tract 2671.02, Los Angeles County, California",3081,2910,2928,-171,18,-153,-5.55,0.62,-4.97,Los Angeles County
1400000US06037267201,"Census Tract 2672.01, Los Angeles County, California",3043,2997,2775,-46,-222,-268,-1.51,-7.41,-8.81,Los Angeles County
1400000US06037267202,"Census Tract 2672.02, Los Angeles County, California",3756,3745,3654,-11,-91,-102,-0.29,-2.43,-2.72,Los Angeles County
1400000US06037267300,"Census Tract 2673, Los Angeles County, California",4340,4124,3865,-216,-259,-475,-4.98,-6.28,-10.94,Los Angeles County
1400000US06037267403,"Census Tract 2674.03, Los Angeles County, California",3929,3549,3538,-380,-11,-391,-9.67,-0.31,-9.95,Los Angeles County
1400000US06037267404,"Census Tract 2674.04, Los Angeles County, California",3227,3288,3325,61,37,98,1.89,1.13,3.04,Los Angeles County
1400000US06037267405,"Census Tract 2674.05, Los Angeles County, California",2803,2826,2527,23,-299,-276,0.82,-10.58,-9.85,Los Angeles County
1400000US06037267406,"Census Tract 2674.06, Los Angeles County, California",1918,1757,1963,-161,206,45,-8.39,11.72,2.35,Los Angeles County
1400000US06037267502,"Census Tract 2675.02, Los Angeles County, California",3357,3272,3228,-85,-44,-129,-2.53,-1.34,-3.84,Los Angeles County
1400000US06037267503,"Census Tract 2675.03, Los Angeles County, California",2296,2183,2159,-113,-24,-137,-4.92,-1.1,-5.97,Los Angeles County
1400000US06037267504,"Census Tract 2675.04, Los Angeles County, California",4094,3394,3396,-700,2,-698,-17.1,0.06,-17.05,Los Angeles County
1400000US06037267600,"Census Tract 2676, Los Angeles County, California",2591,2556,2434,-35,-122,-157,-1.35,-4.77,-6.06,Los Angeles County
1400000US06037267700,"Census Tract 2677, Los Angeles County, California",3475,3696,3890,221,194,415,6.36,5.25,11.94,Los Angeles County
1400000US06037267800,"Census Tract 2678, Los Angeles County, California",2894,2775,3096,-119,321,202,-4.11,11.57,6.98,Los Angeles County
1400000US06037267901,"Census Tract 2679.01, Los Angeles County, California",2560,2450,2627,-110,177,67,-4.3,7.22,2.62,Los Angeles County
1400000US06037267902,"Census Tract 2679.02, Los Angeles County, California",3565,3590,3570,25,-20,5,0.7,-0.56,0.14,Los Angeles County
1400000US06037269000,"Census Tract 2690, Los Angeles County, California",4744,4519,4646,-225,127,-98,-4.74,2.81,-2.07,Los Angeles County
1400000US06037269100,"Census Tract 2691, Los Angeles County, California",4612,4197,4212,-415,15,-400,-9,0.36,-8.67,Los Angeles County
1400000US06037269300,"Census Tract 2693, Los Angeles County, California",3948,3791,3763,-157,-28,-185,-3.98,-0.74,-4.69,Los Angeles County
1400000US06037269500,"Census Tract 2695, Los Angeles County, California",3741,3525,3855,-216,330,114,-5.77,9.36,3.05,Los Angeles County
1400000US06037269601,"Census Tract 2696.01, Los Angeles County, California",3440,3292,3515,-148,223,75,-4.3,6.77,2.18,Los Angeles County
1400000US06037269602,"Census Tract 2696.02, Los Angeles County, California",2784,2662,2532,-122,-130,-252,-4.38,-4.88,-9.05,Los Angeles County
1400000US06037269700,"Census Tract 2697, Los Angeles County, California",3715,3711,3769,-4,58,54,-0.11,1.56,1.45,Los Angeles County
1400000US06037269800,"Census Tract 2698, Los Angeles County, California",3218,2943,3069,-275,126,-149,-8.55,4.28,-4.63,Los Angeles County
1400000US06037269903,"Census Tract 2699.03, Los Angeles County, California",3365,3076,3318,-289,242,-47,-8.59,7.87,-1.4,Los Angeles County
1400000US06037269905,"Census Tract 2699.05, Los Angeles County, California",2305,2126,2227,-179,101,-78,-7.77,4.75,-3.38,Los Angeles County
1400000US06037269906,"Census Tract 2699.06, Los Angeles County, California",3192,3100,3327,-92,227,135,-2.88,7.32,4.23,Los Angeles County
1400000US06037269907,"Census Tract 2699.07, Los Angeles County, California",2653,2571,2452,-82,-119,-201,-3.09,-4.63,-7.58,Los Angeles County
1400000US06037269908,"Census Tract 2699.08, Los Angeles County, California",1885,1968,1847,83,-121,-38,4.4,-6.15,-2.02,Los Angeles County
1400000US06037269909,"Census Tract 2699.09, Los Angeles County, California",2282,2319,2098,37,-221,-184,1.62,-9.53,-8.06,Los Angeles County
1400000US06037270101,"Census Tract 2701.01, Los Angeles County, California",2102,2024,1935,-78,-89,-167,-3.71,-4.4,-7.94,Los Angeles County
1400000US06037270102,"Census Tract 2701.02, Los Angeles County, California",3017,2183,2198,-834,15,-819,-27.64,0.69,-27.15,Los Angeles County
1400000US06037270200,"Census Tract 2702, Los Angeles County, California",3590,3286,3697,-304,411,107,-8.47,12.51,2.98,Los Angeles County
1400000US06037270300,"Census Tract 2703, Los Angeles County, California",2521,2402,2815,-119,413,294,-4.72,17.19,11.66,Los Angeles County
1400000US06037271100,"Census Tract 2711, Los Angeles County, California",2493,2384,2461,-109,77,-32,-4.37,3.23,-1.28,Los Angeles County
1400000US06037271200,"Census Tract 2712, Los Angeles County, California",2627,2288,2268,-339,-20,-359,-12.9,-0.87,-13.67,Los Angeles County
1400000US06037271300,"Census Tract 2713, Los Angeles County, California",4613,4766,5152,153,386,539,3.32,8.1,11.68,Los Angeles County
1400000US06037271400,"Census Tract 2714, Los Angeles County, California",3750,3448,3266,-302,-182,-484,-8.05,-5.28,-12.91,Los Angeles County
1400000US06037271500,"Census Tract 2715, Los Angeles County, California",3165,2927,2926,-238,-1,-239,-7.52,-0.03,-7.55,Los Angeles County
1400000US06037271600,"Census Tract 2716, Los Angeles County, California",4975,4729,5099,-246,370,124,-4.94,7.82,2.49,Los Angeles County
1400000US06037271702,"Census Tract 2717.02, Los Angeles County, California",4204,3875,4092,-329,217,-112,-7.83,5.6,-2.66,Los Angeles County
1400000US06037271703,"Census Tract 2717.03, Los Angeles County, California",2677,2673,2765,-4,92,88,-0.15,3.44,3.29,Los Angeles County
1400000US06037271704,"Census Tract 2717.04, Los Angeles County, California",3569,2918,2996,-651,78,-573,-18.24,2.67,-16.05,Los Angeles County
1400000US06037271801,"Census Tract 2718.01, Los Angeles County, California",3099,2992,3045,-107,53,-54,-3.45,1.77,-1.74,Los Angeles County
1400000US06037271803,"Census Tract 2718.03, Los Angeles County, California",3009,3066,3231,57,165,222,1.89,5.38,7.38,Los Angeles County
1400000US06037271804,"Census Tract 2718.04, Los Angeles County, California",2494,2317,2414,-177,97,-80,-7.1,4.19,-3.21,Los Angeles County
1400000US06037271901,"Census Tract 2719.01, Los Angeles County, California",3257,3194,3144,-63,-50,-113,-1.93,-1.57,-3.47,Los Angeles County
1400000US06037271902,"Census Tract 2719.02, Los Angeles County, California",3865,3762,3871,-103,109,6,-2.66,2.9,0.16,Los Angeles County
1400000US06037272100,"Census Tract 2721, Los Angeles County, California",4780,4744,4369,-36,-375,-411,-0.75,-7.9,-8.6,Los Angeles County
1400000US06037272201,"Census Tract 2722.01, Los Angeles County, California",2209,2017,1991,-192,-26,-218,-8.69,-1.29,-9.87,Los Angeles County
1400000US06037272202,"Census Tract 2722.02, Los Angeles County, California",3423,3117,3106,-306,-11,-317,-8.94,-0.35,-9.26,Los Angeles County
1400000US06037272301,"Census Tract 2723.01, Los Angeles County, California",3395,3376,3234,-19,-142,-161,-0.56,-4.21,-4.74,Los Angeles County
1400000US06037272302,"Census Tract 2723.02, Los Angeles County, California",3989,3805,3766,-184,-39,-223,-4.61,-1.02,-5.59,Los Angeles County
1400000US06037273100,"Census Tract 2731, Los Angeles County, California",2761,2518,2644,-243,126,-117,-8.8,5,-4.24,Los Angeles County
1400000US06037273200,"Census Tract 2732, Los Angeles County, California",3163,2790,2911,-373,121,-252,-11.79,4.34,-7.97,Los Angeles County
1400000US06037273300,"Census Tract 2733, Los Angeles County, California",2963,3094,3024,131,-70,61,4.42,-2.26,2.06,Los Angeles County
1400000US06037273403,"Census Tract 2734.03, Los Angeles County, California",1429,1274,1306,-155,32,-123,-10.85,2.51,-8.61,Los Angeles County
1400000US06037273404,"Census Tract 2734.04, Los Angeles County, California",1437,1297,1424,-140,127,-13,-9.74,9.79,-0.9,Los Angeles County
1400000US06037273502,"Census Tract 2735.02, Los Angeles County, California",2792,2701,2625,-91,-76,-167,-3.26,-2.81,-5.98,Los Angeles County
1400000US06037273600,"Census Tract 2736, Los Angeles County, California",2413,2214,2103,-199,-111,-310,-8.25,-5.01,-12.85,Los Angeles County
1400000US06037273700,"Census Tract 2737, Los Angeles County, California",2992,2934,2796,-58,-138,-196,-1.94,-4.7,-6.55,Los Angeles County
1400000US06037273800,"Census Tract 2738, Los Angeles County, California",2922,2985,3027,63,42,105,2.16,1.41,3.59,Los Angeles County
1400000US06037273902,"Census Tract 2739.02, Los Angeles County, California",4416,4119,4011,-297,-108,-405,-6.73,-2.62,-9.17,Los Angeles County
1400000US06037274100,"Census Tract 2741, Los Angeles County, California",4757,4323,4237,-434,-86,-520,-9.12,-1.99,-10.93,Los Angeles County
1400000US06037274202,"Census Tract 2742.02, Los Angeles County, California",4151,4044,3820,-107,-224,-331,-2.58,-5.54,-7.97,Los Angeles County
1400000US06037275101,"Census Tract 2751.01, Los Angeles County, California",1060,1009,979,-51,-30,-81,-4.81,-2.97,-7.64,Los Angeles County
1400000US06037275102,"Census Tract 2751.02, Los Angeles County, California",4282,4163,4265,-119,102,-17,-2.78,2.45,-0.4,Los Angeles County
1400000US06037275200,"Census Tract 2752, Los Angeles County, California",3814,3778,3754,-36,-24,-60,-0.94,-0.64,-1.57,Los Angeles County
1400000US06037275311,"Census Tract 2753.11, Los Angeles County, California",5275,5106,4985,-169,-121,-290,-3.2,-2.37,-5.5,Los Angeles County
1400000US06037275312,"Census Tract 2753.12, Los Angeles County, California",2061,1907,1991,-154,84,-70,-7.47,4.4,-3.4,Los Angeles County
1400000US06037275313,"Census Tract 2753.13, Los Angeles County, California",3196,3299,3298,103,-1,102,3.22,-0.03,3.19,Los Angeles County
1400000US06037275400,"Census Tract 2754, Los Angeles County, California",4185,4281,4161,96,-120,-24,2.29,-2.8,-0.57,Los Angeles County
1400000US06037275500,"Census Tract 2755, Los Angeles County, California",5337,5232,4808,-105,-424,-529,-1.97,-8.1,-9.91,Los Angeles County
1400000US06037275603,"Census Tract 2756.03, Los Angeles County, California",2864,2824,2820,-40,-4,-44,-1.4,-0.14,-1.54,Los Angeles County
1400000US06037275604,"Census Tract 2756.04, Los Angeles County, California",9559,9814,10065,255,251,506,2.67,2.56,5.29,Los Angeles County
1400000US06037275605,"Census Tract 2756.05, Los Angeles County, California",2685,2638,2701,-47,63,16,-1.75,2.39,0.6,Los Angeles County
1400000US06037276000,"Census Tract 2760, Los Angeles County, California",5960,6500,6609,540,109,649,9.06,1.68,10.89,Los Angeles County
1400000US06037276101,"Census Tract 2761.01, Los Angeles County, California",3034,2976,2991,-58,15,-43,-1.91,0.5,-1.42,Los Angeles County
1400000US06037276102,"Census Tract 2761.02, Los Angeles County, California",3010,3081,3262,71,181,252,2.36,5.87,8.37,Los Angeles County
1400000US06037276400,"Census Tract 2764, Los Angeles County, California",4104,4124,4388,20,264,284,0.49,6.4,6.92,Los Angeles County
1400000US06037276500,"Census Tract 2765, Los Angeles County, California",5710,5925,5617,215,-308,-93,3.77,-5.2,-1.63,Los Angeles County
1400000US06037276601,"Census Tract 2766.01, Los Angeles County, California",4030,3918,4136,-112,218,106,-2.78,5.56,2.63,Los Angeles County
1400000US06037276605,"Census Tract 2766.05, Los Angeles County, California",2640,2456,2366,-184,-90,-274,-6.97,-3.66,-10.38,Los Angeles County
1400000US06037276606,"Census Tract 2766.06, Los Angeles County, California",3084,3010,2987,-74,-23,-97,-2.4,-0.76,-3.15,Los Angeles County
1400000US06037276607,"Census Tract 2766.07, Los Angeles County, California",2587,2761,2787,174,26,200,6.73,0.94,7.73,Los Angeles County
1400000US06037276608,"Census Tract 2766.08, Los Angeles County, California",2147,2132,2141,-15,9,-6,-0.7,0.42,-0.28,Los Angeles County
1400000US06037277000,"Census Tract 2770, Los Angeles County, California",5581,5824,5947,243,123,366,4.35,2.11,6.56,Los Angeles County
1400000US06037277100,"Census Tract 2771, Los Angeles County, California",3176,3173,3149,-3,-24,-27,-0.09,-0.76,-0.85,Los Angeles County
1400000US06037277200,"Census Tract 2772, Los Angeles County, California",1943,1758,1845,-185,87,-98,-9.52,4.95,-5.04,Los Angeles County
1400000US06037277400,"Census Tract 2774, Los Angeles County, California",576,164,0,-412,-164,-576,-71.53,-100,-100,Los Angeles County
1400000US06037278001,"Census Tract 2780.01, Los Angeles County, California",2338,2325,2220,-13,-105,-118,-0.56,-4.52,-5.05,Los Angeles County
1400000US06037278102,"Census Tract 2781.02, Los Angeles County, California",3008,3064,3116,56,52,108,1.86,1.7,3.59,Los Angeles County
1400000US06037291110,"Census Tract 2911.10, Los Angeles County, California",4370,4660,4530,290,-130,160,6.64,-2.79,3.66,Los Angeles County
1400000US06037291120,"Census Tract 2911.20, Los Angeles County, California",2548,2398,2178,-150,-220,-370,-5.89,-9.17,-14.52,Los Angeles County
1400000US06037291130,"Census Tract 2911.30, Los Angeles County, California",3458,3361,3492,-97,131,34,-2.81,3.9,0.98,Los Angeles County
1400000US06037291210,"Census Tract 2912.10, Los Angeles County, California",5429,4960,4752,-469,-208,-677,-8.64,-4.19,-12.47,Los Angeles County
1400000US06037291220,"Census Tract 2912.20, Los Angeles County, California",3451,3310,3008,-141,-302,-443,-4.09,-9.12,-12.84,Los Angeles County
1400000US06037291300,"Census Tract 2913, Los Angeles County, California",3237,3143,3132,-94,-11,-105,-2.9,-0.35,-3.24,Los Angeles County
1400000US06037292001,"Census Tract 2920.01, Los Angeles County, California",4451,4582,4219,131,-363,-232,2.94,-7.92,-5.21,Los Angeles County
1400000US06037292002,"Census Tract 2920.02, Los Angeles County, California",1944,1932,1993,-12,61,49,-0.62,3.16,2.52,Los Angeles County
1400000US06037293203,"Census Tract 2932.03, Los Angeles County, California",3013,3134,2936,121,-198,-77,4.02,-6.32,-2.56,Los Angeles County
1400000US06037293204,"Census Tract 2932.04, Los Angeles County, California",4260,4090,3660,-170,-430,-600,-3.99,-10.51,-14.08,Los Angeles County
1400000US06037293205,"Census Tract 2932.05, Los Angeles County, California",3402,3478,3487,76,9,85,2.23,0.26,2.5,Los Angeles County
1400000US06037293206,"Census Tract 2932.06, Los Angeles County, California",2862,2967,2882,105,-85,20,3.67,-2.86,0.7,Los Angeles County
1400000US06037293301,"Census Tract 2933.01, Los Angeles County, California",2834,2821,2734,-13,-87,-100,-0.46,-3.08,-3.53,Los Angeles County
1400000US06037293302,"Census Tract 2933.02, Los Angeles County, California",5084,5103,4637,19,-466,-447,0.37,-9.13,-8.79,Los Angeles County
1400000US06037293304,"Census Tract 2933.04, Los Angeles County, California",5149,5250,5317,101,67,168,1.96,1.28,3.26,Los Angeles County
1400000US06037293306,"Census Tract 2933.06, Los Angeles County, California",2485,2262,2195,-223,-67,-290,-8.97,-2.96,-11.67,Los Angeles County
1400000US06037293307,"Census Tract 2933.07, Los Angeles County, California",2491,2683,2670,192,-13,179,7.71,-0.48,7.19,Los Angeles County
1400000US06037294110,"Census Tract 2941.10, Los Angeles County, California",3701,3923,3938,222,15,237,6,0.38,6.4,Los Angeles County
1400000US06037294120,"Census Tract 2941.20, Los Angeles County, California",2969,2780,2809,-189,29,-160,-6.37,1.04,-5.39,Los Angeles County
1400000US06037294200,"Census Tract 2942, Los Angeles County, California",4831,4873,4668,42,-205,-163,0.87,-4.21,-3.37,Los Angeles County
1400000US06037294301,"Census Tract 2943.01, Los Angeles County, California",2709,2615,2731,-94,116,22,-3.47,4.44,0.81,Los Angeles County
1400000US06037294302,"Census Tract 2943.02, Los Angeles County, California",4317,4747,4567,430,-180,250,9.96,-3.79,5.79,Los Angeles County
1400000US06037294410,"Census Tract 2944.10, Los Angeles County, California",4996,5079,5237,83,158,241,1.66,3.11,4.82,Los Angeles County
1400000US06037294421,"Census Tract 2944.21, Los Angeles County, California",2866,2781,2763,-85,-18,-103,-2.97,-0.65,-3.59,Los Angeles County
1400000US06037294510,"Census Tract 2945.10, Los Angeles County, California",4843,5051,4095,208,-956,-748,4.29,-18.93,-15.44,Los Angeles County
1400000US06037294520,"Census Tract 2945.20, Los Angeles County, California",3846,3747,3597,-99,-150,-249,-2.57,-4,-6.47,Los Angeles County
1400000US06037294610,"Census Tract 2946.10, Los Angeles County, California",4263,4434,4021,171,-413,-242,4.01,-9.31,-5.68,Los Angeles County
1400000US06037294620,"Census Tract 2946.20, Los Angeles County, California",4546,4471,4229,-75,-242,-317,-1.65,-5.41,-6.97,Los Angeles County
1400000US06037294701,"Census Tract 2947.01, Los Angeles County, California",3080,2979,2789,-101,-190,-291,-3.28,-6.38,-9.45,Los Angeles County
1400000US06037294810,"Census Tract 2948.10, Los Angeles County, California",3923,4071,3929,148,-142,6,3.77,-3.49,0.15,Los Angeles County
1400000US06037294820,"Census Tract 2948.20, Los Angeles County, California",3482,3407,3289,-75,-118,-193,-2.15,-3.46,-5.54,Los Angeles County
1400000US06037294830,"Census Tract 2948.30, Los Angeles County, California",4399,4243,4167,-156,-76,-232,-3.55,-1.79,-5.27,Los Angeles County
1400000US06037294900,"Census Tract 2949, Los Angeles County, California",3831,3777,3824,-54,47,-7,-1.41,1.24,-0.18,Los Angeles County
1400000US06037295103,"Census Tract 2951.03, Los Angeles County, California",5319,5370,5369,51,-1,50,0.96,-0.02,0.94,Los Angeles County
1400000US06037296210,"Census Tract 2962.10, Los Angeles County, California",3652,3878,3616,226,-262,-36,6.19,-6.76,-0.99,Los Angeles County
1400000US06037296220,"Census Tract 2962.20, Los Angeles County, California",3968,3920,4154,-48,234,186,-1.21,5.97,4.69,Los Angeles County
1400000US06037296300,"Census Tract 2963, Los Angeles County, California",4784,4563,4882,-221,319,98,-4.62,6.99,2.05,Los Angeles County
1400000US06037296401,"Census Tract 2964.01, Los Angeles County, California",3228,3303,3075,75,-228,-153,2.32,-6.9,-4.74,Los Angeles County
1400000US06037296402,"Census Tract 2964.02, Los Angeles County, California",3142,3147,3346,5,199,204,0.16,6.32,6.49,Los Angeles County
1400000US06037296500,"Census Tract 2965, Los Angeles County, California",3284,3488,3687,204,199,403,6.21,5.71,12.27,Los Angeles County
1400000US06037296600,"Census Tract 2966, Los Angeles County, California",5214,5264,5284,50,20,70,0.96,0.38,1.34,Los Angeles County
1400000US06037296901,"Census Tract 2969.01, Los Angeles County, California",4440,4493,4492,53,-1,52,1.19,-0.02,1.17,Los Angeles County
1400000US06037296902,"Census Tract 2969.02, Los Angeles County, California",4174,4415,4552,241,137,378,5.77,3.1,9.06,Los Angeles County
1400000US06037297001,"Census Tract 2970.01, Los Angeles County, California",1404,1527,1659,123,132,255,8.76,8.64,18.16,Los Angeles County
1400000US06037297002,"Census Tract 2970.02, Los Angeles County, California",4287,4420,4376,133,-44,89,3.1,-1,2.08,Los Angeles County
1400000US06037297110,"Census Tract 2971.10, Los Angeles County, California",4693,4625,4809,-68,184,116,-1.45,3.98,2.47,Los Angeles County
1400000US06037297120,"Census Tract 2971.20, Los Angeles County, California",3062,3243,3264,181,21,202,5.91,0.65,6.6,Los Angeles County
1400000US06037297201,"Census Tract 2972.01, Los Angeles County, California",4421,4421,4078,0,-343,-343,0,-7.76,-7.76,Los Angeles County
1400000US06037297202,"Census Tract 2972.02, Los Angeles County, California",4049,3971,4128,-78,157,79,-1.93,3.95,1.95,Los Angeles County
1400000US06037297300,"Census Tract 2973, Los Angeles County, California",2113,2096,2152,-17,56,39,-0.8,2.67,1.85,Los Angeles County
1400000US06037297400,"Census Tract 2974, Los Angeles County, California",3183,3141,3248,-42,107,65,-1.32,3.41,2.04,Los Angeles County
1400000US06037297501,"Census Tract 2975.01, Los Angeles County, California",2845,2663,2714,-182,51,-131,-6.4,1.92,-4.6,Los Angeles County
1400000US06037297502,"Census Tract 2975.02, Los Angeles County, California",2006,2275,2724,269,449,718,13.41,19.74,35.79,Los Angeles County
1400000US06037297601,"Census Tract 2976.01, Los Angeles County, California",3017,3120,3443,103,323,426,3.41,10.35,14.12,Los Angeles County
1400000US06037297602,"Census Tract 2976.02, Los Angeles County, California",3515,3474,3388,-41,-86,-127,-1.17,-2.48,-3.61,Los Angeles County
1400000US06037300100,"Census Tract 3001, Los Angeles County, California",6279,6662,6862,383,200,583,6.1,3,9.28,Los Angeles County
1400000US06037300200,"Census Tract 3002, Los Angeles County, California",5378,5373,5382,-5,9,4,-0.09,0.17,0.07,Los Angeles County
1400000US06037300301,"Census Tract 3003.01, Los Angeles County, California",6194,6395,6399,201,4,205,3.25,0.06,3.31,Los Angeles County
1400000US06037300400,"Census Tract 3004, Los Angeles County, California",6200,5867,5732,-333,-135,-468,-5.37,-2.3,-7.55,Los Angeles County
1400000US06037300501,"Census Tract 3005.01, Los Angeles County, California",3039,2863,2785,-176,-78,-254,-5.79,-2.72,-8.36,Los Angeles County
1400000US06037300503,"Census Tract 3005.03, Los Angeles County, California",5475,5251,5063,-224,-188,-412,-4.09,-3.58,-7.53,Los Angeles County
1400000US06037300601,"Census Tract 3006.01, Los Angeles County, California",6334,6035,6010,-299,-25,-324,-4.72,-0.41,-5.12,Los Angeles County
1400000US06037300602,"Census Tract 3006.02, Los Angeles County, California",3455,3291,3326,-164,35,-129,-4.75,1.06,-3.73,Los Angeles County
1400000US06037300701,"Census Tract 3007.01, Los Angeles County, California",5280,5159,4988,-121,-171,-292,-2.29,-3.31,-5.53,Los Angeles County
1400000US06037300702,"Census Tract 3007.02, Los Angeles County, California",6170,5942,5882,-228,-60,-288,-3.7,-1.01,-4.67,Los Angeles County
1400000US06037300800,"Census Tract 3008, Los Angeles County, California",7165,7054,7172,-111,118,7,-1.55,1.67,0.1,Los Angeles County
1400000US06037300901,"Census Tract 3009.01, Los Angeles County, California",5757,5496,5285,-261,-211,-472,-4.53,-3.84,-8.2,Los Angeles County
1400000US06037300902,"Census Tract 3009.02, Los Angeles County, California",2257,2148,2046,-109,-102,-211,-4.83,-4.75,-9.35,Los Angeles County
1400000US06037301000,"Census Tract 3010, Los Angeles County, California",5408,5332,5552,-76,220,144,-1.41,4.13,2.66,Los Angeles County
1400000US06037301100,"Census Tract 3011, Los Angeles County, California",7313,7228,7140,-85,-88,-173,-1.16,-1.22,-2.37,Los Angeles County
1400000US06037301203,"Census Tract 3012.03, Los Angeles County, California",4576,4306,4042,-270,-264,-534,-5.9,-6.13,-11.67,Los Angeles County
1400000US06037301204,"Census Tract 3012.04, Los Angeles County, California",4750,5079,5018,329,-61,268,6.93,-1.2,5.64,Los Angeles County
1400000US06037301205,"Census Tract 3012.05, Los Angeles County, California",2114,2162,2102,48,-60,-12,2.27,-2.78,-0.57,Los Angeles County
1400000US06037301206,"Census Tract 3012.06, Los Angeles County, California",5330,5357,5361,27,4,31,0.51,0.07,0.58,Los Angeles County
1400000US06037301300,"Census Tract 3013, Los Angeles County, California",1954,1984,1971,30,-13,17,1.54,-0.66,0.87,Los Angeles County
1400000US06037301400,"Census Tract 3014, Los Angeles County, California",3988,3888,3803,-100,-85,-185,-2.51,-2.19,-4.64,Los Angeles County
1400000US06037301501,"Census Tract 3015.01, Los Angeles County, California",1846,1867,1752,21,-115,-94,1.14,-6.16,-5.09,Los Angeles County
1400000US06037301502,"Census Tract 3015.02, Los Angeles County, California",6798,7204,7242,406,38,444,5.97,0.53,6.53,Los Angeles County
1400000US06037301601,"Census Tract 3016.01, Los Angeles County, California",5657,5496,5396,-161,-100,-261,-2.85,-1.82,-4.61,Los Angeles County
1400000US06037301602,"Census Tract 3016.02, Los Angeles County, California",4472,4192,3897,-280,-295,-575,-6.26,-7.04,-12.86,Los Angeles County
1400000US06037301701,"Census Tract 3017.01, Los Angeles County, California",2837,2761,2780,-76,19,-57,-2.68,0.69,-2.01,Los Angeles County
1400000US06037301702,"Census Tract 3017.02, Los Angeles County, California",6075,6148,6160,73,12,85,1.2,0.2,1.4,Los Angeles County
1400000US06037301801,"Census Tract 3018.01, Los Angeles County, California",5176,5329,5428,153,99,252,2.96,1.86,4.87,Los Angeles County
1400000US06037301802,"Census Tract 3018.02, Los Angeles County, California",4948,5248,5487,300,239,539,6.06,4.55,10.89,Los Angeles County
1400000US06037301901,"Census Tract 3019.01, Los Angeles County, California",4718,4377,4267,-341,-110,-451,-7.23,-2.51,-9.56,Los Angeles County
1400000US06037301902,"Census Tract 3019.02, Los Angeles County, California",3308,3143,3279,-165,136,-29,-4.99,4.33,-0.88,Los Angeles County
1400000US06037302002,"Census Tract 3020.02, Los Angeles County, California",3889,3935,3944,46,9,55,1.18,0.23,1.41,Los Angeles County
1400000US06037302003,"Census Tract 3020.03, Los Angeles County, California",3730,3641,3663,-89,22,-67,-2.39,0.6,-1.8,Los Angeles County
1400000US06037302004,"Census Tract 3020.04, Los Angeles County, California",4194,4117,4055,-77,-62,-139,-1.84,-1.51,-3.31,Los Angeles County
1400000US06037302102,"Census Tract 3021.02, Los Angeles County, California",6413,6137,5888,-276,-249,-525,-4.3,-4.06,-8.19,Los Angeles County
1400000US06037302103,"Census Tract 3021.03, Los Angeles County, California",5242,5109,5089,-133,-20,-153,-2.54,-0.39,-2.92,Los Angeles County
1400000US06037302104,"Census Tract 3021.04, Los Angeles County, California",3679,3768,3662,89,-106,-17,2.42,-2.81,-0.46,Los Angeles County
1400000US06037302201,"Census Tract 3022.01, Los Angeles County, California",3838,3769,3785,-69,16,-53,-1.8,0.42,-1.38,Los Angeles County
1400000US06037302202,"Census Tract 3022.02, Los Angeles County, California",5586,5401,5146,-185,-255,-440,-3.31,-4.72,-7.88,Los Angeles County
1400000US06037302301,"Census Tract 3023.01, Los Angeles County, California",3836,3805,3656,-31,-149,-180,-0.81,-3.92,-4.69,Los Angeles County
1400000US06037302302,"Census Tract 3023.02, Los Angeles County, California",5361,5559,5487,198,-72,126,3.69,-1.3,2.35,Los Angeles County
1400000US06037302401,"Census Tract 3024.01, Los Angeles County, California",7464,7211,7303,-253,92,-161,-3.39,1.28,-2.16,Los Angeles County
1400000US06037302503,"Census Tract 3025.03, Los Angeles County, California",4066,3945,3878,-121,-67,-188,-2.98,-1.7,-4.62,Los Angeles County
1400000US06037302504,"Census Tract 3025.04, Los Angeles County, California",3970,3770,3783,-200,13,-187,-5.04,0.34,-4.71,Los Angeles County
1400000US06037302505,"Census Tract 3025.05, Los Angeles County, California",4553,4471,4281,-82,-190,-272,-1.8,-4.25,-5.97,Los Angeles County
1400000US06037302506,"Census Tract 3025.06, Los Angeles County, California",3456,3386,3375,-70,-11,-81,-2.03,-0.32,-2.34,Los Angeles County
1400000US06037310100,"Census Tract 3101, Los Angeles County, California",5245,5618,5207,373,-411,-38,7.11,-7.32,-0.72,Los Angeles County
1400000US06037310201,"Census Tract 3102.01, Los Angeles County, California",5908,5613,5293,-295,-320,-615,-4.99,-5.7,-10.41,Los Angeles County
1400000US06037310202,"Census Tract 3102.02, Los Angeles County, California",4863,5156,4972,293,-184,109,6.03,-3.57,2.24,Los Angeles County
1400000US06037310300,"Census Tract 3103, Los Angeles County, California",2947,3199,3089,252,-110,142,8.55,-3.44,4.82,Los Angeles County
1400000US06037310400,"Census Tract 3104, Los Angeles County, California",3438,3269,3483,-169,214,45,-4.92,6.55,1.31,Los Angeles County
1400000US06037310501,"Census Tract 3105.01, Los Angeles County, California",4037,3914,3725,-123,-189,-312,-3.05,-4.83,-7.73,Los Angeles County
1400000US06037310601,"Census Tract 3106.01, Los Angeles County, California",6924,6425,6584,-499,159,-340,-7.21,2.47,-4.91,Los Angeles County
1400000US06037310602,"Census Tract 3106.02, Los Angeles County, California",2764,2873,2794,109,-79,30,3.94,-2.75,1.09,Los Angeles County
1400000US06037310701,"Census Tract 3107.01, Los Angeles County, California",2121,2286,2366,165,80,245,7.78,3.5,11.55,Los Angeles County
1400000US06037310703,"Census Tract 3107.03, Los Angeles County, California",4517,4565,5030,48,465,513,1.06,10.19,11.36,Los Angeles County
1400000US06037310704,"Census Tract 3107.04, Los Angeles County, California",4050,4256,4298,206,42,248,5.09,0.99,6.12,Los Angeles County
1400000US06037310705,"Census Tract 3107.05, Los Angeles County, California",2293,2483,2469,190,-14,176,8.29,-0.56,7.68,Los Angeles County
1400000US06037310800,"Census Tract 3108, Los Angeles County, California",5124,5634,5718,510,84,594,9.95,1.49,11.59,Los Angeles County
1400000US06037310900,"Census Tract 3109, Los Angeles County, California",6144,6920,6892,776,-28,748,12.63,-0.4,12.17,Los Angeles County
1400000US06037311000,"Census Tract 3110, Los Angeles County, California",3516,3852,3940,336,88,424,9.56,2.28,12.06,Los Angeles County
1400000US06037311100,"Census Tract 3111, Los Angeles County, California",4191,4220,4147,29,-73,-44,0.69,-1.73,-1.05,Los Angeles County
1400000US06037311200,"Census Tract 3112, Los Angeles County, California",3155,3372,3085,217,-287,-70,6.88,-8.51,-2.22,Los Angeles County
1400000US06037311300,"Census Tract 3113, Los Angeles County, California",3857,4095,4090,238,-5,233,6.17,-0.12,6.04,Los Angeles County
1400000US06037311400,"Census Tract 3114, Los Angeles County, California",2245,2405,2369,160,-36,124,7.13,-1.5,5.52,Los Angeles County
1400000US06037311500,"Census Tract 3115, Los Angeles County, California",6013,6468,6362,455,-106,349,7.57,-1.64,5.8,Los Angeles County
1400000US06037311601,"Census Tract 3116.01, Los Angeles County, California",2608,2463,2578,-145,115,-30,-5.56,4.67,-1.15,Los Angeles County
1400000US06037311602,"Census Tract 3116.02, Los Angeles County, California",4323,4705,4270,382,-435,-53,8.84,-9.25,-1.23,Los Angeles County
1400000US06037311700,"Census Tract 3117, Los Angeles County, California",5966,6106,6165,140,59,199,2.35,0.97,3.34,Los Angeles County
1400000US06037311801,"Census Tract 3118.01, Los Angeles County, California",2896,3020,2951,124,-69,55,4.28,-2.28,1.9,Los Angeles County
1400000US06037311802,"Census Tract 3118.02, Los Angeles County, California",4266,4447,4512,181,65,246,4.24,1.46,5.77,Los Angeles County
1400000US06037320101,"Census Tract 3201.01, Los Angeles County, California",3578,3568,3446,-10,-122,-132,-0.28,-3.42,-3.69,Los Angeles County
1400000US06037320102,"Census Tract 3201.02, Los Angeles County, California",3893,3683,3782,-210,99,-111,-5.39,2.69,-2.85,Los Angeles County
1400000US06037320201,"Census Tract 3202.01, Los Angeles County, California",4111,4135,4143,24,8,32,0.58,0.19,0.78,Los Angeles County
1400000US06037320202,"Census Tract 3202.02, Los Angeles County, California",6248,6297,6272,49,-25,24,0.78,-0.4,0.38,Los Angeles County
1400000US06037320300,"Census Tract 3203, Los Angeles County, California",6414,6403,6315,-11,-88,-99,-0.17,-1.37,-1.54,Los Angeles County
1400000US06037400205,"Census Tract 4002.05, Los Angeles County, California",2536,2523,2584,-13,61,48,-0.51,2.42,1.89,Los Angeles County
1400000US06037400206,"Census Tract 4002.06, Los Angeles County, California",5615,5756,5773,141,17,158,2.51,0.3,2.81,Los Angeles County
1400000US06037400207,"Census Tract 4002.07, Los Angeles County, California",4625,4759,4675,134,-84,50,2.9,-1.77,1.08,Los Angeles County
1400000US06037400208,"Census Tract 4002.08, Los Angeles County, California",1296,1160,1361,-136,201,65,-10.49,17.33,5.02,Los Angeles County
1400000US06037400209,"Census Tract 4002.09, Los Angeles County, California",4398,4302,4409,-96,107,11,-2.18,2.49,0.25,Los Angeles County
1400000US06037400304,"Census Tract 4003.04, Los Angeles County, California",7989,7839,8123,-150,284,134,-1.88,3.62,1.68,Los Angeles County
1400000US06037400402,"Census Tract 4004.02, Los Angeles County, California",4119,4181,4133,62,-48,14,1.51,-1.15,0.34,Los Angeles County
1400000US06037400403,"Census Tract 4004.03, Los Angeles County, California",4135,4291,4344,156,53,209,3.77,1.24,5.05,Los Angeles County
1400000US06037400404,"Census Tract 4004.04, Los Angeles County, California",4201,4179,4183,-22,4,-18,-0.52,0.1,-0.43,Los Angeles County
1400000US06037400501,"Census Tract 4005.01, Los Angeles County, California",2049,2031,1768,-18,-263,-281,-0.88,-12.95,-13.71,Los Angeles County
1400000US06037400602,"Census Tract 4006.02, Los Angeles County, California",4449,4699,4837,250,138,388,5.62,2.94,8.72,Los Angeles County
1400000US06037400603,"Census Tract 4006.03, Los Angeles County, California",4974,5000,4999,26,-1,25,0.52,-0.02,0.5,Los Angeles County
1400000US06037400605,"Census Tract 4006.05, Los Angeles County, California",7571,7777,7444,206,-333,-127,2.72,-4.28,-1.68,Los Angeles County
1400000US06037400801,"Census Tract 4008.01, Los Angeles County, California",6825,7252,6912,427,-340,87,6.26,-4.69,1.27,Los Angeles County
1400000US06037401001,"Census Tract 4010.01, Los Angeles County, California",2819,2736,2698,-83,-38,-121,-2.94,-1.39,-4.29,Los Angeles County
1400000US06037401002,"Census Tract 4010.02, Los Angeles County, California",4052,4270,4464,218,194,412,5.38,4.54,10.17,Los Angeles County
1400000US06037401101,"Census Tract 4011.01, Los Angeles County, California",5374,5704,5564,330,-140,190,6.14,-2.45,3.54,Los Angeles County
1400000US06037401102,"Census Tract 4011.02, Los Angeles County, California",4037,4207,4270,170,63,233,4.21,1.5,5.77,Los Angeles County
1400000US06037401201,"Census Tract 4012.01, Los Angeles County, California",3630,3625,3550,-5,-75,-80,-0.14,-2.07,-2.2,Los Angeles County
1400000US06037401202,"Census Tract 4012.02, Los Angeles County, California",4384,4790,4161,406,-629,-223,9.26,-13.13,-5.09,Los Angeles County
1400000US06037401203,"Census Tract 4012.03, Los Angeles County, California",5014,5169,5076,155,-93,62,3.09,-1.8,1.24,Los Angeles County
1400000US06037401303,"Census Tract 4013.03, Los Angeles County, California",2156,2209,2272,53,63,116,2.46,2.85,5.38,Los Angeles County
1400000US06037401304,"Census Tract 4013.04, Los Angeles County, California",5305,5500,5313,195,-187,8,3.68,-3.4,0.15,Los Angeles County
1400000US06037401311,"Census Tract 4013.11, Los Angeles County, California",6626,6929,6781,303,-148,155,4.57,-2.14,2.34,Los Angeles County
1400000US06037401312,"Census Tract 4013.12, Los Angeles County, California",4981,4937,5067,-44,130,86,-0.88,2.63,1.73,Los Angeles County
1400000US06037401500,"Census Tract 4015, Los Angeles County, California",6038,5876,5975,-162,99,-63,-2.68,1.68,-1.04,Los Angeles County
1400000US06037401601,"Census Tract 4016.01, Los Angeles County, California",5547,5368,5267,-179,-101,-280,-3.23,-1.88,-5.05,Los Angeles County
1400000US06037401602,"Census Tract 4016.02, Los Angeles County, California",6143,6088,5762,-55,-326,-381,-0.9,-5.35,-6.2,Los Angeles County
1400000US06037401705,"Census Tract 4017.05, Los Angeles County, California",2867,2946,3049,79,103,182,2.76,3.5,6.35,Los Angeles County
1400000US06037401706,"Census Tract 4017.06, Los Angeles County, California",4167,4221,4401,54,180,234,1.3,4.26,5.62,Los Angeles County
1400000US06037401707,"Census Tract 4017.07, Los Angeles County, California",8333,8464,8406,131,-58,73,1.57,-0.69,0.88,Los Angeles County
1400000US06037401801,"Census Tract 4018.01, Los Angeles County, California",4294,4547,4467,253,-80,173,5.89,-1.76,4.03,Los Angeles County
1400000US06037401802,"Census Tract 4018.02, Los Angeles County, California",3497,3718,3590,221,-128,93,6.32,-3.44,2.66,Los Angeles County
1400000US06037401901,"Census Tract 4019.01, Los Angeles County, California",3661,3752,3823,91,71,162,2.49,1.89,4.43,Los Angeles County
1400000US06037401902,"Census Tract 4019.02, Los Angeles County, California",6511,6262,6290,-249,28,-221,-3.82,0.45,-3.39,Los Angeles County
1400000US06037402001,"Census Tract 4020.01, Los Angeles County, California",3526,3777,4043,251,266,517,7.12,7.04,14.66,Los Angeles County
1400000US06037402002,"Census Tract 4020.02, Los Angeles County, California",3997,4010,4180,13,170,183,0.33,4.24,4.58,Los Angeles County
1400000US06037402101,"Census Tract 4021.01, Los Angeles County, California",5206,4978,4986,-228,8,-220,-4.38,0.16,-4.23,Los Angeles County
1400000US06037402102,"Census Tract 4021.02, Los Angeles County, California",4952,4999,5344,47,345,392,0.95,6.9,7.92,Los Angeles County
1400000US06037402200,"Census Tract 4022, Los Angeles County, California",6931,6808,7081,-123,273,150,-1.77,4.01,2.16,Los Angeles County
1400000US06037402301,"Census Tract 4023.01, Los Angeles County, California",5270,5275,5169,5,-106,-101,0.09,-2.01,-1.92,Los Angeles County
1400000US06037402303,"Census Tract 4023.03, Los Angeles County, California",3687,3941,3964,254,23,277,6.89,0.58,7.51,Los Angeles County
1400000US06037402304,"Census Tract 4023.04, Los Angeles County, California",4444,4435,4098,-9,-337,-346,-0.2,-7.6,-7.79,Los Angeles County
1400000US06037402403,"Census Tract 4024.03, Los Angeles County, California",5749,5703,5385,-46,-318,-364,-0.8,-5.58,-6.33,Los Angeles County
1400000US06037402404,"Census Tract 4024.04, Los Angeles County, California",2056,2513,2088,457,-425,32,22.23,-16.91,1.56,Los Angeles County
1400000US06037402405,"Census Tract 4024.05, Los Angeles County, California",2280,2324,2204,44,-120,-76,1.93,-5.16,-3.33,Los Angeles County
1400000US06037402406,"Census Tract 4024.06, Los Angeles County, California",4924,4737,4736,-187,-1,-188,-3.8,-0.02,-3.82,Los Angeles County
1400000US06037402501,"Census Tract 4025.01, Los Angeles County, California",5048,5100,4868,52,-232,-180,1.03,-4.55,-3.57,Los Angeles County
1400000US06037402503,"Census Tract 4025.03, Los Angeles County, California",4167,4427,4333,260,-94,166,6.24,-2.12,3.98,Los Angeles County
1400000US06037402504,"Census Tract 4025.04, Los Angeles County, California",2739,2580,2509,-159,-71,-230,-5.81,-2.75,-8.4,Los Angeles County
1400000US06037402601,"Census Tract 4026.01, Los Angeles County, California",3184,2941,2892,-243,-49,-292,-7.63,-1.67,-9.17,Los Angeles County
1400000US06037402602,"Census Tract 4026.02, Los Angeles County, California",4852,4679,4824,-173,145,-28,-3.57,3.1,-0.58,Los Angeles County
1400000US06037402702,"Census Tract 4027.02, Los Angeles County, California",5251,5424,5018,173,-406,-233,3.29,-7.49,-4.44,Los Angeles County
1400000US06037402703,"Census Tract 4027.03, Los Angeles County, California",5533,5674,5448,141,-226,-85,2.55,-3.98,-1.54,Los Angeles County
1400000US06037402705,"Census Tract 4027.05, Los Angeles County, California",3388,3446,3530,58,84,142,1.71,2.44,4.19,Los Angeles County
1400000US06037402706,"Census Tract 4027.06, Los Angeles County, California",3562,3782,3629,220,-153,67,6.18,-4.05,1.88,Los Angeles County
1400000US06037402801,"Census Tract 4028.01, Los Angeles County, California",4837,4918,4815,81,-103,-22,1.67,-2.09,-0.45,Los Angeles County
1400000US06037402803,"Census Tract 4028.03, Los Angeles County, California",3415,3542,3567,127,25,152,3.72,0.71,4.45,Los Angeles County
1400000US06037402804,"Census Tract 4028.04, Los Angeles County, California",4280,4387,4442,107,55,162,2.5,1.25,3.79,Los Angeles County
1400000US06037402902,"Census Tract 4029.02, Los Angeles County, California",7336,7282,6853,-54,-429,-483,-0.74,-5.89,-6.58,Los Angeles County
1400000US06037402903,"Census Tract 4029.03, Los Angeles County, California",3912,3868,3556,-44,-312,-356,-1.12,-8.07,-9.1,Los Angeles County
1400000US06037402904,"Census Tract 4029.04, Los Angeles County, California",3644,3673,3671,29,-2,27,0.8,-0.05,0.74,Los Angeles County
1400000US06037403000,"Census Tract 4030, Los Angeles County, California",7003,7280,6796,277,-484,-207,3.96,-6.65,-2.96,Los Angeles County
1400000US06037403305,"Census Tract 4033.05, Los Angeles County, California",2285,2216,2150,-69,-66,-135,-3.02,-2.98,-5.91,Los Angeles County
1400000US06037403316,"Census Tract 4033.16, Los Angeles County, California",7183,7112,7039,-71,-73,-144,-0.99,-1.03,-2,Los Angeles County
1400000US06037403317,"Census Tract 4033.17, Los Angeles County, California",5272,5228,5008,-44,-220,-264,-0.83,-4.21,-5.01,Los Angeles County
1400000US06037403318,"Census Tract 4033.18, Los Angeles County, California",5938,5880,6250,-58,370,312,-0.98,6.29,5.25,Los Angeles County
1400000US06037403319,"Census Tract 4033.19, Los Angeles County, California",4355,4273,4148,-82,-125,-207,-1.88,-2.93,-4.75,Los Angeles County
1400000US06037403320,"Census Tract 4033.20, Los Angeles County, California",5040,5301,5221,261,-80,181,5.18,-1.51,3.59,Los Angeles County
1400000US06037403321,"Census Tract 4033.21, Los Angeles County, California",5715,5407,5536,-308,129,-179,-5.39,2.39,-3.13,Los Angeles County
1400000US06037403323,"Census Tract 4033.23, Los Angeles County, California",5540,5524,5551,-16,27,11,-0.29,0.49,0.2,Los Angeles County
1400000US06037403324,"Census Tract 4033.24, Los Angeles County, California",7357,7121,6569,-236,-552,-788,-3.21,-7.75,-10.71,Los Angeles County
1400000US06037403325,"Census Tract 4033.25, Los Angeles County, California",5214,5103,4864,-111,-239,-350,-2.13,-4.68,-6.71,Los Angeles County
1400000US06037403326,"Census Tract 4033.26, Los Angeles County, California",2426,2346,2434,-80,88,8,-3.3,3.75,0.33,Los Angeles County
1400000US06037403327,"Census Tract 4033.27, Los Angeles County, California",2304,2394,2431,90,37,127,3.91,1.55,5.51,Los Angeles County
1400000US06037403328,"Census Tract 4033.28, Los Angeles County, California",5630,5742,5435,112,-307,-195,1.99,-5.35,-3.46,Los Angeles County
1400000US06037403401,"Census Tract 4034.01, Los Angeles County, California",5092,4893,4895,-199,2,-197,-3.91,0.04,-3.87,Los Angeles County
1400000US06037403402,"Census Tract 4034.02, Los Angeles County, California",3561,3423,3292,-138,-131,-269,-3.88,-3.83,-7.55,Los Angeles County
1400000US06037403403,"Census Tract 4034.03, Los Angeles County, California",5165,5181,5228,16,47,63,0.31,0.91,1.22,Los Angeles County
1400000US06037403404,"Census Tract 4034.04, Los Angeles County, California",2443,2282,2329,-161,47,-114,-6.59,2.06,-4.67,Los Angeles County
1400000US06037403407,"Census Tract 4034.07, Los Angeles County, California",2327,2205,2193,-122,-12,-134,-5.24,-0.54,-5.76,Los Angeles County
1400000US06037403408,"Census Tract 4034.08, Los Angeles County, California",6702,6354,6156,-348,-198,-546,-5.19,-3.12,-8.15,Los Angeles County
1400000US06037403409,"Census Tract 4034.09, Los Angeles County, California",4474,4303,4119,-171,-184,-355,-3.82,-4.28,-7.93,Los Angeles County
1400000US06037403500,"Census Tract 4035, Los Angeles County, California",1550,1518,1497,-32,-21,-53,-2.06,-1.38,-3.42,Los Angeles County
1400000US06037403601,"Census Tract 4036.01, Los Angeles County, California",7283,7557,7006,274,-551,-277,3.76,-7.29,-3.8,Los Angeles County
1400000US06037403702,"Census Tract 4037.02, Los Angeles County, California",3943,4353,4084,410,-269,141,10.4,-6.18,3.58,Los Angeles County
1400000US06037403703,"Census Tract 4037.03, Los Angeles County, California",4485,4765,4707,280,-58,222,6.24,-1.22,4.95,Los Angeles County
1400000US06037403721,"Census Tract 4037.21, Los Angeles County, California",4983,5430,5469,447,39,486,8.97,0.72,9.75,Los Angeles County
1400000US06037403722,"Census Tract 4037.22, Los Angeles County, California",5144,5558,5430,414,-128,286,8.05,-2.3,5.56,Los Angeles County
1400000US06037403801,"Census Tract 4038.01, Los Angeles County, California",5948,5947,5653,-1,-294,-295,-0.02,-4.94,-4.96,Los Angeles County
1400000US06037403802,"Census Tract 4038.02, Los Angeles County, California",6813,6681,6547,-132,-134,-266,-1.94,-2.01,-3.9,Los Angeles County
1400000US06037403901,"Census Tract 4039.01, Los Angeles County, California",2935,2955,3091,20,136,156,0.68,4.6,5.32,Los Angeles County
1400000US06037403902,"Census Tract 4039.02, Los Angeles County, California",5274,5268,5232,-6,-36,-42,-0.11,-0.68,-0.8,Los Angeles County
1400000US06037404000,"Census Tract 4040, Los Angeles County, California",4413,4561,4696,148,135,283,3.35,2.96,6.41,Los Angeles County
1400000US06037404100,"Census Tract 4041, Los Angeles County, California",6087,6076,6270,-11,194,183,-0.18,3.19,3.01,Los Angeles County
1400000US06037404201,"Census Tract 4042.01, Los Angeles County, California",3249,3341,3419,92,78,170,2.83,2.33,5.23,Los Angeles County
1400000US06037404203,"Census Tract 4042.03, Los Angeles County, California",4370,4391,4309,21,-82,-61,0.48,-1.87,-1.4,Los Angeles County
1400000US06037404301,"Census Tract 4043.01, Los Angeles County, California",5454,5631,5920,177,289,466,3.25,5.13,8.54,Los Angeles County
1400000US06037404302,"Census Tract 4043.02, Los Angeles County, California",2221,2146,2202,-75,56,-19,-3.38,2.61,-0.86,Los Angeles County
1400000US06037404401,"Census Tract 4044.01, Los Angeles County, California",3969,3779,3807,-190,28,-162,-4.79,0.74,-4.08,Los Angeles County
1400000US06037404402,"Census Tract 4044.02, Los Angeles County, California",5115,4685,4623,-430,-62,-492,-8.41,-1.32,-9.62,Los Angeles County
1400000US06037404501,"Census Tract 4045.01, Los Angeles County, California",2791,2989,2786,198,-203,-5,7.09,-6.79,-0.18,Los Angeles County
1400000US06037404503,"Census Tract 4045.03, Los Angeles County, California",2763,2812,2875,49,63,112,1.77,2.24,4.05,Los Angeles County
1400000US06037404504,"Census Tract 4045.04, Los Angeles County, California",4934,5026,5291,92,265,357,1.86,5.27,7.24,Los Angeles County
1400000US06037404600,"Census Tract 4046, Los Angeles County, California",1365,1359,1343,-6,-16,-22,-0.44,-1.18,-1.61,Los Angeles County
1400000US06037404701,"Census Tract 4047.01, Los Angeles County, California",5939,5787,5646,-152,-141,-293,-2.56,-2.44,-4.93,Los Angeles County
1400000US06037404702,"Census Tract 4047.02, Los Angeles County, California",5424,5046,4807,-378,-239,-617,-6.97,-4.74,-11.38,Los Angeles County
1400000US06037404703,"Census Tract 4047.03, Los Angeles County, California",3225,3282,3189,57,-93,-36,1.77,-2.83,-1.12,Los Angeles County
1400000US06037404804,"Census Tract 4048.04, Los Angeles County, California",4704,4396,4487,-308,91,-217,-6.55,2.07,-4.61,Los Angeles County
1400000US06037404805,"Census Tract 4048.05, Los Angeles County, California",3074,2795,2972,-279,177,-102,-9.08,6.33,-3.32,Los Angeles County
1400000US06037404806,"Census Tract 4048.06, Los Angeles County, California",6337,6085,5862,-252,-223,-475,-3.98,-3.66,-7.5,Los Angeles County
1400000US06037404901,"Census Tract 4049.01, Los Angeles County, California",6143,5986,5640,-157,-346,-503,-2.56,-5.78,-8.19,Los Angeles County
1400000US06037404902,"Census Tract 4049.02, Los Angeles County, California",3933,3596,3358,-337,-238,-575,-8.57,-6.62,-14.62,Los Angeles County
1400000US06037404903,"Census Tract 4049.03, Los Angeles County, California",2344,2366,2520,22,154,176,0.94,6.51,7.51,Los Angeles County
1400000US06037405001,"Census Tract 4050.01, Los Angeles County, California",5849,5691,5621,-158,-70,-228,-2.7,-1.23,-3.9,Los Angeles County
1400000US06037405002,"Census Tract 4050.02, Los Angeles County, California",3488,3195,3346,-293,151,-142,-8.4,4.73,-4.07,Los Angeles County
1400000US06037405101,"Census Tract 4051.01, Los Angeles County, California",5843,5185,5120,-658,-65,-723,-11.26,-1.25,-12.37,Los Angeles County
1400000US06037405102,"Census Tract 4051.02, Los Angeles County, California",5204,5592,4902,388,-690,-302,7.46,-12.34,-5.8,Los Angeles County
1400000US06037405201,"Census Tract 4052.01, Los Angeles County, California",5146,5131,5307,-15,176,161,-0.29,3.43,3.13,Los Angeles County
1400000US06037405202,"Census Tract 4052.02, Los Angeles County, California",4908,4815,4631,-93,-184,-277,-1.89,-3.82,-5.64,Los Angeles County
1400000US06037405203,"Census Tract 4052.03, Los Angeles County, California",3098,2963,3086,-135,123,-12,-4.36,4.15,-0.39,Los Angeles County
1400000US06037405301,"Census Tract 4053.01, Los Angeles County, California",3097,3098,3108,1,10,11,0.03,0.32,0.36,Los Angeles County
1400000US06037405302,"Census Tract 4053.02, Los Angeles County, California",5522,5780,5650,258,-130,128,4.67,-2.25,2.32,Los Angeles County
1400000US06037405400,"Census Tract 4054, Los Angeles County, California",4988,4943,4807,-45,-136,-181,-0.9,-2.75,-3.63,Los Angeles County
1400000US06037405500,"Census Tract 4055, Los Angeles County, California",6475,6491,6333,16,-158,-142,0.25,-2.43,-2.19,Los Angeles County
1400000US06037405600,"Census Tract 4056, Los Angeles County, California",5335,5783,5613,448,-170,278,8.4,-2.94,5.21,Los Angeles County
1400000US06037405701,"Census Tract 4057.01, Los Angeles County, California",4080,4104,3839,24,-265,-241,0.59,-6.46,-5.91,Los Angeles County
1400000US06037405702,"Census Tract 4057.02, Los Angeles County, California",4966,5349,5319,383,-30,353,7.71,-0.56,7.11,Los Angeles County
1400000US06037405800,"Census Tract 4058, Los Angeles County, California",5840,5798,5590,-42,-208,-250,-0.72,-3.59,-4.28,Los Angeles County
1400000US06037405900,"Census Tract 4059, Los Angeles County, California",3869,4260,4212,391,-48,343,10.11,-1.13,8.87,Los Angeles County
1400000US06037406000,"Census Tract 4060, Los Angeles County, California",5565,5455,5345,-110,-110,-220,-1.98,-2.02,-3.95,Los Angeles County
1400000US06037406101,"Census Tract 4061.01, Los Angeles County, California",2905,3146,3125,241,-21,220,8.3,-0.67,7.57,Los Angeles County
1400000US06037406103,"Census Tract 4061.03, Los Angeles County, California",7912,8191,8173,279,-18,261,3.53,-0.22,3.3,Los Angeles County
1400000US06037406201,"Census Tract 4062.01, Los Angeles County, California",3740,3698,3505,-42,-193,-235,-1.12,-5.22,-6.28,Los Angeles County
1400000US06037406300,"Census Tract 4063, Los Angeles County, California",5964,6435,6131,471,-304,167,7.9,-4.72,2.8,Los Angeles County
1400000US06037406413,"Census Tract 4064.13, Los Angeles County, California",6250,6474,6473,224,-1,223,3.58,-0.02,3.57,Los Angeles County
1400000US06037406500,"Census Tract 4065, Los Angeles County, California",6512,6842,7682,330,840,1170,5.07,12.28,17.97,Los Angeles County
1400000US06037406601,"Census Tract 4066.01, Los Angeles County, California",5375,5122,4923,-253,-199,-452,-4.71,-3.89,-8.41,Los Angeles County
1400000US06037406602,"Census Tract 4066.02, Los Angeles County, California",4887,5031,4846,144,-185,-41,2.95,-3.68,-0.84,Los Angeles County
1400000US06037406701,"Census Tract 4067.01, Los Angeles County, California",3259,3403,3357,144,-46,98,4.42,-1.35,3.01,Los Angeles County
1400000US06037406702,"Census Tract 4067.02, Los Angeles County, California",6259,6525,6512,266,-13,253,4.25,-0.2,4.04,Los Angeles County
1400000US06037406801,"Census Tract 4068.01, Los Angeles County, California",5023,5039,4932,16,-107,-91,0.32,-2.12,-1.81,Los Angeles County
1400000US06037406903,"Census Tract 4069.03, Los Angeles County, California",8251,8080,7708,-171,-372,-543,-2.07,-4.6,-6.58,Los Angeles County
1400000US06037407001,"Census Tract 4070.01, Los Angeles County, California",5974,5817,5971,-157,154,-3,-2.63,2.65,-0.05,Los Angeles County
1400000US06037407002,"Census Tract 4070.02, Los Angeles County, California",3475,3446,3490,-29,44,15,-0.83,1.28,0.43,Los Angeles County
1400000US06037407101,"Census Tract 4071.01, Los Angeles County, California",4973,4658,4633,-315,-25,-340,-6.33,-0.54,-6.84,Los Angeles County
1400000US06037407102,"Census Tract 4071.02, Los Angeles County, California",5697,5611,5332,-86,-279,-365,-1.51,-4.97,-6.41,Los Angeles County
1400000US06037407201,"Census Tract 4072.01, Los Angeles County, California",3742,3637,3571,-105,-66,-171,-2.81,-1.81,-4.57,Los Angeles County
1400000US06037407202,"Census Tract 4072.02, Los Angeles County, California",3526,3266,3035,-260,-231,-491,-7.37,-7.07,-13.93,Los Angeles County
1400000US06037407301,"Census Tract 4073.01, Los Angeles County, California",4671,4294,3889,-377,-405,-782,-8.07,-9.43,-16.74,Los Angeles County
1400000US06037407302,"Census Tract 4073.02, Los Angeles County, California",3682,3535,3421,-147,-114,-261,-3.99,-3.22,-7.09,Los Angeles County
1400000US06037407400,"Census Tract 4074, Los Angeles County, California",2002,2029,1989,27,-40,-13,1.35,-1.97,-0.65,Los Angeles County
1400000US06037407501,"Census Tract 4075.01, Los Angeles County, California",4413,4212,3919,-201,-293,-494,-4.55,-6.96,-11.19,Los Angeles County
1400000US06037407502,"Census Tract 4075.02, Los Angeles County, California",3890,3946,4007,56,61,117,1.44,1.55,3.01,Los Angeles County
1400000US06037407601,"Census Tract 4076.01, Los Angeles County, California",4303,4080,3922,-223,-158,-381,-5.18,-3.87,-8.85,Los Angeles County
1400000US06037407602,"Census Tract 4076.02, Los Angeles County, California",4451,4311,4126,-140,-185,-325,-3.15,-4.29,-7.3,Los Angeles County
1400000US06037407701,"Census Tract 4077.01, Los Angeles County, California",4051,4284,4355,233,71,304,5.75,1.66,7.5,Los Angeles County
1400000US06037407702,"Census Tract 4077.02, Los Angeles County, California",6940,6683,6635,-257,-48,-305,-3.7,-0.72,-4.39,Los Angeles County
1400000US06037407801,"Census Tract 4078.01, Los Angeles County, California",5704,5299,5157,-405,-142,-547,-7.1,-2.68,-9.59,Los Angeles County
1400000US06037407802,"Census Tract 4078.02, Los Angeles County, California",3273,3059,3386,-214,327,113,-6.54,10.69,3.45,Los Angeles County
1400000US06037407901,"Census Tract 4079.01, Los Angeles County, California",3992,4392,4374,400,-18,382,10.02,-0.41,9.57,Los Angeles County
1400000US06037407902,"Census Tract 4079.02, Los Angeles County, California",1588,1680,1542,92,-138,-46,5.79,-8.21,-2.9,Los Angeles County
1400000US06037408003,"Census Tract 4080.03, Los Angeles County, California",4415,4631,4790,216,159,375,4.89,3.43,8.49,Los Angeles County
1400000US06037408004,"Census Tract 4080.04, Los Angeles County, California",2521,2558,2497,37,-61,-24,1.47,-2.38,-0.95,Los Angeles County
1400000US06037408005,"Census Tract 4080.05, Los Angeles County, California",5377,5461,5271,84,-190,-106,1.56,-3.48,-1.97,Los Angeles County
1400000US06037408006,"Census Tract 4080.06, Los Angeles County, California",3240,3708,3717,468,9,477,14.44,0.24,14.72,Los Angeles County
1400000US06037408133,"Census Tract 4081.33, Los Angeles County, California",5622,6132,6227,510,95,605,9.07,1.55,10.76,Los Angeles County
1400000US06037408134,"Census Tract 4081.34, Los Angeles County, California",2746,2833,2823,87,-10,77,3.17,-0.35,2.8,Los Angeles County
1400000US06037408135,"Census Tract 4081.35, Los Angeles County, California",4617,4395,4249,-222,-146,-368,-4.81,-3.32,-7.97,Los Angeles County
1400000US06037408136,"Census Tract 4081.36, Los Angeles County, California",3590,3659,3716,69,57,126,1.92,1.56,3.51,Los Angeles County
1400000US06037408137,"Census Tract 4081.37, Los Angeles County, California",4134,4318,4202,184,-116,68,4.45,-2.69,1.64,Los Angeles County
1400000US06037408138,"Census Tract 4081.38, Los Angeles County, California",5020,5388,5035,368,-353,15,7.33,-6.55,0.3,Los Angeles County
1400000US06037408139,"Census Tract 4081.39, Los Angeles County, California",4689,4676,4581,-13,-95,-108,-0.28,-2.03,-2.3,Los Angeles County
1400000US06037408140,"Census Tract 4081.40, Los Angeles County, California",3973,4011,3639,38,-372,-334,0.96,-9.27,-8.41,Los Angeles County
1400000US06037408141,"Census Tract 4081.41, Los Angeles County, California",4626,4685,4692,59,7,66,1.28,0.15,1.43,Los Angeles County
1400000US06037408212,"Census Tract 4082.12, Los Angeles County, California",4985,4936,4641,-49,-295,-344,-0.98,-5.98,-6.9,Los Angeles County
1400000US06037408213,"Census Tract 4082.13, Los Angeles County, California",6154,6184,5847,30,-337,-307,0.49,-5.45,-4.99,Los Angeles County
1400000US06037408301,"Census Tract 4083.01, Los Angeles County, California",6319,5909,6016,-410,107,-303,-6.49,1.81,-4.8,Los Angeles County
1400000US06037408302,"Census Tract 4083.02, Los Angeles County, California",3528,3647,3589,119,-58,61,3.37,-1.59,1.73,Los Angeles County
1400000US06037408303,"Census Tract 4083.03, Los Angeles County, California",4764,4382,4502,-382,120,-262,-8.02,2.74,-5.5,Los Angeles County
1400000US06037408401,"Census Tract 4084.01, Los Angeles County, California",4595,4577,4467,-18,-110,-128,-0.39,-2.4,-2.79,Los Angeles County
1400000US06037408402,"Census Tract 4084.02, Los Angeles County, California",6669,6367,6606,-302,239,-63,-4.53,3.75,-0.94,Los Angeles County
1400000US06037408503,"Census Tract 4085.03, Los Angeles County, California",6626,6829,7037,203,208,411,3.06,3.05,6.2,Los Angeles County
1400000US06037408504,"Census Tract 4085.04, Los Angeles County, California",5556,5393,5262,-163,-131,-294,-2.93,-2.43,-5.29,Los Angeles County
1400000US06037408505,"Census Tract 4085.05, Los Angeles County, California",2526,2536,2546,10,10,20,0.4,0.39,0.79,Los Angeles County
1400000US06037408623,"Census Tract 4086.23, Los Angeles County, California",3224,3189,3232,-35,43,8,-1.09,1.35,0.25,Los Angeles County
1400000US06037408624,"Census Tract 4086.24, Los Angeles County, California",3229,3115,3027,-114,-88,-202,-3.53,-2.83,-6.26,Los Angeles County
1400000US06037408625,"Census Tract 4086.25, Los Angeles County, California",3841,3533,3807,-308,274,-34,-8.02,7.76,-0.89,Los Angeles County
1400000US06037408626,"Census Tract 4086.26, Los Angeles County, California",3981,3854,3717,-127,-137,-264,-3.19,-3.55,-6.63,Los Angeles County
1400000US06037408627,"Census Tract 4086.27, Los Angeles County, California",2864,2778,2861,-86,83,-3,-3,2.99,-0.1,Los Angeles County
1400000US06037408628,"Census Tract 4086.28, Los Angeles County, California",5358,5395,5358,37,-37,0,0.69,-0.69,0,Los Angeles County
1400000US06037408629,"Census Tract 4086.29, Los Angeles County, California",2839,2892,3053,53,161,214,1.87,5.57,7.54,Los Angeles County
1400000US06037408631,"Census Tract 4086.31, Los Angeles County, California",5084,5079,5195,-5,116,111,-0.1,2.28,2.18,Los Angeles County
1400000US06037408703,"Census Tract 4087.03, Los Angeles County, California",6125,5781,5743,-344,-38,-382,-5.62,-0.66,-6.24,Los Angeles County
1400000US06037408705,"Census Tract 4087.05, Los Angeles County, California",5928,5759,5580,-169,-179,-348,-2.85,-3.11,-5.87,Los Angeles County
1400000US06037408707,"Census Tract 4087.07, Los Angeles County, California",6610,6537,6618,-73,81,8,-1.1,1.24,0.12,Los Angeles County
1400000US06037408722,"Census Tract 4087.22, Los Angeles County, California",4470,4453,4210,-17,-243,-260,-0.38,-5.46,-5.82,Los Angeles County
1400000US06037408724,"Census Tract 4087.24, Los Angeles County, California",5396,5398,5362,2,-36,-34,0.04,-0.67,-0.63,Los Angeles County
1400000US06037408725,"Census Tract 4087.25, Los Angeles County, California",6449,6106,6075,-343,-31,-374,-5.32,-0.51,-5.8,Los Angeles County
1400000US06037408800,"Census Tract 4088, Los Angeles County, California",4570,4311,4645,-259,334,75,-5.67,7.75,1.64,Los Angeles County
1400000US06037408900,"Census Tract 4089, Los Angeles County, California",6021,5698,5826,-323,128,-195,-5.36,2.25,-3.24,Los Angeles County
1400000US06037409000,"Census Tract 4090, Los Angeles County, California",7550,7440,7673,-110,233,123,-1.46,3.13,1.63,Los Angeles County
1400000US06037409100,"Census Tract 4091, Los Angeles County, California",5403,5460,5470,57,10,67,1.05,0.18,1.24,Los Angeles County
1400000US06037430003,"Census Tract 4300.03, Los Angeles County, California",5183,5244,4855,61,-389,-328,1.18,-7.42,-6.33,Los Angeles County
1400000US06037430004,"Census Tract 4300.04, Los Angeles County, California",2633,2976,3129,343,153,496,13.03,5.14,18.84,Los Angeles County
1400000US06037430005,"Census Tract 4300.05, Los Angeles County, California",3683,3749,3849,66,100,166,1.79,2.67,4.51,Los Angeles County
1400000US06037430101,"Census Tract 4301.01, Los Angeles County, California",5132,4889,4841,-243,-48,-291,-4.73,-0.98,-5.67,Los Angeles County
1400000US06037430102,"Census Tract 4301.02, Los Angeles County, California",4768,4865,5012,97,147,244,2.03,3.02,5.12,Los Angeles County
1400000US06037430200,"Census Tract 4302, Los Angeles County, California",1045,983,1037,-62,54,-8,-5.93,5.49,-0.77,Los Angeles County
1400000US06037430301,"Census Tract 4303.01, Los Angeles County, California",4665,4588,4548,-77,-40,-117,-1.65,-0.87,-2.51,Los Angeles County
1400000US06037430302,"Census Tract 4303.02, Los Angeles County, California",5281,5276,5054,-5,-222,-227,-0.09,-4.21,-4.3,Los Angeles County
1400000US06037430400,"Census Tract 4304, Los Angeles County, California",4643,4440,4358,-203,-82,-285,-4.37,-1.85,-6.14,Los Angeles County
1400000US06037430501,"Census Tract 4305.01, Los Angeles County, California",4286,4739,4609,453,-130,323,10.57,-2.74,7.54,Los Angeles County
1400000US06037430502,"Census Tract 4305.02, Los Angeles County, California",6543,6514,6542,-29,28,-1,-0.44,0.43,-0.02,Los Angeles County
1400000US06037430600,"Census Tract 4306, Los Angeles County, California",4748,4573,4567,-175,-6,-181,-3.69,-0.13,-3.81,Los Angeles County
1400000US06037430701,"Census Tract 4307.01, Los Angeles County, California",5671,5308,5224,-363,-84,-447,-6.4,-1.58,-7.88,Los Angeles County
1400000US06037430721,"Census Tract 4307.21, Los Angeles County, California",3745,3627,3403,-118,-224,-342,-3.15,-6.18,-9.13,Los Angeles County
1400000US06037430723,"Census Tract 4307.23, Los Angeles County, California",4841,4914,4967,73,53,126,1.51,1.08,2.6,Los Angeles County
1400000US06037430724,"Census Tract 4307.24, Los Angeles County, California",4565,5039,5190,474,151,625,10.38,3,13.69,Los Angeles County
1400000US06037430801,"Census Tract 4308.01, Los Angeles County, California",6691,6734,6867,43,133,176,0.64,1.98,2.63,Los Angeles County
1400000US06037430802,"Census Tract 4308.02, Los Angeles County, California",4346,4412,4199,66,-213,-147,1.52,-4.83,-3.38,Los Angeles County
1400000US06037430803,"Census Tract 4308.03, Los Angeles County, California",5393,5330,5012,-63,-318,-381,-1.17,-5.97,-7.06,Los Angeles County
1400000US06037430901,"Census Tract 4309.01, Los Angeles County, California",4377,4591,4389,214,-202,12,4.89,-4.4,0.27,Los Angeles County
1400000US06037430902,"Census Tract 4309.02, Los Angeles County, California",4725,5215,5304,490,89,579,10.37,1.71,12.25,Los Angeles County
1400000US06037431002,"Census Tract 4310.02, Los Angeles County, California",2827,2781,2907,-46,126,80,-1.63,4.53,2.83,Los Angeles County
1400000US06037431003,"Census Tract 4310.03, Los Angeles County, California",4707,4645,4705,-62,60,-2,-1.32,1.29,-0.04,Los Angeles County
1400000US06037431004,"Census Tract 4310.04, Los Angeles County, California",3444,3472,3462,28,-10,18,0.81,-0.29,0.52,Los Angeles County
1400000US06037431100,"Census Tract 4311, Los Angeles County, California",6992,6673,7062,-319,389,70,-4.56,5.83,1,Los Angeles County
1400000US06037431200,"Census Tract 4312, Los Angeles County, California",6351,6280,6276,-71,-4,-75,-1.12,-0.06,-1.18,Los Angeles County
1400000US06037431300,"Census Tract 4313, Los Angeles County, California",2700,2645,2543,-55,-102,-157,-2.04,-3.86,-5.81,Los Angeles County
1400000US06037431400,"Census Tract 4314, Los Angeles County, California",4098,3913,3738,-185,-175,-360,-4.51,-4.47,-8.78,Los Angeles County
1400000US06037431501,"Census Tract 4315.01, Los Angeles County, California",4046,4197,4068,151,-129,22,3.73,-3.07,0.54,Los Angeles County
1400000US06037431502,"Census Tract 4315.02, Los Angeles County, California",4138,4310,4430,172,120,292,4.16,2.78,7.06,Los Angeles County
1400000US06037431600,"Census Tract 4316, Los Angeles County, California",4348,4072,3810,-276,-262,-538,-6.35,-6.43,-12.37,Los Angeles County
1400000US06037431701,"Census Tract 4317.01, Los Angeles County, California",6094,6177,6343,83,166,249,1.36,2.69,4.09,Los Angeles County
1400000US06037431800,"Census Tract 4318, Los Angeles County, California",5349,5218,5040,-131,-178,-309,-2.45,-3.41,-5.78,Los Angeles County
1400000US06037431900,"Census Tract 4319, Los Angeles County, California",3841,3868,3615,27,-253,-226,0.7,-6.54,-5.88,Los Angeles County
1400000US06037432001,"Census Tract 4320.01, Los Angeles County, California",2462,2330,2231,-132,-99,-231,-5.36,-4.25,-9.38,Los Angeles County
1400000US06037432002,"Census Tract 4320.02, Los Angeles County, California",4967,4976,5354,9,378,387,0.18,7.6,7.79,Los Angeles County
1400000US06037432101,"Census Tract 4321.01, Los Angeles County, California",4204,4439,4813,235,374,609,5.59,8.43,14.49,Los Angeles County
1400000US06037432102,"Census Tract 4321.02, Los Angeles County, California",5934,5936,5736,2,-200,-198,0.03,-3.37,-3.34,Los Angeles County
1400000US06037432201,"Census Tract 4322.01, Los Angeles County, California",5448,4937,4500,-511,-437,-948,-9.38,-8.85,-17.4,Los Angeles County
1400000US06037432202,"Census Tract 4322.02, Los Angeles County, California",4185,3772,3922,-413,150,-263,-9.87,3.98,-6.28,Los Angeles County
1400000US06037432300,"Census Tract 4323, Los Angeles County, California",4063,3991,3922,-72,-69,-141,-1.77,-1.73,-3.47,Los Angeles County
1400000US06037432401,"Census Tract 4324.01, Los Angeles County, California",3970,3892,3951,-78,59,-19,-1.96,1.52,-0.48,Los Angeles County
1400000US06037432402,"Census Tract 4324.02, Los Angeles County, California",6579,5758,5480,-821,-278,-1099,-12.48,-4.83,-16.7,Los Angeles County
1400000US06037432501,"Census Tract 4325.01, Los Angeles County, California",4835,4817,4450,-18,-367,-385,-0.37,-7.62,-7.96,Los Angeles County
1400000US06037432502,"Census Tract 4325.02, Los Angeles County, California",3969,3718,4024,-251,306,55,-6.32,8.23,1.39,Los Angeles County
1400000US06037432601,"Census Tract 4326.01, Los Angeles County, California",7280,7094,6489,-186,-605,-791,-2.55,-8.53,-10.87,Los Angeles County
1400000US06037432602,"Census Tract 4326.02, Los Angeles County, California",4535,4349,4478,-186,129,-57,-4.1,2.97,-1.26,Los Angeles County
1400000US06037432700,"Census Tract 4327, Los Angeles County, California",6158,5620,4808,-538,-812,-1350,-8.74,-14.45,-21.92,Los Angeles County
1400000US06037432801,"Census Tract 4328.01, Los Angeles County, California",2515,2501,2401,-14,-100,-114,-0.56,-4,-4.53,Los Angeles County
1400000US06037432802,"Census Tract 4328.02, Los Angeles County, California",5356,5337,5523,-19,186,167,-0.35,3.49,3.12,Los Angeles County
1400000US06037432901,"Census Tract 4329.01, Los Angeles County, California",4061,4044,4034,-17,-10,-27,-0.42,-0.25,-0.66,Los Angeles County
1400000US06037432902,"Census Tract 4329.02, Los Angeles County, California",3210,3100,3026,-110,-74,-184,-3.43,-2.39,-5.73,Los Angeles County
1400000US06037433103,"Census Tract 4331.03, Los Angeles County, California",7231,6836,7149,-395,313,-82,-5.46,4.58,-1.13,Los Angeles County
1400000US06037433200,"Census Tract 4332, Los Angeles County, California",6092,5837,5981,-255,144,-111,-4.19,2.47,-1.82,Los Angeles County
1400000US06037433302,"Census Tract 4333.02, Los Angeles County, California",1711,1590,1867,-121,277,156,-7.07,17.42,9.12,Los Angeles County
1400000US06037433304,"Census Tract 4333.04, Los Angeles County, California",4691,4237,4320,-454,83,-371,-9.68,1.96,-7.91,Los Angeles County
1400000US06037433305,"Census Tract 4333.05, Los Angeles County, California",4617,4990,4614,373,-376,-3,8.08,-7.54,-0.06,Los Angeles County
1400000US06037433306,"Census Tract 4333.06, Los Angeles County, California",3527,3222,3137,-305,-85,-390,-8.65,-2.64,-11.06,Los Angeles County
1400000US06037433307,"Census Tract 4333.07, Los Angeles County, California",2858,2743,2798,-115,55,-60,-4.02,2.01,-2.1,Los Angeles County
1400000US06037433402,"Census Tract 4334.02, Los Angeles County, California",4904,4894,4627,-10,-267,-277,-0.2,-5.46,-5.65,Los Angeles County
1400000US06037433403,"Census Tract 4334.03, Los Angeles County, California",4842,4920,5141,78,221,299,1.61,4.49,6.18,Los Angeles County
1400000US06037433505,"Census Tract 4335.05, Los Angeles County, California",4800,4618,4390,-182,-228,-410,-3.79,-4.94,-8.54,Los Angeles County
1400000US06037433506,"Census Tract 4335.06, Los Angeles County, California",4013,3989,3838,-24,-151,-175,-0.6,-3.79,-4.36,Los Angeles County
1400000US06037433601,"Census Tract 4336.01, Los Angeles County, California",5482,5477,5121,-5,-356,-361,-0.09,-6.5,-6.59,Los Angeles County
1400000US06037433602,"Census Tract 4336.02, Los Angeles County, California",2936,2843,2757,-93,-86,-179,-3.17,-3.02,-6.1,Los Angeles County
1400000US06037433803,"Census Tract 4338.03, Los Angeles County, California",3363,3218,3181,-145,-37,-182,-4.31,-1.15,-5.41,Los Angeles County
1400000US06037433804,"Census Tract 4338.04, Los Angeles County, California",4795,4673,4660,-122,-13,-135,-2.54,-0.28,-2.82,Los Angeles County
1400000US06037433901,"Census Tract 4339.01, Los Angeles County, California",5724,5625,5556,-99,-69,-168,-1.73,-1.23,-2.94,Los Angeles County
1400000US06037433903,"Census Tract 4339.03, Los Angeles County, California",5328,5305,5146,-23,-159,-182,-0.43,-3,-3.42,Los Angeles County
1400000US06037434001,"Census Tract 4340.01, Los Angeles County, California",4128,4315,4381,187,66,253,4.53,1.53,6.13,Los Angeles County
1400000US06037434003,"Census Tract 4340.03, Los Angeles County, California",4104,4015,3886,-89,-129,-218,-2.17,-3.21,-5.31,Los Angeles County
1400000US06037434004,"Census Tract 4340.04, Los Angeles County, California",3037,3050,3109,13,59,72,0.43,1.93,2.37,Los Angeles County
1400000US06037434100,"Census Tract 4341, Los Angeles County, California",6804,6235,6102,-569,-133,-702,-8.36,-2.13,-10.32,Los Angeles County
1400000US06037460001,"Census Tract 4600.01, Los Angeles County, California",1718,1843,1918,125,75,200,7.28,4.07,11.64,Los Angeles County
1400000US06037460002,"Census Tract 4600.02, Los Angeles County, California",2795,2789,2782,-6,-7,-13,-0.21,-0.25,-0.47,Los Angeles County
1400000US06037460101,"Census Tract 4601.01, Los Angeles County, California",6076,5817,5817,-259,0,-259,-4.26,0,-4.26,Los Angeles County
1400000US06037460200,"Census Tract 4602, Los Angeles County, California",5622,5763,5785,141,22,163,2.51,0.38,2.9,Los Angeles County
1400000US06037460301,"Census Tract 4603.01, Los Angeles County, California",4239,4581,4797,342,216,558,8.07,4.72,13.16,Los Angeles County
1400000US06037460302,"Census Tract 4603.02, Los Angeles County, California",4529,4417,4257,-112,-160,-272,-2.47,-3.62,-6.01,Los Angeles County
1400000US06037460401,"Census Tract 4604.01, Los Angeles County, California",1071,970,1000,-101,30,-71,-9.43,3.09,-6.63,Los Angeles County
1400000US06037460501,"Census Tract 4605.01, Los Angeles County, California",5151,5345,5306,194,-39,155,3.77,-0.73,3.01,Los Angeles County
1400000US06037460502,"Census Tract 4605.02, Los Angeles County, California",4725,4753,4771,28,18,46,0.59,0.38,0.97,Los Angeles County
1400000US06037460601,"Census Tract 4606.01, Los Angeles County, California",5312,5339,5199,27,-140,-113,0.51,-2.62,-2.13,Los Angeles County
1400000US06037460700,"Census Tract 4607, Los Angeles County, California",4890,5176,5102,286,-74,212,5.85,-1.43,4.34,Los Angeles County
1400000US06037460800,"Census Tract 4608, Los Angeles County, California",2822,2850,2860,28,10,38,0.99,0.35,1.35,Los Angeles County
1400000US06037460900,"Census Tract 4609, Los Angeles County, California",6669,6734,6720,65,-14,51,0.97,-0.21,0.76,Los Angeles County
1400000US06037461000,"Census Tract 4610, Los Angeles County, California",5780,6118,5788,338,-330,8,5.85,-5.39,0.14,Los Angeles County
1400000US06037461100,"Census Tract 4611, Los Angeles County, California",5438,5012,5055,-426,43,-383,-7.83,0.86,-7.04,Los Angeles County
1400000US06037461200,"Census Tract 4612, Los Angeles County, California",4497,4593,4217,96,-376,-280,2.13,-8.19,-6.23,Los Angeles County
1400000US06037461300,"Census Tract 4613, Los Angeles County, California",6456,6506,6572,50,66,116,0.77,1.01,1.8,Los Angeles County
1400000US06037461400,"Census Tract 4614, Los Angeles County, California",3207,3028,2736,-179,-292,-471,-5.58,-9.64,-14.69,Los Angeles County
1400000US06037461501,"Census Tract 4615.01, Los Angeles County, California",3917,3693,3615,-224,-78,-302,-5.72,-2.11,-7.71,Los Angeles County
1400000US06037461502,"Census Tract 4615.02, Los Angeles County, California",6533,6355,6245,-178,-110,-288,-2.72,-1.73,-4.41,Los Angeles County
1400000US06037461600,"Census Tract 4616, Los Angeles County, California",6125,5870,5495,-255,-375,-630,-4.16,-6.39,-10.29,Los Angeles County
1400000US06037461700,"Census Tract 4617, Los Angeles County, California",1450,1369,1386,-81,17,-64,-5.59,1.24,-4.41,Los Angeles County
1400000US06037461901,"Census Tract 4619.01, Los Angeles County, California",4809,4950,4796,141,-154,-13,2.93,-3.11,-0.27,Los Angeles County
1400000US06037461902,"Census Tract 4619.02, Los Angeles County, California",1814,1919,2000,105,81,186,5.79,4.22,10.25,Los Angeles County
1400000US06037462001,"Census Tract 4620.01, Los Angeles County, California",4524,4773,4280,249,-493,-244,5.5,-10.33,-5.39,Los Angeles County
1400000US06037462002,"Census Tract 4620.02, Los Angeles County, California",3633,3646,3893,13,247,260,0.36,6.77,7.16,Los Angeles County
1400000US06037462100,"Census Tract 4621, Los Angeles County, California",5504,5471,4808,-33,-663,-696,-0.6,-12.12,-12.65,Los Angeles County
1400000US06037462201,"Census Tract 4622.01, Los Angeles County, California",3883,3701,3957,-182,256,74,-4.69,6.92,1.91,Los Angeles County
1400000US06037462202,"Census Tract 4622.02, Los Angeles County, California",3083,2873,2951,-210,78,-132,-6.81,2.71,-4.28,Los Angeles County
1400000US06037462301,"Census Tract 4623.01, Los Angeles County, California",5216,4780,4504,-436,-276,-712,-8.36,-5.77,-13.65,Los Angeles County
1400000US06037462302,"Census Tract 4623.02, Los Angeles County, California",3311,3157,3338,-154,181,27,-4.65,5.73,0.82,Los Angeles County
1400000US06037462400,"Census Tract 4624, Los Angeles County, California",3943,3709,3874,-234,165,-69,-5.93,4.45,-1.75,Los Angeles County
1400000US06037462500,"Census Tract 4625, Los Angeles County, California",6538,6559,6454,21,-105,-84,0.32,-1.6,-1.28,Los Angeles County
1400000US06037462600,"Census Tract 4626, Los Angeles County, California",2286,2317,2349,31,32,63,1.36,1.38,2.76,Los Angeles County
1400000US06037462700,"Census Tract 4627, Los Angeles County, California",5386,5408,5539,22,131,153,0.41,2.42,2.84,Los Angeles County
1400000US06037462800,"Census Tract 4628, Los Angeles County, California",2854,2739,2875,-115,136,21,-4.03,4.97,0.74,Los Angeles County
1400000US06037462900,"Census Tract 4629, Los Angeles County, California",3700,3681,3828,-19,147,128,-0.51,3.99,3.46,Los Angeles County
1400000US06037463000,"Census Tract 4630, Los Angeles County, California",2919,2873,2748,-46,-125,-171,-1.58,-4.35,-5.86,Los Angeles County
1400000US06037463103,"Census Tract 4631.03, Los Angeles County, California",6125,5913,5474,-212,-439,-651,-3.46,-7.42,-10.63,Los Angeles County
1400000US06037463200,"Census Tract 4632, Los Angeles County, California",3602,3481,3428,-121,-53,-174,-3.36,-1.52,-4.83,Los Angeles County
1400000US06037463300,"Census Tract 4633, Los Angeles County, California",2038,1937,1934,-101,-3,-104,-4.96,-0.15,-5.1,Los Angeles County
1400000US06037463400,"Census Tract 4634, Los Angeles County, California",5835,5710,5547,-125,-163,-288,-2.14,-2.85,-4.94,Los Angeles County
1400000US06037463500,"Census Tract 4635, Los Angeles County, California",6064,5728,6063,-336,335,-1,-5.54,5.85,-0.02,Los Angeles County
1400000US06037463601,"Census Tract 4636.01, Los Angeles County, California",5993,5907,5924,-86,17,-69,-1.44,0.29,-1.15,Los Angeles County
1400000US06037463602,"Census Tract 4636.02, Los Angeles County, California",6414,5818,5682,-596,-136,-732,-9.29,-2.34,-11.41,Los Angeles County
1400000US06037463700,"Census Tract 4637, Los Angeles County, California",3151,3250,3473,99,223,322,3.14,6.86,10.22,Los Angeles County
1400000US06037463800,"Census Tract 4638, Los Angeles County, California",4188,4191,4001,3,-190,-187,0.07,-4.53,-4.47,Los Angeles County
1400000US06037463900,"Census Tract 4639, Los Angeles County, California",3249,3166,3185,-83,19,-64,-2.55,0.6,-1.97,Los Angeles County
1400000US06037464000,"Census Tract 4640, Los Angeles County, California",5575,5547,5387,-28,-160,-188,-0.5,-2.88,-3.37,Los Angeles County
1400000US06037464101,"Census Tract 4641.01, Los Angeles County, California",2176,2179,2014,3,-165,-162,0.14,-7.57,-7.44,Los Angeles County
1400000US06037464102,"Census Tract 4641.02, Los Angeles County, California",4742,4577,4618,-165,41,-124,-3.48,0.9,-2.61,Los Angeles County
1400000US06037464200,"Census Tract 4642, Los Angeles County, California",6102,5864,5810,-238,-54,-292,-3.9,-0.92,-4.79,Los Angeles County
1400000US06037480002,"Census Tract 4800.02, Los Angeles County, California",3978,3977,3936,-1,-41,-42,-0.03,-1.03,-1.06,Los Angeles County
1400000US06037480011,"Census Tract 4800.11, Los Angeles County, California",5154,5218,5154,64,-64,0,1.24,-1.23,0,Los Angeles County
1400000US06037480012,"Census Tract 4800.12, Los Angeles County, California",4689,4813,4908,124,95,219,2.64,1.97,4.67,Los Angeles County
1400000US06037480101,"Census Tract 4801.01, Los Angeles County, California",3996,4116,4218,120,102,222,3,2.48,5.56,Los Angeles County
1400000US06037480102,"Census Tract 4801.02, Los Angeles County, California",4428,4388,4059,-40,-329,-369,-0.9,-7.5,-8.33,Los Angeles County
1400000US06037480201,"Census Tract 4802.01, Los Angeles County, California",3722,3479,3644,-243,165,-78,-6.53,4.74,-2.1,Los Angeles County
1400000US06037480202,"Census Tract 4802.02, Los Angeles County, California",2772,2595,2756,-177,161,-16,-6.39,6.2,-0.58,Los Angeles County
1400000US06037480302,"Census Tract 4803.02, Los Angeles County, California",4217,4262,4384,45,122,167,1.07,2.86,3.96,Los Angeles County
1400000US06037480303,"Census Tract 4803.03, Los Angeles County, California",4499,4416,4387,-83,-29,-112,-1.84,-0.66,-2.49,Los Angeles County
1400000US06037480304,"Census Tract 4803.04, Los Angeles County, California",4482,4491,4426,9,-65,-56,0.2,-1.45,-1.25,Los Angeles County
1400000US06037480400,"Census Tract 4804, Los Angeles County, California",5446,5650,5517,204,-133,71,3.75,-2.35,1.3,Los Angeles County
1400000US06037480500,"Census Tract 4805, Los Angeles County, California",5137,5263,5417,126,154,280,2.45,2.93,5.45,Los Angeles County
1400000US06037480601,"Census Tract 4806.01, Los Angeles County, California",3925,4070,4188,145,118,263,3.69,2.9,6.7,Los Angeles County
1400000US06037480602,"Census Tract 4806.02, Los Angeles County, California",3959,4190,4149,231,-41,190,5.83,-0.98,4.8,Los Angeles County
1400000US06037480702,"Census Tract 4807.02, Los Angeles County, California",4134,4659,4564,525,-95,430,12.7,-2.04,10.4,Los Angeles County
1400000US06037480703,"Census Tract 4807.03, Los Angeles County, California",4132,4265,4156,133,-109,24,3.22,-2.56,0.58,Los Angeles County
1400000US06037480704,"Census Tract 4807.04, Los Angeles County, California",4191,4390,4109,199,-281,-82,4.75,-6.4,-1.96,Los Angeles County
1400000US06037480802,"Census Tract 4808.02, Los Angeles County, California",3277,3247,3238,-30,-9,-39,-0.92,-0.28,-1.19,Los Angeles County
1400000US06037480803,"Census Tract 4808.03, Los Angeles County, California",3474,3276,3145,-198,-131,-329,-5.7,-4,-9.47,Los Angeles County
1400000US06037480804,"Census Tract 4808.04, Los Angeles County, California",5350,5151,4695,-199,-456,-655,-3.72,-8.85,-12.24,Los Angeles County
1400000US06037480901,"Census Tract 4809.01, Los Angeles County, California",5020,4690,4207,-330,-483,-813,-6.57,-10.3,-16.2,Los Angeles County
1400000US06037480902,"Census Tract 4809.02, Los Angeles County, California",4452,4527,4318,75,-209,-134,1.68,-4.62,-3.01,Los Angeles County
1400000US06037480903,"Census Tract 4809.03, Los Angeles County, California",3181,2966,3116,-215,150,-65,-6.76,5.06,-2.04,Los Angeles County
1400000US06037481001,"Census Tract 4810.01, Los Angeles County, California",4826,4695,4679,-131,-16,-147,-2.71,-0.34,-3.05,Los Angeles County
1400000US06037481002,"Census Tract 4810.02, Los Angeles County, California",5187,5318,5571,131,253,384,2.53,4.76,7.4,Los Angeles County
1400000US06037481101,"Census Tract 4811.01, Los Angeles County, California",4427,4110,4076,-317,-34,-351,-7.16,-0.83,-7.93,Los Angeles County
1400000US06037481102,"Census Tract 4811.02, Los Angeles County, California",3643,3863,3707,220,-156,64,6.04,-4.04,1.76,Los Angeles County
1400000US06037481103,"Census Tract 4811.03, Los Angeles County, California",5365,5219,5224,-146,5,-141,-2.72,0.1,-2.63,Los Angeles County
1400000US06037481201,"Census Tract 4812.01, Los Angeles County, California",4095,4238,4218,143,-20,123,3.49,-0.47,3,Los Angeles County
1400000US06037481203,"Census Tract 4812.03, Los Angeles County, California",6128,6216,6170,88,-46,42,1.44,-0.74,0.69,Los Angeles County
1400000US06037481300,"Census Tract 4813, Los Angeles County, California",3225,3353,3338,128,-15,113,3.97,-0.45,3.5,Los Angeles County
1400000US06037481401,"Census Tract 4814.01, Los Angeles County, California",5494,5314,5198,-180,-116,-296,-3.28,-2.18,-5.39,Los Angeles County
1400000US06037481403,"Census Tract 4814.03, Los Angeles County, California",3172,3337,3316,165,-21,144,5.2,-0.63,4.54,Los Angeles County
1400000US06037481404,"Census Tract 4814.04, Los Angeles County, California",3758,3874,3933,116,59,175,3.09,1.52,4.66,Los Angeles County
1400000US06037481500,"Census Tract 4815, Los Angeles County, California",4542,4108,4159,-434,51,-383,-9.56,1.24,-8.43,Los Angeles County
1400000US06037481603,"Census Tract 4816.03, Los Angeles County, California",3226,3205,3450,-21,245,224,-0.65,7.64,6.94,Los Angeles County
1400000US06037481604,"Census Tract 4816.04, Los Angeles County, California",3970,3983,3980,13,-3,10,0.33,-0.08,0.25,Los Angeles County
1400000US06037481605,"Census Tract 4816.05, Los Angeles County, California",2711,2749,2806,38,57,95,1.4,2.07,3.5,Los Angeles County
1400000US06037481606,"Census Tract 4816.06, Los Angeles County, California",5081,4959,5003,-122,44,-78,-2.4,0.89,-1.54,Los Angeles County
1400000US06037481711,"Census Tract 4817.11, Los Angeles County, California",4238,4465,4609,227,144,371,5.36,3.23,8.75,Los Angeles County
1400000US06037481712,"Census Tract 4817.12, Los Angeles County, California",5570,5222,5177,-348,-45,-393,-6.25,-0.86,-7.06,Los Angeles County
1400000US06037481713,"Census Tract 4817.13, Los Angeles County, California",2655,2802,2876,147,74,221,5.54,2.64,8.32,Los Angeles County
1400000US06037481714,"Census Tract 4817.14, Los Angeles County, California",2702,2749,2742,47,-7,40,1.74,-0.25,1.48,Los Angeles County
1400000US06037481800,"Census Tract 4818, Los Angeles County, California",2485,2475,2307,-10,-168,-178,-0.4,-6.79,-7.16,Los Angeles County
1400000US06037481901,"Census Tract 4819.01, Los Angeles County, California",5758,5732,5652,-26,-80,-106,-0.45,-1.4,-1.84,Los Angeles County
1400000US06037481902,"Census Tract 4819.02, Los Angeles County, California",3325,3274,3255,-51,-19,-70,-1.53,-0.58,-2.11,Los Angeles County
1400000US06037482001,"Census Tract 4820.01, Los Angeles County, California",2673,2645,2676,-28,31,3,-1.05,1.17,0.11,Los Angeles County
1400000US06037482002,"Census Tract 4820.02, Los Angeles County, California",6947,7066,7210,119,144,263,1.71,2.04,3.79,Los Angeles County
1400000US06037482101,"Census Tract 4821.01, Los Angeles County, California",4574,4507,4373,-67,-134,-201,-1.46,-2.97,-4.39,Los Angeles County
1400000US06037482102,"Census Tract 4821.02, Los Angeles County, California",3079,3070,3188,-9,118,109,-0.29,3.84,3.54,Los Angeles County
1400000US06037482201,"Census Tract 4822.01, Los Angeles County, California",3923,3786,3922,-137,136,-1,-3.49,3.59,-0.03,Los Angeles County
1400000US06037482202,"Census Tract 4822.02, Los Angeles County, California",5329,5209,5022,-120,-187,-307,-2.25,-3.59,-5.76,Los Angeles County
1400000US06037482301,"Census Tract 4823.01, Los Angeles County, California",5515,5521,5176,6,-345,-339,0.11,-6.25,-6.15,Los Angeles County
1400000US06037482303,"Census Tract 4823.03, Los Angeles County, California",5713,5170,5075,-543,-95,-638,-9.5,-1.84,-11.17,Los Angeles County
1400000US06037482304,"Census Tract 4823.04, Los Angeles County, California",3037,2834,2842,-203,8,-195,-6.68,0.28,-6.42,Los Angeles County
1400000US06037482401,"Census Tract 4824.01, Los Angeles County, California",3491,3338,3600,-153,262,109,-4.38,7.85,3.12,Los Angeles County
1400000US06037482403,"Census Tract 4824.03, Los Angeles County, California",3471,3374,3172,-97,-202,-299,-2.79,-5.99,-8.61,Los Angeles County
1400000US06037482404,"Census Tract 4824.04, Los Angeles County, California",3443,3170,3428,-273,258,-15,-7.93,8.14,-0.44,Los Angeles County
1400000US06037482502,"Census Tract 4825.02, Los Angeles County, California",3399,3196,3519,-203,323,120,-5.97,10.11,3.53,Los Angeles County
1400000US06037482503,"Census Tract 4825.03, Los Angeles County, California",4303,4048,3808,-255,-240,-495,-5.93,-5.93,-11.5,Los Angeles County
1400000US06037482521,"Census Tract 4825.21, Los Angeles County, California",5642,5533,5279,-109,-254,-363,-1.93,-4.59,-6.43,Los Angeles County
1400000US06037482522,"Census Tract 4825.22, Los Angeles County, California",4403,4192,4404,-211,212,1,-4.79,5.06,0.02,Los Angeles County
1400000US06037482600,"Census Tract 4826, Los Angeles County, California",6446,6857,6377,411,-480,-69,6.38,-7,-1.07,Los Angeles County
1400000US06037482701,"Census Tract 4827.01, Los Angeles County, California",4120,4115,3807,-5,-308,-313,-0.12,-7.48,-7.6,Los Angeles County
1400000US06037482702,"Census Tract 4827.02, Los Angeles County, California",2383,2482,2462,99,-20,79,4.15,-0.81,3.32,Los Angeles County
1400000US06037482801,"Census Tract 4828.01, Los Angeles County, California",4162,4141,4069,-21,-72,-93,-0.5,-1.74,-2.23,Los Angeles County
1400000US06037500100,"Census Tract 5001, Los Angeles County, California",3521,3747,3601,226,-146,80,6.42,-3.9,2.27,Los Angeles County
1400000US06037500202,"Census Tract 5002.02, Los Angeles County, California",4970,5058,4827,88,-231,-143,1.77,-4.57,-2.88,Los Angeles County
1400000US06037500203,"Census Tract 5002.03, Los Angeles County, California",4230,4229,4178,-1,-51,-52,-0.02,-1.21,-1.23,Los Angeles County
1400000US06037500204,"Census Tract 5002.04, Los Angeles County, California",2134,2287,2256,153,-31,122,7.17,-1.36,5.72,Los Angeles County
1400000US06037500300,"Census Tract 5003, Los Angeles County, California",2931,2818,2870,-113,52,-61,-3.86,1.85,-2.08,Los Angeles County
1400000US06037500402,"Census Tract 5004.02, Los Angeles County, California",5190,5020,4766,-170,-254,-424,-3.28,-5.06,-8.17,Los Angeles County
1400000US06037500403,"Census Tract 5004.03, Los Angeles County, California",3464,3451,3497,-13,46,33,-0.38,1.33,0.95,Los Angeles County
1400000US06037500404,"Census Tract 5004.04, Los Angeles County, California",4278,4091,4173,-187,82,-105,-4.37,2,-2.45,Los Angeles County
1400000US06037500500,"Census Tract 5005, Los Angeles County, California",2846,2993,2891,147,-102,45,5.17,-3.41,1.58,Los Angeles County
1400000US06037500600,"Census Tract 5006, Los Angeles County, California",5036,5452,5286,416,-166,250,8.26,-3.04,4.96,Los Angeles County
1400000US06037500700,"Census Tract 5007, Los Angeles County, California",7196,7102,7177,-94,75,-19,-1.31,1.06,-0.26,Los Angeles County
1400000US06037500800,"Census Tract 5008, Los Angeles County, California",5299,5156,5149,-143,-7,-150,-2.7,-0.14,-2.83,Los Angeles County
1400000US06037500900,"Census Tract 5009, Los Angeles County, California",5948,5837,5625,-111,-212,-323,-1.87,-3.63,-5.43,Los Angeles County
1400000US06037501001,"Census Tract 5010.01, Los Angeles County, California",3361,3131,3110,-230,-21,-251,-6.84,-0.67,-7.47,Los Angeles County
1400000US06037501002,"Census Tract 5010.02, Los Angeles County, California",4759,4710,4469,-49,-241,-290,-1.03,-5.12,-6.09,Los Angeles County
1400000US06037501200,"Census Tract 5012, Los Angeles County, California",4814,5065,5134,251,69,320,5.21,1.36,6.65,Los Angeles County
1400000US06037501301,"Census Tract 5013.01, Los Angeles County, California",3098,3050,3067,-48,17,-31,-1.55,0.56,-1,Los Angeles County
1400000US06037501302,"Census Tract 5013.02, Los Angeles County, California",3766,4378,4425,612,47,659,16.25,1.07,17.5,Los Angeles County
1400000US06037501400,"Census Tract 5014, Los Angeles County, California",3430,3360,3093,-70,-267,-337,-2.04,-7.95,-9.83,Los Angeles County
1400000US06037501501,"Census Tract 5015.01, Los Angeles County, California",2150,2122,2022,-28,-100,-128,-1.3,-4.71,-5.95,Los Angeles County
1400000US06037501503,"Census Tract 5015.03, Los Angeles County, California",5583,5747,5517,164,-230,-66,2.94,-4,-1.18,Los Angeles County
1400000US06037501504,"Census Tract 5015.04, Los Angeles County, California",3222,3377,3395,155,18,173,4.81,0.53,5.37,Los Angeles County
1400000US06037501600,"Census Tract 5016, Los Angeles County, California",7425,7168,7041,-257,-127,-384,-3.46,-1.77,-5.17,Los Angeles County
1400000US06037501700,"Census Tract 5017, Los Angeles County, California",3486,3788,3895,302,107,409,8.66,2.82,11.73,Los Angeles County
1400000US06037501802,"Census Tract 5018.02, Los Angeles County, California",3281,3339,3360,58,21,79,1.77,0.63,2.41,Los Angeles County
1400000US06037501803,"Census Tract 5018.03, Los Angeles County, California",4372,4410,4970,38,560,598,0.87,12.7,13.68,Los Angeles County
1400000US06037501804,"Census Tract 5018.04, Los Angeles County, California",2174,2309,2266,135,-43,92,6.21,-1.86,4.23,Los Angeles County
1400000US06037501900,"Census Tract 5019, Los Angeles County, California",4259,4389,4321,130,-68,62,3.05,-1.55,1.46,Los Angeles County
1400000US06037502003,"Census Tract 5020.03, Los Angeles County, California",2609,2557,2633,-52,76,24,-1.99,2.97,0.92,Los Angeles County
1400000US06037502004,"Census Tract 5020.04, Los Angeles County, California",4284,4380,4061,96,-319,-223,2.24,-7.28,-5.21,Los Angeles County
1400000US06037502005,"Census Tract 5020.05, Los Angeles County, California",4905,4911,4480,6,-431,-425,0.12,-8.78,-8.66,Los Angeles County
1400000US06037502100,"Census Tract 5021, Los Angeles County, California",4881,4889,4956,8,67,75,0.16,1.37,1.54,Los Angeles County
1400000US06037502200,"Census Tract 5022, Los Angeles County, California",7039,7078,6994,39,-84,-45,0.55,-1.19,-0.64,Los Angeles County
1400000US06037502303,"Census Tract 5023.03, Los Angeles County, California",8506,8883,8377,377,-506,-129,4.43,-5.7,-1.52,Los Angeles County
1400000US06037502401,"Census Tract 5024.01, Los Angeles County, California",5059,5211,5136,152,-75,77,3,-1.44,1.52,Los Angeles County
1400000US06037502402,"Census Tract 5024.02, Los Angeles County, California",3678,3578,3494,-100,-84,-184,-2.72,-2.35,-5,Los Angeles County
1400000US06037502500,"Census Tract 5025, Los Angeles County, California",4166,4038,4096,-128,58,-70,-3.07,1.44,-1.68,Los Angeles County
1400000US06037502602,"Census Tract 5026.02, Los Angeles County, California",4155,4194,4178,39,-16,23,0.94,-0.38,0.55,Los Angeles County
1400000US06037502603,"Census Tract 5026.03, Los Angeles County, California",3378,3394,3259,16,-135,-119,0.47,-3.98,-3.52,Los Angeles County
1400000US06037502604,"Census Tract 5026.04, Los Angeles County, California",3931,3921,3907,-10,-14,-24,-0.25,-0.36,-0.61,Los Angeles County
1400000US06037502700,"Census Tract 5027, Los Angeles County, California",7007,7429,7269,422,-160,262,6.02,-2.15,3.74,Los Angeles County
1400000US06037502801,"Census Tract 5028.01, Los Angeles County, California",6133,6687,6452,554,-235,319,9.03,-3.51,5.2,Los Angeles County
1400000US06037502901,"Census Tract 5029.01, Los Angeles County, California",5937,5942,5821,5,-121,-116,0.08,-2.04,-1.95,Los Angeles County
1400000US06037503000,"Census Tract 5030, Los Angeles County, California",6115,6164,5836,49,-328,-279,0.8,-5.32,-4.56,Los Angeles County
1400000US06037503103,"Census Tract 5031.03, Los Angeles County, California",5302,5320,5646,18,326,344,0.34,6.13,6.49,Los Angeles County
1400000US06037503104,"Census Tract 5031.04, Los Angeles County, California",2652,2600,2493,-52,-107,-159,-1.96,-4.12,-6,Los Angeles County
1400000US06037503105,"Census Tract 5031.05, Los Angeles County, California",3549,3536,3589,-13,53,40,-0.37,1.5,1.13,Los Angeles County
1400000US06037503106,"Census Tract 5031.06, Los Angeles County, California",3869,3770,3755,-99,-15,-114,-2.56,-0.4,-2.95,Los Angeles County
1400000US06037503201,"Census Tract 5032.01, Los Angeles County, California",4179,3876,3956,-303,80,-223,-7.25,2.06,-5.34,Los Angeles County
1400000US06037503202,"Census Tract 5032.02, Los Angeles County, California",4482,4788,4529,306,-259,47,6.83,-5.41,1.05,Los Angeles County
1400000US06037503301,"Census Tract 5033.01, Los Angeles County, California",3560,3755,3601,195,-154,41,5.48,-4.1,1.15,Los Angeles County
1400000US06037503302,"Census Tract 5033.02, Los Angeles County, California",6089,6192,5889,103,-303,-200,1.69,-4.89,-3.28,Los Angeles County
1400000US06037503401,"Census Tract 5034.01, Los Angeles County, California",6911,7288,7421,377,133,510,5.46,1.82,7.38,Los Angeles County
1400000US06037503402,"Census Tract 5034.02, Los Angeles County, California",3834,3979,3860,145,-119,26,3.78,-2.99,0.68,Los Angeles County
1400000US06037503501,"Census Tract 5035.01, Los Angeles County, California",6643,6955,7151,312,196,508,4.7,2.82,7.65,Los Angeles County
1400000US06037503502,"Census Tract 5035.02, Los Angeles County, California",4378,4338,4234,-40,-104,-144,-0.91,-2.4,-3.29,Los Angeles County
1400000US06037503601,"Census Tract 5036.01, Los Angeles County, California",4126,4145,4317,19,172,191,0.46,4.15,4.63,Los Angeles County
1400000US06037503602,"Census Tract 5036.02, Los Angeles County, California",3846,3855,4110,9,255,264,0.23,6.61,6.86,Los Angeles County
1400000US06037503701,"Census Tract 5037.01, Los Angeles County, California",4685,4581,4861,-104,280,176,-2.22,6.11,3.76,Los Angeles County
1400000US06037503702,"Census Tract 5037.02, Los Angeles County, California",5497,5414,5387,-83,-27,-110,-1.51,-0.5,-2,Los Angeles County
1400000US06037503704,"Census Tract 5037.04, Los Angeles County, California",4587,4512,4364,-75,-148,-223,-1.64,-3.28,-4.86,Los Angeles County
1400000US06037503705,"Census Tract 5037.05, Los Angeles County, California",2975,2894,2671,-81,-223,-304,-2.72,-7.71,-10.22,Los Angeles County
1400000US06037503801,"Census Tract 5038.01, Los Angeles County, California",3539,3580,3622,41,42,83,1.16,1.17,2.35,Los Angeles County
1400000US06037503802,"Census Tract 5038.02, Los Angeles County, California",5136,5317,5277,181,-40,141,3.52,-0.75,2.75,Los Angeles County
1400000US06037503901,"Census Tract 5039.01, Los Angeles County, California",2387,2236,2275,-151,39,-112,-6.33,1.74,-4.69,Los Angeles County
1400000US06037503902,"Census Tract 5039.02, Los Angeles County, California",5459,5526,5367,67,-159,-92,1.23,-2.88,-1.69,Los Angeles County
1400000US06037504001,"Census Tract 5040.01, Los Angeles County, California",5901,5649,5265,-252,-384,-636,-4.27,-6.8,-10.78,Los Angeles County
1400000US06037504002,"Census Tract 5040.02, Los Angeles County, California",5578,5655,5457,77,-198,-121,1.38,-3.5,-2.17,Los Angeles County
1400000US06037504101,"Census Tract 5041.01, Los Angeles County, California",4726,4588,4919,-138,331,193,-2.92,7.21,4.08,Los Angeles County
1400000US06037504200,"Census Tract 5042, Los Angeles County, California",7291,7512,7427,221,-85,136,3.03,-1.13,1.87,Los Angeles County
1400000US06037530005,"Census Tract 5300.05, Los Angeles County, California",3649,3653,3386,4,-267,-263,0.11,-7.31,-7.21,Los Angeles County
1400000US06037530006,"Census Tract 5300.06, Los Angeles County, California",4767,4963,4913,196,-50,146,4.11,-1.01,3.06,Los Angeles County
1400000US06037530007,"Census Tract 5300.07, Los Angeles County, California",6406,6544,6539,138,-5,133,2.15,-0.08,2.08,Los Angeles County
1400000US06037530101,"Census Tract 5301.01, Los Angeles County, California",5268,5388,5452,120,64,184,2.28,1.19,3.49,Los Angeles County
1400000US06037530102,"Census Tract 5301.02, Los Angeles County, California",4888,4889,4706,1,-183,-182,0.02,-3.74,-3.72,Los Angeles County
1400000US06037530202,"Census Tract 5302.02, Los Angeles County, California",4304,4309,4176,5,-133,-128,0.12,-3.09,-2.97,Los Angeles County
1400000US06037530203,"Census Tract 5302.03, Los Angeles County, California",2408,2525,2520,117,-5,112,4.86,-0.2,4.65,Los Angeles County
1400000US06037530204,"Census Tract 5302.04, Los Angeles County, California",3940,3882,4044,-58,162,104,-1.47,4.17,2.64,Los Angeles County
1400000US06037530301,"Census Tract 5303.01, Los Angeles County, California",2165,2125,2167,-40,42,2,-1.85,1.98,0.09,Los Angeles County
1400000US06037530302,"Census Tract 5303.02, Los Angeles County, California",6641,6412,6424,-229,12,-217,-3.45,0.19,-3.27,Los Angeles County
1400000US06037530400,"Census Tract 5304, Los Angeles County, California",3835,3792,3723,-43,-69,-112,-1.12,-1.82,-2.92,Los Angeles County
1400000US06037530500,"Census Tract 5305, Los Angeles County, California",4099,4195,4103,96,-92,4,2.34,-2.19,0.1,Los Angeles County
1400000US06037530603,"Census Tract 5306.03, Los Angeles County, California",4344,4528,4419,184,-109,75,4.24,-2.41,1.73,Los Angeles County
1400000US06037530700,"Census Tract 5307, Los Angeles County, California",2058,2024,2152,-34,128,94,-1.65,6.32,4.57,Los Angeles County
1400000US06037530801,"Census Tract 5308.01, Los Angeles County, California",5528,5704,5773,176,69,245,3.18,1.21,4.43,Los Angeles County
1400000US06037530802,"Census Tract 5308.02, Los Angeles County, California",3088,3054,3190,-34,136,102,-1.1,4.45,3.3,Los Angeles County
1400000US06037530901,"Census Tract 5309.01, Los Angeles County, California",3827,4020,3916,193,-104,89,5.04,-2.59,2.33,Los Angeles County
1400000US06037530902,"Census Tract 5309.02, Los Angeles County, California",4057,3844,4058,-213,214,1,-5.25,5.57,0.02,Los Angeles County
1400000US06037531000,"Census Tract 5310, Los Angeles County, California",5129,5233,5136,104,-97,7,2.03,-1.85,0.14,Los Angeles County
1400000US06037531101,"Census Tract 5311.01, Los Angeles County, California",5281,5454,4833,173,-621,-448,3.28,-11.39,-8.48,Los Angeles County
1400000US06037531102,"Census Tract 5311.02, Los Angeles County, California",3008,2777,2485,-231,-292,-523,-7.68,-10.51,-17.39,Los Angeles County
1400000US06037531201,"Census Tract 5312.01, Los Angeles County, California",4733,4317,4118,-416,-199,-615,-8.79,-4.61,-12.99,Los Angeles County
1400000US06037531202,"Census Tract 5312.02, Los Angeles County, California",4816,4420,4252,-396,-168,-564,-8.22,-3.8,-11.71,Los Angeles County
1400000US06037531301,"Census Tract 5313.01, Los Angeles County, California",5140,5474,5360,334,-114,220,6.5,-2.08,4.28,Los Angeles County
1400000US06037531302,"Census Tract 5313.02, Los Angeles County, California",5894,5734,5549,-160,-185,-345,-2.71,-3.23,-5.85,Los Angeles County
1400000US06037531502,"Census Tract 5315.02, Los Angeles County, California",3384,3240,3085,-144,-155,-299,-4.26,-4.78,-8.84,Los Angeles County
1400000US06037531503,"Census Tract 5315.03, Los Angeles County, California",2841,2649,2652,-192,3,-189,-6.76,0.11,-6.65,Los Angeles County
1400000US06037531504,"Census Tract 5315.04, Los Angeles County, California",4158,4052,4097,-106,45,-61,-2.55,1.11,-1.47,Los Angeles County
1400000US06037531602,"Census Tract 5316.02, Los Angeles County, California",4246,4109,3819,-137,-290,-427,-3.23,-7.06,-10.06,Los Angeles County
1400000US06037531603,"Census Tract 5316.03, Los Angeles County, California",3703,3670,3665,-33,-5,-38,-0.89,-0.14,-1.03,Los Angeles County
1400000US06037531604,"Census Tract 5316.04, Los Angeles County, California",3343,3286,3255,-57,-31,-88,-1.71,-0.94,-2.63,Los Angeles County
1400000US06037531701,"Census Tract 5317.01, Los Angeles County, California",6066,5924,5692,-142,-232,-374,-2.34,-3.92,-6.17,Los Angeles County
1400000US06037531702,"Census Tract 5317.02, Los Angeles County, California",5039,4896,4946,-143,50,-93,-2.84,1.02,-1.85,Los Angeles County
1400000US06037531800,"Census Tract 5318, Los Angeles County, California",4687,4809,4780,122,-29,93,2.6,-0.6,1.98,Los Angeles County
1400000US06037531901,"Census Tract 5319.01, Los Angeles County, California",6239,6042,6531,-197,489,292,-3.16,8.09,4.68,Los Angeles County
1400000US06037531902,"Census Tract 5319.02, Los Angeles County, California",4325,4582,4217,257,-365,-108,5.94,-7.97,-2.5,Los Angeles County
1400000US06037532001,"Census Tract 5320.01, Los Angeles County, California",2885,2967,3139,82,172,254,2.84,5.8,8.8,Los Angeles County
1400000US06037532002,"Census Tract 5320.02, Los Angeles County, California",3584,3516,3414,-68,-102,-170,-1.9,-2.9,-4.74,Los Angeles County
1400000US06037532101,"Census Tract 5321.01, Los Angeles County, California",7305,7382,7044,77,-338,-261,1.05,-4.58,-3.57,Los Angeles County
1400000US06037532102,"Census Tract 5321.02, Los Angeles County, California",3530,3561,3521,31,-40,-9,0.88,-1.12,-0.25,Los Angeles County
1400000US06037532200,"Census Tract 5322, Los Angeles County, California",7282,6921,6983,-361,62,-299,-4.96,0.9,-4.11,Los Angeles County
1400000US06037532302,"Census Tract 5323.02, Los Angeles County, California",4755,4800,4588,45,-212,-167,0.95,-4.42,-3.51,Los Angeles County
1400000US06037532303,"Census Tract 5323.03, Los Angeles County, California",4660,4338,4399,-322,61,-261,-6.91,1.41,-5.6,Los Angeles County
1400000US06037532304,"Census Tract 5323.04, Los Angeles County, California",4090,4072,4119,-18,47,29,-0.44,1.15,0.71,Los Angeles County
1400000US06037532500,"Census Tract 5325, Los Angeles County, California",4281,4155,3833,-126,-322,-448,-2.94,-7.75,-10.46,Los Angeles County
1400000US06037532605,"Census Tract 5326.05, Los Angeles County, California",4055,3908,4129,-147,221,74,-3.63,5.66,1.82,Los Angeles County
1400000US06037532606,"Census Tract 5326.06, Los Angeles County, California",4016,3875,3987,-141,112,-29,-3.51,2.89,-0.72,Los Angeles County
1400000US06037532607,"Census Tract 5326.07, Los Angeles County, California",5669,5391,4943,-278,-448,-726,-4.9,-8.31,-12.81,Los Angeles County
1400000US06037532700,"Census Tract 5327, Los Angeles County, California",3377,3219,3306,-158,87,-71,-4.68,2.7,-2.1,Los Angeles County
1400000US06037532800,"Census Tract 5328, Los Angeles County, California",4655,4448,4392,-207,-56,-263,-4.45,-1.26,-5.65,Los Angeles County
1400000US06037532900,"Census Tract 5329, Los Angeles County, California",6674,6698,6620,24,-78,-54,0.36,-1.16,-0.81,Los Angeles County
1400000US06037533001,"Census Tract 5330.01, Los Angeles County, California",4488,4421,4502,-67,81,14,-1.49,1.83,0.31,Los Angeles County
1400000US06037533002,"Census Tract 5330.02, Los Angeles County, California",2636,2587,2403,-49,-184,-233,-1.86,-7.11,-8.84,Los Angeles County
1400000US06037533103,"Census Tract 5331.03, Los Angeles County, California",3238,3126,3211,-112,85,-27,-3.46,2.72,-0.83,Los Angeles County
1400000US06037533104,"Census Tract 5331.04, Los Angeles County, California",4548,4816,4451,268,-365,-97,5.89,-7.58,-2.13,Los Angeles County
1400000US06037533105,"Census Tract 5331.05, Los Angeles County, California",2519,2577,2419,58,-158,-100,2.3,-6.13,-3.97,Los Angeles County
1400000US06037533108,"Census Tract 5331.08, Los Angeles County, California",4872,4579,4751,-293,172,-121,-6.01,3.76,-2.48,Los Angeles County
1400000US06037533201,"Census Tract 5332.01, Los Angeles County, California",2709,2663,2421,-46,-242,-288,-1.7,-9.09,-10.63,Los Angeles County
1400000US06037533204,"Census Tract 5332.04, Los Angeles County, California",4862,4467,4451,-395,-16,-411,-8.12,-0.36,-8.45,Los Angeles County
1400000US06037533300,"Census Tract 5333, Los Angeles County, California",3494,3208,2993,-286,-215,-501,-8.19,-6.7,-14.34,Los Angeles County
1400000US06037533401,"Census Tract 5334.01, Los Angeles County, California",4976,5067,4923,91,-144,-53,1.83,-2.84,-1.07,Los Angeles County
1400000US06037533402,"Census Tract 5334.02, Los Angeles County, California",3798,3625,3770,-173,145,-28,-4.56,4,-0.74,Los Angeles County
1400000US06037533403,"Census Tract 5334.03, Los Angeles County, California",2799,2667,2505,-132,-162,-294,-4.72,-6.07,-10.5,Los Angeles County
1400000US06037533501,"Census Tract 5335.01, Los Angeles County, California",3077,2851,2852,-226,1,-225,-7.34,0.04,-7.31,Los Angeles County
1400000US06037533504,"Census Tract 5335.04, Los Angeles County, California",4175,3892,4045,-283,153,-130,-6.78,3.93,-3.11,Los Angeles County
1400000US06037533601,"Census Tract 5336.01, Los Angeles County, California",4674,4411,4279,-263,-132,-395,-5.63,-2.99,-8.45,Los Angeles County
1400000US06037533602,"Census Tract 5336.02, Los Angeles County, California",5490,5208,4932,-282,-276,-558,-5.14,-5.3,-10.16,Los Angeles County
1400000US06037533603,"Census Tract 5336.03, Los Angeles County, California",6863,6336,6407,-527,71,-456,-7.68,1.12,-6.64,Los Angeles County
1400000US06037533701,"Census Tract 5337.01, Los Angeles County, California",3082,2928,3009,-154,81,-73,-5,2.77,-2.37,Los Angeles County
1400000US06037533702,"Census Tract 5337.02, Los Angeles County, California",3734,3550,3568,-184,18,-166,-4.93,0.51,-4.45,Los Angeles County
1400000US06037533703,"Census Tract 5337.03, Los Angeles County, California",5244,4432,4241,-812,-191,-1003,-15.48,-4.31,-19.13,Los Angeles County
1400000US06037533803,"Census Tract 5338.03, Los Angeles County, California",5899,5887,5775,-12,-112,-124,-0.2,-1.9,-2.1,Los Angeles County
1400000US06037533804,"Census Tract 5338.04, Los Angeles County, California",3993,3628,3524,-365,-104,-469,-9.14,-2.87,-11.75,Los Angeles County
1400000US06037533805,"Census Tract 5338.05, Los Angeles County, California",4011,4024,3816,13,-208,-195,0.32,-5.17,-4.86,Los Angeles County
1400000US06037533806,"Census Tract 5338.06, Los Angeles County, California",3604,3670,3791,66,121,187,1.83,3.3,5.19,Los Angeles County
1400000US06037533901,"Census Tract 5339.01, Los Angeles County, California",5476,5056,5083,-420,27,-393,-7.67,0.53,-7.18,Los Angeles County
1400000US06037533902,"Census Tract 5339.02, Los Angeles County, California",4500,4344,4454,-156,110,-46,-3.47,2.53,-1.02,Los Angeles County
1400000US06037534001,"Census Tract 5340.01, Los Angeles County, California",5387,5277,5142,-110,-135,-245,-2.04,-2.56,-4.55,Los Angeles County
1400000US06037534002,"Census Tract 5340.02, Los Angeles County, California",4350,4223,4064,-127,-159,-286,-2.92,-3.77,-6.57,Los Angeles County
1400000US06037534101,"Census Tract 5341.01, Los Angeles County, California",2399,2268,1931,-131,-337,-468,-5.46,-14.86,-19.51,Los Angeles County
1400000US06037534102,"Census Tract 5341.02, Los Angeles County, California",6227,5782,5912,-445,130,-315,-7.15,2.25,-5.06,Los Angeles County
1400000US06037534201,"Census Tract 5342.01, Los Angeles County, California",4641,4387,4169,-254,-218,-472,-5.47,-4.97,-10.17,Los Angeles County
1400000US06037534202,"Census Tract 5342.02, Los Angeles County, California",5350,5223,5258,-127,35,-92,-2.37,0.67,-1.72,Los Angeles County
1400000US06037534203,"Census Tract 5342.03, Los Angeles County, California",3440,3310,3250,-130,-60,-190,-3.78,-1.81,-5.52,Los Angeles County
1400000US06037534301,"Census Tract 5343.01, Los Angeles County, California",4185,4278,4104,93,-174,-81,2.22,-4.07,-1.94,Los Angeles County
1400000US06037534302,"Census Tract 5343.02, Los Angeles County, California",3875,3764,3861,-111,97,-14,-2.86,2.58,-0.36,Los Angeles County
1400000US06037534403,"Census Tract 5344.03, Los Angeles County, California",3147,3084,3100,-63,16,-47,-2,0.52,-1.49,Los Angeles County
1400000US06037534404,"Census Tract 5344.04, Los Angeles County, California",3459,3333,3244,-126,-89,-215,-3.64,-2.67,-6.22,Los Angeles County
1400000US06037534405,"Census Tract 5344.05, Los Angeles County, California",4280,4067,4000,-213,-67,-280,-4.98,-1.65,-6.54,Los Angeles County
1400000US06037534406,"Census Tract 5344.06, Los Angeles County, California",4660,4477,4348,-183,-129,-312,-3.93,-2.88,-6.7,Los Angeles County
1400000US06037534501,"Census Tract 5345.01, Los Angeles County, California",5768,5400,5651,-368,251,-117,-6.38,4.65,-2.03,Los Angeles County
1400000US06037534502,"Census Tract 5345.02, Los Angeles County, California",3972,3739,3403,-233,-336,-569,-5.87,-8.99,-14.33,Los Angeles County
1400000US06037534700,"Census Tract 5347, Los Angeles County, California",4393,4488,4448,95,-40,55,2.16,-0.89,1.25,Los Angeles County
1400000US06037534802,"Census Tract 5348.02, Los Angeles County, California",2464,2684,2649,220,-35,185,8.93,-1.3,7.51,Los Angeles County
1400000US06037534803,"Census Tract 5348.03, Los Angeles County, California",4605,4746,4749,141,3,144,3.06,0.06,3.13,Los Angeles County
1400000US06037534804,"Census Tract 5348.04, Los Angeles County, California",4477,4535,4363,58,-172,-114,1.3,-3.79,-2.55,Los Angeles County
1400000US06037534900,"Census Tract 5349, Los Angeles County, California",6202,5716,5790,-486,74,-412,-7.84,1.29,-6.64,Los Angeles County
1400000US06037535001,"Census Tract 5350.01, Los Angeles County, California",3992,4076,4176,84,100,184,2.1,2.45,4.61,Los Angeles County
1400000US06037535002,"Census Tract 5350.02, Los Angeles County, California",3919,3761,3670,-158,-91,-249,-4.03,-2.42,-6.35,Los Angeles County
1400000US06037535101,"Census Tract 5351.01, Los Angeles County, California",8098,8319,7994,221,-325,-104,2.73,-3.91,-1.28,Los Angeles County
1400000US06037535102,"Census Tract 5351.02, Los Angeles County, California",4541,4549,4570,8,21,29,0.18,0.46,0.64,Los Angeles County
1400000US06037535200,"Census Tract 5352, Los Angeles County, California",6240,6469,6043,229,-426,-197,3.67,-6.59,-3.16,Los Angeles County
1400000US06037535300,"Census Tract 5353, Los Angeles County, California",6670,6521,6232,-149,-289,-438,-2.23,-4.43,-6.57,Los Angeles County
1400000US06037535400,"Census Tract 5354, Los Angeles County, California",3295,3325,3434,30,109,139,0.91,3.28,4.22,Los Angeles County
1400000US06037535501,"Census Tract 5355.01, Los Angeles County, California",3549,3371,3234,-178,-137,-315,-5.02,-4.06,-8.88,Los Angeles County
1400000US06037535502,"Census Tract 5355.02, Los Angeles County, California",5606,5338,5345,-268,7,-261,-4.78,0.13,-4.66,Los Angeles County
1400000US06037535503,"Census Tract 5355.03, Los Angeles County, California",2481,2456,2375,-25,-81,-106,-1.01,-3.3,-4.27,Los Angeles County
1400000US06037535603,"Census Tract 5356.03, Los Angeles County, California",3901,3879,3841,-22,-38,-60,-0.56,-0.98,-1.54,Los Angeles County
1400000US06037535604,"Census Tract 5356.04, Los Angeles County, California",4527,4303,4256,-224,-47,-271,-4.95,-1.09,-5.99,Los Angeles County
1400000US06037535605,"Census Tract 5356.05, Los Angeles County, California",4987,4750,4546,-237,-204,-441,-4.75,-4.29,-8.84,Los Angeles County
1400000US06037535606,"Census Tract 5356.06, Los Angeles County, California",2143,2013,1874,-130,-139,-269,-6.07,-6.91,-12.55,Los Angeles County
1400000US06037535607,"Census Tract 5356.07, Los Angeles County, California",4252,4344,4469,92,125,217,2.16,2.88,5.1,Los Angeles County
1400000US06037535701,"Census Tract 5357.01, Los Angeles County, California",5363,5175,5413,-188,238,50,-3.51,4.6,0.93,Los Angeles County
1400000US06037535702,"Census Tract 5357.02, Los Angeles County, California",5854,5913,6478,59,565,624,1.01,9.56,10.66,Los Angeles County
1400000US06037535802,"Census Tract 5358.02, Los Angeles County, California",6406,6192,5829,-214,-363,-577,-3.34,-5.86,-9.01,Los Angeles County
1400000US06037535803,"Census Tract 5358.03, Los Angeles County, California",3799,3781,3607,-18,-174,-192,-0.47,-4.6,-5.05,Los Angeles County
1400000US06037535804,"Census Tract 5358.04, Los Angeles County, California",6051,6338,6025,287,-313,-26,4.74,-4.94,-0.43,Los Angeles County
1400000US06037535901,"Census Tract 5359.01, Los Angeles County, California",6185,6106,5953,-79,-153,-232,-1.28,-2.51,-3.75,Los Angeles County
1400000US06037535902,"Census Tract 5359.02, Los Angeles County, California",6265,6227,6059,-38,-168,-206,-0.61,-2.7,-3.29,Los Angeles County
1400000US06037536000,"Census Tract 5360, Los Angeles County, California",3655,3434,3169,-221,-265,-486,-6.05,-7.72,-13.3,Los Angeles County
1400000US06037536102,"Census Tract 5361.02, Los Angeles County, California",3279,3201,3483,-78,282,204,-2.38,8.81,6.22,Los Angeles County
1400000US06037536103,"Census Tract 5361.03, Los Angeles County, California",5278,5029,5319,-249,290,41,-4.72,5.77,0.78,Los Angeles County
1400000US06037536104,"Census Tract 5361.04, Los Angeles County, California",3841,3586,3395,-255,-191,-446,-6.64,-5.33,-11.61,Los Angeles County
1400000US06037536201,"Census Tract 5362.01, Los Angeles County, California",3021,3308,3452,287,144,431,9.5,4.35,14.27,Los Angeles County
1400000US06037536202,"Census Tract 5362.02, Los Angeles County, California",4462,4564,4259,102,-305,-203,2.29,-6.68,-4.55,Los Angeles County
1400000US06037540000,"Census Tract 5400, Los Angeles County, California",7304,7295,7373,-9,78,69,-0.12,1.07,0.94,Los Angeles County
1400000US06037540101,"Census Tract 5401.01, Los Angeles County, California",6555,6596,6359,41,-237,-196,0.63,-3.59,-2.99,Los Angeles County
1400000US06037540102,"Census Tract 5401.02, Los Angeles County, California",6278,6016,5831,-262,-185,-447,-4.17,-3.08,-7.12,Los Angeles County
1400000US06037540201,"Census Tract 5402.01, Los Angeles County, California",2413,2253,2270,-160,17,-143,-6.63,0.75,-5.93,Los Angeles County
1400000US06037540202,"Census Tract 5402.02, Los Angeles County, California",6896,6626,6888,-270,262,-8,-3.92,3.95,-0.12,Los Angeles County
1400000US06037540203,"Census Tract 5402.03, Los Angeles County, California",5931,5783,5694,-148,-89,-237,-2.5,-1.54,-4,Los Angeles County
1400000US06037540300,"Census Tract 5403, Los Angeles County, California",4834,4680,4363,-154,-317,-471,-3.19,-6.77,-9.74,Los Angeles County
1400000US06037540400,"Census Tract 5404, Los Angeles County, California",2043,2007,1907,-36,-100,-136,-1.76,-4.98,-6.66,Los Angeles County
1400000US06037540501,"Census Tract 5405.01, Los Angeles County, California",6013,5863,5500,-150,-363,-513,-2.49,-6.19,-8.53,Los Angeles County
1400000US06037540502,"Census Tract 5405.02, Los Angeles County, California",6942,6751,6850,-191,99,-92,-2.75,1.47,-1.33,Los Angeles County
1400000US06037540600,"Census Tract 5406, Los Angeles County, California",5102,4701,4595,-401,-106,-507,-7.86,-2.25,-9.94,Los Angeles County
1400000US06037540700,"Census Tract 5407, Los Angeles County, California",3169,3205,3066,36,-139,-103,1.14,-4.34,-3.25,Los Angeles County
1400000US06037540800,"Census Tract 5408, Los Angeles County, California",5511,5364,5671,-147,307,160,-2.67,5.72,2.9,Los Angeles County
1400000US06037540901,"Census Tract 5409.01, Los Angeles County, California",4931,4956,5194,25,238,263,0.51,4.8,5.33,Los Angeles County
1400000US06037540902,"Census Tract 5409.02, Los Angeles County, California",4452,4419,4222,-33,-197,-230,-0.74,-4.46,-5.17,Los Angeles County
1400000US06037541003,"Census Tract 5410.03, Los Angeles County, California",4379,4838,4677,459,-161,298,10.48,-3.33,6.81,Los Angeles County
1400000US06037541100,"Census Tract 5411, Los Angeles County, California",3094,3161,3031,67,-130,-63,2.17,-4.11,-2.04,Los Angeles County
1400000US06037541200,"Census Tract 5412, Los Angeles County, California",6416,6330,6156,-86,-174,-260,-1.34,-2.75,-4.05,Los Angeles County
1400000US06037541300,"Census Tract 5413, Los Angeles County, California",5413,5511,5417,98,-94,4,1.81,-1.71,0.07,Los Angeles County
1400000US06037541401,"Census Tract 5414.01, Los Angeles County, California",3590,3594,3523,4,-71,-67,0.11,-1.98,-1.87,Los Angeles County
1400000US06037541402,"Census Tract 5414.02, Los Angeles County, California",3991,3725,3586,-266,-139,-405,-6.66,-3.73,-10.15,Los Angeles County
1400000US06037541500,"Census Tract 5415, Los Angeles County, California",5975,6084,5225,109,-859,-750,1.82,-14.12,-12.55,Los Angeles County
1400000US06037541603,"Census Tract 5416.03, Los Angeles County, California",3221,3110,2957,-111,-153,-264,-3.45,-4.92,-8.2,Los Angeles County
1400000US06037541604,"Census Tract 5416.04, Los Angeles County, California",5492,4755,5252,-737,497,-240,-13.42,10.45,-4.37,Los Angeles County
1400000US06037541605,"Census Tract 5416.05, Los Angeles County, California",5069,5031,5225,-38,194,156,-0.75,3.86,3.08,Los Angeles County
1400000US06037541606,"Census Tract 5416.06, Los Angeles County, California",2537,2720,2813,183,93,276,7.21,3.42,10.88,Los Angeles County
1400000US06037541700,"Census Tract 5417, Los Angeles County, California",6586,6372,6092,-214,-280,-494,-3.25,-4.39,-7.5,Los Angeles County
1400000US06037541801,"Census Tract 5418.01, Los Angeles County, California",5127,4954,5496,-173,542,369,-3.37,10.94,7.2,Los Angeles County
1400000US06037541802,"Census Tract 5418.02, Los Angeles County, California",5713,5193,4880,-520,-313,-833,-9.1,-6.03,-14.58,Los Angeles County
1400000US06037542000,"Census Tract 5420, Los Angeles County, California",4493,4821,5231,328,410,738,7.3,8.5,16.43,Los Angeles County
1400000US06037542103,"Census Tract 5421.03, Los Angeles County, California",3174,3051,3420,-123,369,246,-3.88,12.09,7.75,Los Angeles County
1400000US06037542104,"Census Tract 5421.04, Los Angeles County, California",4438,4347,4280,-91,-67,-158,-2.05,-1.54,-3.56,Los Angeles County
1400000US06037542105,"Census Tract 5421.05, Los Angeles County, California",5032,5192,5156,160,-36,124,3.18,-0.69,2.46,Los Angeles County
1400000US06037542106,"Census Tract 5421.06, Los Angeles County, California",2917,2762,2581,-155,-181,-336,-5.31,-6.55,-11.52,Los Angeles County
1400000US06037542200,"Census Tract 5422, Los Angeles County, California",6999,6839,7059,-160,220,60,-2.29,3.22,0.86,Los Angeles County
1400000US06037542401,"Census Tract 5424.01, Los Angeles County, California",4309,4458,4331,149,-127,22,3.46,-2.85,0.51,Los Angeles County
1400000US06037542402,"Census Tract 5424.02, Los Angeles County, California",3790,3868,3972,78,104,182,2.06,2.69,4.8,Los Angeles County
1400000US06037542501,"Census Tract 5425.01, Los Angeles County, California",4503,4461,4108,-42,-353,-395,-0.93,-7.91,-8.77,Los Angeles County
1400000US06037542502,"Census Tract 5425.02, Los Angeles County, California",5481,5357,5094,-124,-263,-387,-2.26,-4.91,-7.06,Los Angeles County
1400000US06037542601,"Census Tract 5426.01, Los Angeles County, California",3539,3514,3366,-25,-148,-173,-0.71,-4.21,-4.89,Los Angeles County
1400000US06037542602,"Census Tract 5426.02, Los Angeles County, California",5504,5534,5430,30,-104,-74,0.55,-1.88,-1.34,Los Angeles County
1400000US06037542700,"Census Tract 5427, Los Angeles County, California",5853,6032,5824,179,-208,-29,3.06,-3.45,-0.5,Los Angeles County
1400000US06037542800,"Census Tract 5428, Los Angeles County, California",2969,3205,3246,236,41,277,7.95,1.28,9.33,Los Angeles County
1400000US06037542900,"Census Tract 5429, Los Angeles County, California",3299,3328,3227,29,-101,-72,0.88,-3.03,-2.18,Los Angeles County
1400000US06037543000,"Census Tract 5430, Los Angeles County, California",4487,4542,3838,55,-704,-649,1.23,-15.5,-14.46,Los Angeles County
1400000US06037543100,"Census Tract 5431, Los Angeles County, California",7445,7503,6991,58,-512,-454,0.78,-6.82,-6.1,Los Angeles County
1400000US06037543201,"Census Tract 5432.01, Los Angeles County, California",3444,3529,3460,85,-69,16,2.47,-1.96,0.46,Los Angeles County
1400000US06037543203,"Census Tract 5432.03, Los Angeles County, California",4460,4329,4207,-131,-122,-253,-2.94,-2.82,-5.67,Los Angeles County
1400000US06037543304,"Census Tract 5433.04, Los Angeles County, California",6506,6886,6863,380,-23,357,5.84,-0.33,5.49,Los Angeles County
1400000US06037543305,"Census Tract 5433.05, Los Angeles County, California",3808,3802,3783,-6,-19,-25,-0.16,-0.5,-0.66,Los Angeles County
1400000US06037543306,"Census Tract 5433.06, Los Angeles County, California",7016,7006,7231,-10,225,215,-0.14,3.21,3.06,Los Angeles County
1400000US06037543321,"Census Tract 5433.21, Los Angeles County, California",5768,5829,5776,61,-53,8,1.06,-0.91,0.14,Los Angeles County
1400000US06037543322,"Census Tract 5433.22, Los Angeles County, California",7283,6937,7040,-346,103,-243,-4.75,1.48,-3.34,Los Angeles County
1400000US06037543400,"Census Tract 5434, Los Angeles County, California",3542,3755,3621,213,-134,79,6.01,-3.57,2.23,Los Angeles County
1400000US06037543501,"Census Tract 5435.01, Los Angeles County, California",6890,6136,6280,-754,144,-610,-10.94,2.35,-8.85,Los Angeles County
1400000US06037543502,"Census Tract 5435.02, Los Angeles County, California",4790,4786,4726,-4,-60,-64,-0.08,-1.25,-1.34,Los Angeles County
1400000US06037543503,"Census Tract 5435.03, Los Angeles County, California",5889,5880,5817,-9,-63,-72,-0.15,-1.07,-1.22,Los Angeles County
1400000US06037543601,"Census Tract 5436.01, Los Angeles County, California",4334,4752,4635,418,-117,301,9.64,-2.46,6.95,Los Angeles County
1400000US06037543603,"Census Tract 5436.03, Los Angeles County, California",4170,3914,3810,-256,-104,-360,-6.14,-2.66,-8.63,Los Angeles County
1400000US06037543605,"Census Tract 5436.05, Los Angeles County, California",4042,3855,4082,-187,227,40,-4.63,5.89,0.99,Los Angeles County
1400000US06037543606,"Census Tract 5436.06, Los Angeles County, California",3806,3589,3805,-217,216,-1,-5.7,6.02,-0.03,Los Angeles County
1400000US06037543607,"Census Tract 5436.07, Los Angeles County, California",5112,5415,5123,303,-292,11,5.93,-5.39,0.22,Los Angeles County
1400000US06037543701,"Census Tract 5437.01, Los Angeles County, California",3104,3307,3096,203,-211,-8,6.54,-6.38,-0.26,Los Angeles County
1400000US06037543703,"Census Tract 5437.03, Los Angeles County, California",3621,3864,4137,243,273,516,6.71,7.07,14.25,Los Angeles County
1400000US06037543704,"Census Tract 5437.04, Los Angeles County, California",2836,3018,3227,182,209,391,6.42,6.93,13.79,Los Angeles County
1400000US06037543705,"Census Tract 5437.05, Los Angeles County, California",3281,3440,3318,159,-122,37,4.85,-3.55,1.13,Los Angeles County
1400000US06037543801,"Census Tract 5438.01, Los Angeles County, California",4573,4831,4805,258,-26,232,5.64,-0.54,5.07,Los Angeles County
1400000US06037543803,"Census Tract 5438.03, Los Angeles County, California",3969,4178,4232,209,54,263,5.27,1.29,6.63,Los Angeles County
1400000US06037543804,"Census Tract 5438.04, Los Angeles County, California",2887,3737,4243,850,506,1356,29.44,13.54,46.97,Los Angeles County
1400000US06037543903,"Census Tract 5439.03, Los Angeles County, California",3536,3764,3852,228,88,316,6.45,2.34,8.94,Los Angeles County
1400000US06037543905,"Census Tract 5439.05, Los Angeles County, California",4408,4879,4556,471,-323,148,10.69,-6.62,3.36,Los Angeles County
1400000US06037544001,"Census Tract 5440.01, Los Angeles County, California",4399,4580,4079,181,-501,-320,4.11,-10.94,-7.27,Los Angeles County
1400000US06037544002,"Census Tract 5440.02, Los Angeles County, California",3717,3836,3740,119,-96,23,3.2,-2.5,0.62,Los Angeles County
1400000US06037550101,"Census Tract 5501.01, Los Angeles County, California",4163,4046,3820,-117,-226,-343,-2.81,-5.59,-8.24,Los Angeles County
1400000US06037550201,"Census Tract 5502.01, Los Angeles County, California",2973,3002,2979,29,-23,6,0.98,-0.77,0.2,Los Angeles County
1400000US06037550202,"Census Tract 5502.02, Los Angeles County, California",5611,5394,5253,-217,-141,-358,-3.87,-2.61,-6.38,Los Angeles County
1400000US06037550301,"Census Tract 5503.01, Los Angeles County, California",5030,5274,4631,244,-643,-399,4.85,-12.19,-7.93,Los Angeles County
1400000US06037550501,"Census Tract 5505.01, Los Angeles County, California",3674,3832,3901,158,69,227,4.3,1.8,6.18,Los Angeles County
1400000US06037550502,"Census Tract 5505.02, Los Angeles County, California",4165,3992,4225,-173,233,60,-4.15,5.84,1.44,Los Angeles County
1400000US06037550601,"Census Tract 5506.01, Los Angeles County, California",6385,6557,6363,172,-194,-22,2.69,-2.96,-0.34,Los Angeles County
1400000US06037550602,"Census Tract 5506.02, Los Angeles County, California",3951,3949,4036,-2,87,85,-0.05,2.2,2.15,Los Angeles County
1400000US06037550700,"Census Tract 5507, Los Angeles County, California",6311,6770,6466,459,-304,155,7.27,-4.49,2.46,Los Angeles County
1400000US06037550801,"Census Tract 5508.01, Los Angeles County, California",4939,4855,4686,-84,-169,-253,-1.7,-3.48,-5.12,Los Angeles County
1400000US06037550802,"Census Tract 5508.02, Los Angeles County, California",2239,2151,2038,-88,-113,-201,-3.93,-5.25,-8.98,Los Angeles County
1400000US06037550901,"Census Tract 5509.01, Los Angeles County, California",4405,4629,4868,224,239,463,5.09,5.16,10.51,Los Angeles County
1400000US06037550902,"Census Tract 5509.02, Los Angeles County, California",5350,5603,5710,253,107,360,4.73,1.91,6.73,Los Angeles County
1400000US06037551001,"Census Tract 5510.01, Los Angeles County, California",2966,3003,2913,37,-90,-53,1.25,-3,-1.79,Los Angeles County
1400000US06037551002,"Census Tract 5510.02, Los Angeles County, California",4235,4166,4250,-69,84,15,-1.63,2.02,0.35,Los Angeles County
1400000US06037551101,"Census Tract 5511.01, Los Angeles County, California",3738,3971,3913,233,-58,175,6.23,-1.46,4.68,Los Angeles County
1400000US06037551102,"Census Tract 5511.02, Los Angeles County, California",5546,5341,5419,-205,78,-127,-3.7,1.46,-2.29,Los Angeles County
1400000US06037551201,"Census Tract 5512.01, Los Angeles County, California",3529,3739,3652,210,-87,123,5.95,-2.33,3.49,Los Angeles County
1400000US06037551203,"Census Tract 5512.03, Los Angeles County, California",3747,4067,3778,320,-289,31,8.54,-7.11,0.83,Los Angeles County
1400000US06037551204,"Census Tract 5512.04, Los Angeles County, California",3390,3387,3530,-3,143,140,-0.09,4.22,4.13,Los Angeles County
1400000US06037551300,"Census Tract 5513, Los Angeles County, California",5708,5905,5954,197,49,246,3.45,0.83,4.31,Los Angeles County
1400000US06037551401,"Census Tract 5514.01, Los Angeles County, California",4141,4223,4150,82,-73,9,1.98,-1.73,0.22,Los Angeles County
1400000US06037551402,"Census Tract 5514.02, Los Angeles County, California",4973,5273,5326,300,53,353,6.03,1.01,7.1,Los Angeles County
1400000US06037551501,"Census Tract 5515.01, Los Angeles County, California",4742,5006,4675,264,-331,-67,5.57,-6.61,-1.41,Los Angeles County
1400000US06037551502,"Census Tract 5515.02, Los Angeles County, California",4885,5072,4797,187,-275,-88,3.83,-5.42,-1.8,Los Angeles County
1400000US06037551700,"Census Tract 5517, Los Angeles County, California",6066,6357,6208,291,-149,142,4.8,-2.34,2.34,Los Angeles County
1400000US06037551801,"Census Tract 5518.01, Los Angeles County, California",3122,3221,3180,99,-41,58,3.17,-1.27,1.86,Los Angeles County
1400000US06037551802,"Census Tract 5518.02, Los Angeles County, California",4081,4297,4002,216,-295,-79,5.29,-6.87,-1.94,Los Angeles County
1400000US06037551900,"Census Tract 5519, Los Angeles County, California",5290,5374,5286,84,-88,-4,1.59,-1.64,-0.08,Los Angeles County
1400000US06037552001,"Census Tract 5520.01, Los Angeles County, California",4143,3963,3956,-180,-7,-187,-4.34,-0.18,-4.51,Los Angeles County
1400000US06037552002,"Census Tract 5520.02, Los Angeles County, California",3379,3487,3457,108,-30,78,3.2,-0.86,2.31,Los Angeles County
1400000US06037552100,"Census Tract 5521, Los Angeles County, California",6570,6292,5964,-278,-328,-606,-4.23,-5.21,-9.22,Los Angeles County
1400000US06037552200,"Census Tract 5522, Los Angeles County, California",5804,5771,5780,-33,9,-24,-0.57,0.16,-0.41,Los Angeles County
1400000US06037552301,"Census Tract 5523.01, Los Angeles County, California",4376,4264,4494,-112,230,118,-2.56,5.39,2.7,Los Angeles County
1400000US06037552302,"Census Tract 5523.02, Los Angeles County, California",4304,4192,4260,-112,68,-44,-2.6,1.62,-1.02,Los Angeles County
1400000US06037552400,"Census Tract 5524, Los Angeles County, California",2339,2389,2367,50,-22,28,2.14,-0.92,1.2,Los Angeles County
1400000US06037552601,"Census Tract 5526.01, Los Angeles County, California",5560,5574,5487,14,-87,-73,0.25,-1.56,-1.31,Los Angeles County
1400000US06037552602,"Census Tract 5526.02, Los Angeles County, California",3974,3640,3677,-334,37,-297,-8.4,1.02,-7.47,Los Angeles County
1400000US06037552700,"Census Tract 5527, Los Angeles County, California",6712,6578,6568,-134,-10,-144,-2,-0.15,-2.15,Los Angeles County
1400000US06037552800,"Census Tract 5528, Los Angeles County, California",5771,6004,5850,233,-154,79,4.04,-2.56,1.37,Los Angeles County
1400000US06037552900,"Census Tract 5529, Los Angeles County, California",7286,6497,6466,-789,-31,-820,-10.83,-0.48,-11.25,Los Angeles County
1400000US06037553000,"Census Tract 5530, Los Angeles County, California",4988,5145,5155,157,10,167,3.15,0.19,3.35,Los Angeles County
1400000US06037553100,"Census Tract 5531, Los Angeles County, California",6737,7038,6686,301,-352,-51,4.47,-5,-0.76,Los Angeles County
1400000US06037553201,"Census Tract 5532.01, Los Angeles County, California",3969,4111,4057,142,-54,88,3.58,-1.31,2.22,Los Angeles County
1400000US06037553202,"Census Tract 5532.02, Los Angeles County, California",3526,3354,3552,-172,198,26,-4.88,5.9,0.74,Los Angeles County
1400000US06037553300,"Census Tract 5533, Los Angeles County, California",3211,3255,3511,44,256,300,1.37,7.86,9.34,Los Angeles County
1400000US06037553400,"Census Tract 5534, Los Angeles County, California",3497,3652,3789,155,137,292,4.43,3.75,8.35,Los Angeles County
1400000US06037553502,"Census Tract 5535.02, Los Angeles County, California",3920,3906,4014,-14,108,94,-0.36,2.76,2.4,Los Angeles County
1400000US06037553503,"Census Tract 5535.03, Los Angeles County, California",3330,3268,3236,-62,-32,-94,-1.86,-0.98,-2.82,Los Angeles County
1400000US06037553504,"Census Tract 5535.04, Los Angeles County, California",4998,4860,4756,-138,-104,-242,-2.76,-2.14,-4.84,Los Angeles County
1400000US06037553601,"Census Tract 5536.01, Los Angeles County, California",4542,4880,4732,338,-148,190,7.44,-3.03,4.18,Los Angeles County
1400000US06037553602,"Census Tract 5536.02, Los Angeles County, California",4568,5087,4844,519,-243,276,11.36,-4.78,6.04,Los Angeles County
1400000US06037553701,"Census Tract 5537.01, Los Angeles County, California",4056,3884,3922,-172,38,-134,-4.24,0.98,-3.3,Los Angeles County
1400000US06037553702,"Census Tract 5537.02, Los Angeles County, California",4600,4707,4758,107,51,158,2.33,1.08,3.43,Los Angeles County
1400000US06037553801,"Census Tract 5538.01, Los Angeles County, California",4575,4241,4397,-334,156,-178,-7.3,3.68,-3.89,Los Angeles County
1400000US06037553802,"Census Tract 5538.02, Los Angeles County, California",7229,6959,6492,-270,-467,-737,-3.73,-6.71,-10.2,Los Angeles County
1400000US06037553901,"Census Tract 5539.01, Los Angeles County, California",6502,6344,6278,-158,-66,-224,-2.43,-1.04,-3.45,Los Angeles County
1400000US06037553902,"Census Tract 5539.02, Los Angeles County, California",5629,5768,5826,139,58,197,2.47,1.01,3.5,Los Angeles County
1400000US06037554001,"Census Tract 5540.01, Los Angeles County, California",4143,4447,4503,304,56,360,7.34,1.26,8.69,Los Angeles County
1400000US06037554002,"Census Tract 5540.02, Los Angeles County, California",5301,5636,6005,335,369,704,6.32,6.55,13.28,Los Angeles County
1400000US06037554101,"Census Tract 5541.01, Los Angeles County, California",3181,3237,3164,56,-73,-17,1.76,-2.26,-0.53,Los Angeles County
1400000US06037554105,"Census Tract 5541.05, Los Angeles County, California",4594,4648,4409,54,-239,-185,1.18,-5.14,-4.03,Los Angeles County
1400000US06037554106,"Census Tract 5541.06, Los Angeles County, California",3810,3983,3998,173,15,188,4.54,0.38,4.93,Los Angeles County
1400000US06037554201,"Census Tract 5542.01, Los Angeles County, California",3890,3772,3599,-118,-173,-291,-3.03,-4.59,-7.48,Los Angeles County
1400000US06037554203,"Census Tract 5542.03, Los Angeles County, California",3877,4067,3874,190,-193,-3,4.9,-4.75,-0.08,Los Angeles County
1400000US06037554204,"Census Tract 5542.04, Los Angeles County, California",4705,4914,4668,209,-246,-37,4.44,-5.01,-0.79,Los Angeles County
1400000US06037554301,"Census Tract 5543.01, Los Angeles County, California",3412,3417,3426,5,9,14,0.15,0.26,0.41,Los Angeles County
1400000US06037554302,"Census Tract 5543.02, Los Angeles County, California",4384,4665,4162,281,-503,-222,6.41,-10.78,-5.06,Los Angeles County
1400000US06037554403,"Census Tract 5544.03, Los Angeles County, California",5564,5593,5610,29,17,46,0.52,0.3,0.83,Los Angeles County
1400000US06037554404,"Census Tract 5544.04, Los Angeles County, California",4286,4669,4673,383,4,387,8.94,0.09,9.03,Los Angeles County
1400000US06037554405,"Census Tract 5544.05, Los Angeles County, California",3543,3554,3566,11,12,23,0.31,0.34,0.65,Los Angeles County
1400000US06037554406,"Census Tract 5544.06, Los Angeles County, California",4206,4710,4889,504,179,683,11.98,3.8,16.24,Los Angeles County
1400000US06037554511,"Census Tract 5545.11, Los Angeles County, California",4096,4045,4078,-51,33,-18,-1.25,0.82,-0.44,Los Angeles County
1400000US06037554512,"Census Tract 5545.12, Los Angeles County, California",6336,6579,6739,243,160,403,3.84,2.43,6.36,Los Angeles County
1400000US06037554513,"Census Tract 5545.13, Los Angeles County, California",2630,2575,2498,-55,-77,-132,-2.09,-2.99,-5.02,Los Angeles County
1400000US06037554514,"Census Tract 5545.14, Los Angeles County, California",4784,4776,4493,-8,-283,-291,-0.17,-5.93,-6.08,Los Angeles County
1400000US06037554515,"Census Tract 5545.15, Los Angeles County, California",3341,3338,3297,-3,-41,-44,-0.09,-1.23,-1.32,Los Angeles County
1400000US06037554516,"Census Tract 5545.16, Los Angeles County, California",3872,3721,3853,-151,132,-19,-3.9,3.55,-0.49,Los Angeles County
1400000US06037554517,"Census Tract 5545.17, Los Angeles County, California",4353,4323,4402,-30,79,49,-0.69,1.83,1.13,Los Angeles County
1400000US06037554518,"Census Tract 5545.18, Los Angeles County, California",5129,5296,5135,167,-161,6,3.26,-3.04,0.12,Los Angeles County
1400000US06037554519,"Census Tract 5545.19, Los Angeles County, California",3671,3607,3393,-64,-214,-278,-1.74,-5.93,-7.57,Los Angeles County
1400000US06037554521,"Census Tract 5545.21, Los Angeles County, California",6072,6221,6149,149,-72,77,2.45,-1.16,1.27,Los Angeles County
1400000US06037554522,"Census Tract 5545.22, Los Angeles County, California",5104,5149,4979,45,-170,-125,0.88,-3.3,-2.45,Los Angeles County
1400000US06037554600,"Census Tract 5546, Los Angeles County, California",4074,4242,3987,168,-255,-87,4.12,-6.01,-2.14,Los Angeles County
1400000US06037554700,"Census Tract 5547, Los Angeles County, California",4112,4201,4167,89,-34,55,2.16,-0.81,1.34,Los Angeles County
1400000US06037554801,"Census Tract 5548.01, Los Angeles County, California",2964,2724,2890,-240,166,-74,-8.1,6.09,-2.5,Los Angeles County
1400000US06037554802,"Census Tract 5548.02, Los Angeles County, California",6201,5973,6229,-228,256,28,-3.68,4.29,0.45,Los Angeles County
1400000US06037554900,"Census Tract 5549, Los Angeles County, California",7291,7693,7118,402,-575,-173,5.51,-7.47,-2.37,Los Angeles County
1400000US06037555001,"Census Tract 5550.01, Los Angeles County, California",5215,5339,5379,124,40,164,2.38,0.75,3.14,Los Angeles County
1400000US06037555002,"Census Tract 5550.02, Los Angeles County, California",3705,3894,3947,189,53,242,5.1,1.36,6.53,Los Angeles County
1400000US06037555105,"Census Tract 5551.05, Los Angeles County, California",5667,5943,6069,276,126,402,4.87,2.12,7.09,Los Angeles County
1400000US06037555106,"Census Tract 5551.06, Los Angeles County, California",2903,2882,2727,-21,-155,-176,-0.72,-5.38,-6.06,Los Angeles County
1400000US06037555107,"Census Tract 5551.07, Los Angeles County, California",5990,6093,5620,103,-473,-370,1.72,-7.76,-6.18,Los Angeles County
1400000US06037555202,"Census Tract 5552.02, Los Angeles County, California",3965,3829,3793,-136,-36,-172,-3.43,-0.94,-4.34,Los Angeles County
1400000US06037555211,"Census Tract 5552.11, Los Angeles County, California",5835,5588,5626,-247,38,-209,-4.23,0.68,-3.58,Los Angeles County
1400000US06037555212,"Census Tract 5552.12, Los Angeles County, California",5474,5708,5658,234,-50,184,4.27,-0.88,3.36,Los Angeles County
1400000US06037555300,"Census Tract 5553, Los Angeles County, California",5195,5015,5275,-180,260,80,-3.46,5.18,1.54,Los Angeles County
1400000US06037570001,"Census Tract 5700.01, Los Angeles County, California",5017,4871,4523,-146,-348,-494,-2.91,-7.14,-9.85,Los Angeles County
1400000US06037570002,"Census Tract 5700.02, Los Angeles County, California",2501,2599,2588,98,-11,87,3.92,-0.42,3.48,Los Angeles County
1400000US06037570003,"Census Tract 5700.03, Los Angeles County, California",4011,4402,4039,391,-363,28,9.75,-8.25,0.7,Los Angeles County
1400000US06037570100,"Census Tract 5701, Los Angeles County, California",2982,3282,3458,300,176,476,10.06,5.36,15.96,Los Angeles County
1400000US06037570202,"Census Tract 5702.02, Los Angeles County, California",6214,6552,6479,338,-73,265,5.44,-1.11,4.26,Los Angeles County
1400000US06037570203,"Census Tract 5702.03, Los Angeles County, California",4069,4432,4132,363,-300,63,8.92,-6.77,1.55,Los Angeles County
1400000US06037570204,"Census Tract 5702.04, Los Angeles County, California",4511,4581,4755,70,174,244,1.55,3.8,5.41,Los Angeles County
1400000US06037570303,"Census Tract 5703.03, Los Angeles County, California",4552,4576,4614,24,38,62,0.53,0.83,1.36,Los Angeles County
1400000US06037570304,"Census Tract 5703.04, Los Angeles County, California",4899,4968,5185,69,217,286,1.41,4.37,5.84,Los Angeles County
1400000US06037570305,"Census Tract 5703.05, Los Angeles County, California",4060,4163,4204,103,41,144,2.54,0.98,3.55,Los Angeles County
1400000US06037570306,"Census Tract 5703.06, Los Angeles County, California",2906,2930,3222,24,292,316,0.83,9.97,10.87,Los Angeles County
1400000US06037570402,"Census Tract 5704.02, Los Angeles County, California",3376,3572,3248,196,-324,-128,5.81,-9.07,-3.79,Los Angeles County
1400000US06037570403,"Census Tract 5704.03, Los Angeles County, California",4196,4116,3711,-80,-405,-485,-1.91,-9.84,-11.56,Los Angeles County
1400000US06037570404,"Census Tract 5704.04, Los Angeles County, California",3980,3901,3972,-79,71,-8,-1.98,1.82,-0.2,Los Angeles County
1400000US06037570502,"Census Tract 5705.02, Los Angeles County, California",6027,6259,6026,232,-233,-1,3.85,-3.72,-0.02,Los Angeles County
1400000US06037570503,"Census Tract 5705.03, Los Angeles County, California",4624,4121,3903,-503,-218,-721,-10.88,-5.29,-15.59,Los Angeles County
1400000US06037570504,"Census Tract 5705.04, Los Angeles County, California",3838,3815,3793,-23,-22,-45,-0.6,-0.58,-1.17,Los Angeles County
1400000US06037570601,"Census Tract 5706.01, Los Angeles County, California",5925,6243,6205,318,-38,280,5.37,-0.61,4.73,Los Angeles County
1400000US06037570602,"Census Tract 5706.02, Los Angeles County, California",5692,5498,5624,-194,126,-68,-3.41,2.29,-1.19,Los Angeles County
1400000US06037570603,"Census Tract 5706.03, Los Angeles County, California",4964,5130,5331,166,201,367,3.34,3.92,7.39,Los Angeles County
1400000US06037570701,"Census Tract 5707.01, Los Angeles County, California",7545,7866,7674,321,-192,129,4.25,-2.44,1.71,Los Angeles County
1400000US06037570703,"Census Tract 5707.03, Los Angeles County, California",2826,2922,3055,96,133,229,3.4,4.55,8.1,Los Angeles County
1400000US06037570800,"Census Tract 5708, Los Angeles County, California",5364,5674,5488,310,-186,124,5.78,-3.28,2.31,Los Angeles County
1400000US06037570901,"Census Tract 5709.01, Los Angeles County, California",5684,5900,5858,216,-42,174,3.8,-0.71,3.06,Los Angeles County
1400000US06037570902,"Census Tract 5709.02, Los Angeles County, California",3395,3496,3349,101,-147,-46,2.97,-4.2,-1.35,Los Angeles County
1400000US06037571000,"Census Tract 5710, Los Angeles County, California",5437,5674,5571,237,-103,134,4.36,-1.82,2.46,Los Angeles County
1400000US06037571101,"Census Tract 5711.01, Los Angeles County, California",4922,5049,4904,127,-145,-18,2.58,-2.87,-0.37,Los Angeles County
1400000US06037571102,"Census Tract 5711.02, Los Angeles County, California",3450,3525,3699,75,174,249,2.17,4.94,7.22,Los Angeles County
1400000US06037571201,"Census Tract 5712.01, Los Angeles County, California",3884,3919,3843,35,-76,-41,0.9,-1.94,-1.06,Los Angeles County
1400000US06037571202,"Census Tract 5712.02, Los Angeles County, California",4028,3999,3921,-29,-78,-107,-0.72,-1.95,-2.66,Los Angeles County
1400000US06037571300,"Census Tract 5713, Los Angeles County, California",4258,4391,4784,133,393,526,3.12,8.95,12.35,Los Angeles County
1400000US06037571400,"Census Tract 5714, Los Angeles County, California",4761,4876,5018,115,142,257,2.42,2.91,5.4,Los Angeles County
1400000US06037571502,"Census Tract 5715.02, Los Angeles County, California",4779,5051,5033,272,-18,254,5.69,-0.36,5.31,Los Angeles County
1400000US06037571504,"Census Tract 5715.04, Los Angeles County, California",4901,5145,5030,244,-115,129,4.98,-2.24,2.63,Los Angeles County
1400000US06037571505,"Census Tract 5715.05, Los Angeles County, California",3034,3149,3229,115,80,195,3.79,2.54,6.43,Los Angeles County
1400000US06037571600,"Census Tract 5716, Los Angeles County, California",2314,2299,2222,-15,-77,-92,-0.65,-3.35,-3.98,Los Angeles County
1400000US06037571701,"Census Tract 5717.01, Los Angeles County, California",6647,6800,6655,153,-145,8,2.3,-2.13,0.12,Los Angeles County
1400000US06037571703,"Census Tract 5717.03, Los Angeles County, California",3367,3388,3462,21,74,95,0.62,2.18,2.82,Los Angeles County
1400000US06037571704,"Census Tract 5717.04, Los Angeles County, California",4026,3896,3783,-130,-113,-243,-3.23,-2.9,-6.04,Los Angeles County
1400000US06037571800,"Census Tract 5718, Los Angeles County, California",3176,3305,3217,129,-88,41,4.06,-2.66,1.29,Los Angeles County
1400000US06037571900,"Census Tract 5719, Los Angeles County, California",5403,5676,5896,273,220,493,5.05,3.88,9.12,Los Angeles County
1400000US06037572001,"Census Tract 5720.01, Los Angeles County, California",6201,6267,6205,66,-62,4,1.06,-0.99,0.06,Los Angeles County
1400000US06037572201,"Census Tract 5722.01, Los Angeles County, California",6038,5553,5705,-485,152,-333,-8.03,2.74,-5.52,Los Angeles County
1400000US06037572202,"Census Tract 5722.02, Los Angeles County, California",3297,3375,3439,78,64,142,2.37,1.9,4.31,Los Angeles County
1400000US06037572301,"Census Tract 5723.01, Los Angeles County, California",3764,3805,3728,41,-77,-36,1.09,-2.02,-0.96,Los Angeles County
1400000US06037572500,"Census Tract 5725, Los Angeles County, California",3973,3681,3693,-292,12,-280,-7.35,0.33,-7.05,Los Angeles County
1400000US06037572600,"Census Tract 5726, Los Angeles County, California",5058,4923,4849,-135,-74,-209,-2.67,-1.5,-4.13,Los Angeles County
1400000US06037572700,"Census Tract 5727, Los Angeles County, California",4850,5361,5194,511,-167,344,10.54,-3.12,7.09,Los Angeles County
1400000US06037573002,"Census Tract 5730.02, Los Angeles County, California",3721,3464,3761,-257,297,40,-6.91,8.57,1.07,Los Angeles County
1400000US06037573003,"Census Tract 5730.03, Los Angeles County, California",1788,1813,1720,25,-93,-68,1.4,-5.13,-3.8,Los Angeles County
1400000US06037573004,"Census Tract 5730.04, Los Angeles County, California",4866,4977,4855,111,-122,-11,2.28,-2.45,-0.23,Los Angeles County
1400000US06037573101,"Census Tract 5731.01, Los Angeles County, California",4741,4583,4452,-158,-131,-289,-3.33,-2.86,-6.1,Los Angeles County
1400000US06037573102,"Census Tract 5731.02, Los Angeles County, California",2785,2795,2751,10,-44,-34,0.36,-1.57,-1.22,Los Angeles County
1400000US06037573201,"Census Tract 5732.01, Los Angeles County, California",4339,4422,3977,83,-445,-362,1.91,-10.06,-8.34,Los Angeles County
1400000US06037573202,"Census Tract 5732.02, Los Angeles County, California",6348,6685,6654,337,-31,306,5.31,-0.46,4.82,Los Angeles County
1400000US06037573300,"Census Tract 5733, Los Angeles County, California",4112,4203,3856,91,-347,-256,2.21,-8.26,-6.23,Los Angeles County
1400000US06037573401,"Census Tract 5734.01, Los Angeles County, California",1458,1561,1507,103,-54,49,7.06,-3.46,3.36,Los Angeles County
1400000US06037573402,"Census Tract 5734.02, Los Angeles County, California",6778,7045,6929,267,-116,151,3.94,-1.65,2.23,Los Angeles County
1400000US06037573403,"Census Tract 5734.03, Los Angeles County, California",3194,3174,3242,-20,68,48,-0.63,2.14,1.5,Los Angeles County
1400000US06037573601,"Census Tract 5736.01, Los Angeles County, California",6522,6335,6370,-187,35,-152,-2.87,0.55,-2.33,Los Angeles County
1400000US06037573700,"Census Tract 5737, Los Angeles County, California",5091,5177,5410,86,233,319,1.69,4.5,6.27,Los Angeles County
1400000US06037573800,"Census Tract 5738, Los Angeles County, California",4335,4359,4197,24,-162,-138,0.55,-3.72,-3.18,Los Angeles County
1400000US06037573902,"Census Tract 5739.02, Los Angeles County, California",1981,2012,2130,31,118,149,1.56,5.86,7.52,Los Angeles County
1400000US06037574000,"Census Tract 5740, Los Angeles County, California",5086,5182,5178,96,-4,92,1.89,-0.08,1.81,Los Angeles County
1400000US06037574100,"Census Tract 5741, Los Angeles County, California",5058,5227,5307,169,80,249,3.34,1.53,4.92,Los Angeles County
1400000US06037574201,"Census Tract 5742.01, Los Angeles County, California",3001,3089,3141,88,52,140,2.93,1.68,4.67,Los Angeles County
1400000US06037574202,"Census Tract 5742.02, Los Angeles County, California",2400,2376,2364,-24,-12,-36,-1,-0.51,-1.5,Los Angeles County
1400000US06037574300,"Census Tract 5743, Los Angeles County, California",5942,6182,6323,240,141,381,4.04,2.28,6.41,Los Angeles County
1400000US06037574400,"Census Tract 5744, Los Angeles County, California",5509,5790,5656,281,-134,147,5.1,-2.31,2.67,Los Angeles County
1400000US06037574500,"Census Tract 5745, Los Angeles County, California",6625,6793,6582,168,-211,-43,2.54,-3.11,-0.65,Los Angeles County
1400000US06037574602,"Census Tract 5746.02, Los Angeles County, California",1273,1311,1284,38,-27,11,2.99,-2.06,0.86,Los Angeles County
1400000US06037574800,"Census Tract 5748, Los Angeles County, California",3069,3130,3044,61,-86,-25,1.99,-2.75,-0.81,Los Angeles County
1400000US06037574901,"Census Tract 5749.01, Los Angeles County, California",3897,3849,3867,-48,18,-30,-1.23,0.47,-0.77,Los Angeles County
1400000US06037574902,"Census Tract 5749.02, Los Angeles County, California",5481,5642,5471,161,-171,-10,2.94,-3.03,-0.18,Los Angeles County
1400000US06037575001,"Census Tract 5750.01, Los Angeles County, California",4283,4295,4108,12,-187,-175,0.28,-4.35,-4.09,Los Angeles County
1400000US06037575002,"Census Tract 5750.02, Los Angeles County, California",4583,4497,4451,-86,-46,-132,-1.88,-1.02,-2.88,Los Angeles County
1400000US06037575101,"Census Tract 5751.01, Los Angeles County, California",4231,4210,4115,-21,-95,-116,-0.5,-2.26,-2.74,Los Angeles County
1400000US06037575102,"Census Tract 5751.02, Los Angeles County, California",4066,4336,4247,270,-89,181,6.64,-2.05,4.45,Los Angeles County
1400000US06037575103,"Census Tract 5751.03, Los Angeles County, California",5131,5239,4980,108,-259,-151,2.1,-4.94,-2.94,Los Angeles County
1400000US06037575201,"Census Tract 5752.01, Los Angeles County, California",4745,4986,4823,241,-163,78,5.08,-3.27,1.64,Los Angeles County
1400000US06037575202,"Census Tract 5752.02, Los Angeles County, California",3796,3851,3759,55,-92,-37,1.45,-2.39,-0.97,Los Angeles County
1400000US06037575300,"Census Tract 5753, Los Angeles County, California",4382,4379,4188,-3,-191,-194,-0.07,-4.36,-4.43,Los Angeles County
1400000US06037575401,"Census Tract 5754.01, Los Angeles County, California",4602,4714,4437,112,-277,-165,2.43,-5.88,-3.59,Los Angeles County
1400000US06037575402,"Census Tract 5754.02, Los Angeles County, California",3935,3878,3757,-57,-121,-178,-1.45,-3.12,-4.52,Los Angeles County
1400000US06037575801,"Census Tract 5758.01, Los Angeles County, California",2240,2270,2399,30,129,159,1.34,5.68,7.1,Los Angeles County
1400000US06037575802,"Census Tract 5758.02, Los Angeles County, California",5499,5171,4536,-328,-635,-963,-5.96,-12.28,-17.51,Los Angeles County
1400000US06037575803,"Census Tract 5758.03, Los Angeles County, California",3205,3175,2685,-30,-490,-520,-0.94,-15.43,-16.22,Los Angeles County
1400000US06037575901,"Census Tract 5759.01, Los Angeles County, California",3695,3675,3726,-20,51,31,-0.54,1.39,0.84,Los Angeles County
1400000US06037575902,"Census Tract 5759.02, Los Angeles County, California",5411,4953,5286,-458,333,-125,-8.46,6.72,-2.31,Los Angeles County
1400000US06037576001,"Census Tract 5760.01, Los Angeles County, California",5416,5173,5499,-243,326,83,-4.49,6.3,1.53,Los Angeles County
1400000US06037576200,"Census Tract 5762, Los Angeles County, California",5079,5049,5277,-30,228,198,-0.59,4.52,3.9,Los Angeles County
1400000US06037576301,"Census Tract 5763.01, Los Angeles County, California",4409,4669,4725,260,56,316,5.9,1.2,7.17,Los Angeles County
1400000US06037576302,"Census Tract 5763.02, Los Angeles County, California",3526,3318,3278,-208,-40,-248,-5.9,-1.21,-7.03,Los Angeles County
1400000US06037576401,"Census Tract 5764.01, Los Angeles County, California",5172,4578,4338,-594,-240,-834,-11.48,-5.24,-16.13,Los Angeles County
1400000US06037576402,"Census Tract 5764.02, Los Angeles County, California",4805,4760,4272,-45,-488,-533,-0.94,-10.25,-11.09,Los Angeles County
1400000US06037576403,"Census Tract 5764.03, Los Angeles County, California",5043,5303,5256,260,-47,213,5.16,-0.89,4.22,Los Angeles County
1400000US06037576501,"Census Tract 5765.01, Los Angeles County, California",2986,3186,2905,200,-281,-81,6.7,-8.82,-2.71,Los Angeles County
1400000US06037576502,"Census Tract 5765.02, Los Angeles County, California",5176,5111,5152,-65,41,-24,-1.26,0.8,-0.46,Los Angeles County
1400000US06037576503,"Census Tract 5765.03, Los Angeles County, California",3941,4039,3927,98,-112,-14,2.49,-2.77,-0.36,Los Angeles County
1400000US06037576601,"Census Tract 5766.01, Los Angeles County, California",3758,3894,3961,136,67,203,3.62,1.72,5.4,Los Angeles County
1400000US06037576602,"Census Tract 5766.02, Los Angeles County, California",4781,4876,4829,95,-47,48,1.99,-0.96,1,Los Angeles County
1400000US06037576700,"Census Tract 5767, Los Angeles County, California",4015,4120,3968,105,-152,-47,2.62,-3.69,-1.17,Los Angeles County
1400000US06037576801,"Census Tract 5768.01, Los Angeles County, California",3699,3780,3734,81,-46,35,2.19,-1.22,0.95,Los Angeles County
1400000US06037576802,"Census Tract 5768.02, Los Angeles County, California",3938,4039,4413,101,374,475,2.56,9.26,12.06,Los Angeles County
1400000US06037576901,"Census Tract 5769.01, Los Angeles County, California",4992,5165,5136,173,-29,144,3.47,-0.56,2.88,Los Angeles County
1400000US06037576903,"Census Tract 5769.03, Los Angeles County, California",3327,3371,3491,44,120,164,1.32,3.56,4.93,Los Angeles County
1400000US06037576904,"Census Tract 5769.04, Los Angeles County, California",3050,3099,2970,49,-129,-80,1.61,-4.16,-2.62,Los Angeles County
1400000US06037577000,"Census Tract 5770, Los Angeles County, California",7064,6925,7149,-139,224,85,-1.97,3.23,1.2,Los Angeles County
1400000US06037577100,"Census Tract 5771, Los Angeles County, California",6966,7266,7370,300,104,404,4.31,1.43,5.8,Los Angeles County
1400000US06037577200,"Census Tract 5772, Los Angeles County, California",5758,5905,5770,147,-135,12,2.55,-2.29,0.21,Los Angeles County
1400000US06037577300,"Census Tract 5773, Los Angeles County, California",5594,5773,5899,179,126,305,3.2,2.18,5.45,Los Angeles County
1400000US06037577400,"Census Tract 5774, Los Angeles County, California",2771,2995,2880,224,-115,109,8.08,-3.84,3.93,Los Angeles County
1400000US06037577501,"Census Tract 5775.01, Los Angeles County, California",3398,3359,3318,-39,-41,-80,-1.15,-1.22,-2.35,Los Angeles County
1400000US06037577504,"Census Tract 5775.04, Los Angeles County, California",1420,1333,1281,-87,-52,-139,-6.13,-3.9,-9.79,Los Angeles County
1400000US06037577602,"Census Tract 5776.02, Los Angeles County, California",3016,3037,3209,21,172,193,0.7,5.66,6.4,Los Angeles County
1400000US06037577604,"Census Tract 5776.04, Los Angeles County, California",1632,1613,1578,-19,-35,-54,-1.16,-2.17,-3.31,Los Angeles County
1400000US06037577605,"Census Tract 5776.05, Los Angeles County, California",4301,4165,4760,-136,595,459,-3.16,14.29,10.67,Los Angeles County
1400000US06037577606,"Census Tract 5776.06, Los Angeles County, California",4067,3982,3998,-85,16,-69,-2.09,0.4,-1.7,Los Angeles County
1400000US06037577700,"Census Tract 5777, Los Angeles County, California",4516,4605,4652,89,47,136,1.97,1.02,3.01,Los Angeles County
1400000US06037577800,"Census Tract 5778, Los Angeles County, California",4659,4730,4624,71,-106,-35,1.52,-2.24,-0.75,Los Angeles County
1400000US06037577900,"Census Tract 5779, Los Angeles County, California",5754,5808,5669,54,-139,-85,0.94,-2.39,-1.48,Los Angeles County
1400000US06037578000,"Census Tract 5780, Los Angeles County, California",6380,6647,6358,267,-289,-22,4.18,-4.35,-0.34,Los Angeles County
1400000US06037578100,"Census Tract 5781, Los Angeles County, California",2371,2361,2285,-10,-76,-86,-0.42,-3.22,-3.63,Los Angeles County
1400000US06037599000,"Census Tract 5990, Los Angeles County, California",3696,3477,3369,-219,-108,-327,-5.93,-3.11,-8.85,Los Angeles County
1400000US06037599100,"Census Tract 5991, Los Angeles County, California",710,686,654,-24,-32,-56,-3.38,-4.66,-7.89,Los Angeles County
1400000US06037600100,"Census Tract 6001, Los Angeles County, California",7419,7320,6752,-99,-568,-667,-1.33,-7.76,-8.99,Los Angeles County
1400000US06037600201,"Census Tract 6002.01, Los Angeles County, California",4720,5228,5362,508,134,642,10.76,2.56,13.6,Los Angeles County
1400000US06037600202,"Census Tract 6002.02, Los Angeles County, California",7857,7585,7625,-272,40,-232,-3.46,0.53,-2.95,Los Angeles County
1400000US06037600302,"Census Tract 6003.02, Los Angeles County, California",3074,3281,3343,207,62,269,6.73,1.89,8.75,Los Angeles County
1400000US06037600303,"Census Tract 6003.03, Los Angeles County, California",4038,4234,4157,196,-77,119,4.85,-1.82,2.95,Los Angeles County
1400000US06037600304,"Census Tract 6003.04, Los Angeles County, California",4010,4062,4074,52,12,64,1.3,0.3,1.6,Los Angeles County
1400000US06037600400,"Census Tract 6004, Los Angeles County, California",4070,4203,4032,133,-171,-38,3.27,-4.07,-0.93,Los Angeles County
1400000US06037600501,"Census Tract 6005.01, Los Angeles County, California",2767,2739,2597,-28,-142,-170,-1.01,-5.18,-6.14,Los Angeles County
1400000US06037600601,"Census Tract 6006.01, Los Angeles County, California",2456,2526,2388,70,-138,-68,2.85,-5.46,-2.77,Los Angeles County
1400000US06037600602,"Census Tract 6006.02, Los Angeles County, California",2795,2734,2681,-61,-53,-114,-2.18,-1.94,-4.08,Los Angeles County
1400000US06037600702,"Census Tract 6007.02, Los Angeles County, California",4703,4657,4659,-46,2,-44,-0.98,0.04,-0.94,Los Angeles County
1400000US06037600703,"Census Tract 6007.03, Los Angeles County, California",1709,1671,1755,-38,84,46,-2.22,5.03,2.69,Los Angeles County
1400000US06037600704,"Census Tract 6007.04, Los Angeles County, California",3254,3279,2996,25,-283,-258,0.77,-8.63,-7.93,Los Angeles County
1400000US06037600801,"Census Tract 6008.01, Los Angeles County, California",3204,2930,2761,-274,-169,-443,-8.55,-5.77,-13.83,Los Angeles County
1400000US06037600802,"Census Tract 6008.02, Los Angeles County, California",2586,2717,2508,131,-209,-78,5.07,-7.69,-3.02,Los Angeles County
1400000US06037600902,"Census Tract 6009.02, Los Angeles County, California",6352,6385,6599,33,214,247,0.52,3.35,3.89,Los Angeles County
1400000US06037600911,"Census Tract 6009.11, Los Angeles County, California",3577,3391,3344,-186,-47,-233,-5.2,-1.39,-6.51,Los Angeles County
1400000US06037600912,"Census Tract 6009.12, Los Angeles County, California",5038,4894,4832,-144,-62,-206,-2.86,-1.27,-4.09,Los Angeles County
1400000US06037601001,"Census Tract 6010.01, Los Angeles County, California",2554,2392,2148,-162,-244,-406,-6.34,-10.2,-15.9,Los Angeles County
1400000US06037601002,"Census Tract 6010.02, Los Angeles County, California",5093,5173,5074,80,-99,-19,1.57,-1.91,-0.37,Los Angeles County
1400000US06037601100,"Census Tract 6011, Los Angeles County, California",7123,6834,6821,-289,-13,-302,-4.06,-0.19,-4.24,Los Angeles County
1400000US06037601202,"Census Tract 6012.02, Los Angeles County, California",4191,4107,3958,-84,-149,-233,-2,-3.63,-5.56,Los Angeles County
1400000US06037601211,"Census Tract 6012.11, Los Angeles County, California",3086,2849,3008,-237,159,-78,-7.68,5.58,-2.53,Los Angeles County
1400000US06037601212,"Census Tract 6012.12, Los Angeles County, California",6508,6172,5416,-336,-756,-1092,-5.16,-12.25,-16.78,Los Angeles County
1400000US06037601301,"Census Tract 6013.01, Los Angeles County, California",1728,1798,1810,70,12,82,4.05,0.67,4.75,Los Angeles County
1400000US06037601302,"Census Tract 6013.02, Los Angeles County, California",6934,7104,6892,170,-212,-42,2.45,-2.98,-0.61,Los Angeles County
1400000US06037601303,"Census Tract 6013.03, Los Angeles County, California",5363,5505,5593,142,88,230,2.65,1.6,4.29,Los Angeles County
1400000US06037601401,"Census Tract 6014.01, Los Angeles County, California",6354,6577,7129,223,552,775,3.51,8.39,12.2,Los Angeles County
1400000US06037601402,"Census Tract 6014.02, Los Angeles County, California",4803,4719,4437,-84,-282,-366,-1.75,-5.98,-7.62,Los Angeles County
1400000US06037601501,"Census Tract 6015.01, Los Angeles County, California",3847,3883,3707,36,-176,-140,0.94,-4.53,-3.64,Los Angeles County
1400000US06037601502,"Census Tract 6015.02, Los Angeles County, California",4134,3936,3640,-198,-296,-494,-4.79,-7.52,-11.95,Los Angeles County
1400000US06037601600,"Census Tract 6016, Los Angeles County, California",4347,3985,4021,-362,36,-326,-8.33,0.9,-7.5,Los Angeles County
1400000US06037601700,"Census Tract 6017, Los Angeles County, California",5324,5106,5276,-218,170,-48,-4.09,3.33,-0.9,Los Angeles County
1400000US06037601801,"Census Tract 6018.01, Los Angeles County, California",2793,2847,2863,54,16,70,1.93,0.56,2.51,Los Angeles County
1400000US06037601802,"Census Tract 6018.02, Los Angeles County, California",3885,3884,3509,-1,-375,-376,-0.03,-9.65,-9.68,Los Angeles County
1400000US06037601900,"Census Tract 6019, Los Angeles County, California",4758,4805,4729,47,-76,-29,0.99,-1.58,-0.61,Los Angeles County
1400000US06037602002,"Census Tract 6020.02, Los Angeles County, California",3093,3214,3086,121,-128,-7,3.91,-3.98,-0.23,Los Angeles County
1400000US06037602003,"Census Tract 6020.03, Los Angeles County, California",4279,4309,4438,30,129,159,0.7,2.99,3.72,Los Angeles County
1400000US06037602103,"Census Tract 6021.03, Los Angeles County, California",5574,5408,5336,-166,-72,-238,-2.98,-1.33,-4.27,Los Angeles County
1400000US06037602104,"Census Tract 6021.04, Los Angeles County, California",6013,6051,6159,38,108,146,0.63,1.78,2.43,Los Angeles County
1400000US06037602105,"Census Tract 6021.05, Los Angeles County, California",3634,3738,3567,104,-171,-67,2.86,-4.57,-1.84,Los Angeles County
1400000US06037602106,"Census Tract 6021.06, Los Angeles County, California",6067,6228,6360,161,132,293,2.65,2.12,4.83,Los Angeles County
1400000US06037602201,"Census Tract 6022.01, Los Angeles County, California",4093,4408,4294,315,-114,201,7.7,-2.59,4.91,Los Angeles County
1400000US06037602202,"Census Tract 6022.02, Los Angeles County, California",2603,2799,2839,196,40,236,7.53,1.43,9.07,Los Angeles County
1400000US06037602301,"Census Tract 6023.01, Los Angeles County, California",6694,6516,6692,-178,176,-2,-2.66,2.7,-0.03,Los Angeles County
1400000US06037602302,"Census Tract 6023.02, Los Angeles County, California",4518,4593,4641,75,48,123,1.66,1.05,2.72,Los Angeles County
1400000US06037602402,"Census Tract 6024.02, Los Angeles County, California",6847,7204,7250,357,46,403,5.21,0.64,5.89,Los Angeles County
1400000US06037602403,"Census Tract 6024.03, Los Angeles County, California",4578,4505,4386,-73,-119,-192,-1.59,-2.64,-4.19,Los Angeles County
1400000US06037602404,"Census Tract 6024.04, Los Angeles County, California",5526,5927,5901,401,-26,375,7.26,-0.44,6.79,Los Angeles County
1400000US06037602504,"Census Tract 6025.04, Los Angeles County, California",4914,5196,4877,282,-319,-37,5.74,-6.14,-0.75,Los Angeles County
1400000US06037602505,"Census Tract 6025.05, Los Angeles County, California",4259,4584,4523,325,-61,264,7.63,-1.33,6.2,Los Angeles County
1400000US06037602506,"Census Tract 6025.06, Los Angeles County, California",3931,4277,4135,346,-142,204,8.8,-3.32,5.19,Los Angeles County
1400000US06037602507,"Census Tract 6025.07, Los Angeles County, California",5033,5213,5233,180,20,200,3.58,0.38,3.97,Los Angeles County
1400000US06037602510,"Census Tract 6025.10, Los Angeles County, California",3495,3529,3638,34,109,143,0.97,3.09,4.09,Los Angeles County
1400000US06037602511,"Census Tract 6025.11, Los Angeles County, California",4685,4803,4444,118,-359,-241,2.52,-7.47,-5.14,Los Angeles County
1400000US06037602512,"Census Tract 6025.12, Los Angeles County, California",2378,2156,1926,-222,-230,-452,-9.34,-10.67,-19.01,Los Angeles County
1400000US06037602513,"Census Tract 6025.13, Los Angeles County, California",1881,1642,1660,-239,18,-221,-12.71,1.1,-11.75,Los Angeles County
1400000US06037602601,"Census Tract 6026.01, Los Angeles County, California",5076,4626,5072,-450,446,-4,-8.87,9.64,-0.08,Los Angeles County
1400000US06037602602,"Census Tract 6026.02, Los Angeles County, California",3067,3046,2839,-21,-207,-228,-0.68,-6.8,-7.43,Los Angeles County
1400000US06037602700,"Census Tract 6027, Los Angeles County, California",3532,3617,3631,85,14,99,2.41,0.39,2.8,Los Angeles County
1400000US06037602801,"Census Tract 6028.01, Los Angeles County, California",3921,4314,4052,393,-262,131,10.02,-6.07,3.34,Los Angeles County
1400000US06037602802,"Census Tract 6028.02, Los Angeles County, California",4946,4784,4637,-162,-147,-309,-3.28,-3.07,-6.25,Los Angeles County
1400000US06037602900,"Census Tract 6029, Los Angeles County, California",4301,4391,4115,90,-276,-186,2.09,-6.29,-4.32,Los Angeles County
1400000US06037603004,"Census Tract 6030.04, Los Angeles County, California",1742,1734,1712,-8,-22,-30,-0.46,-1.27,-1.72,Los Angeles County
1400000US06037603005,"Census Tract 6030.05, Los Angeles County, California",6647,6771,6482,124,-289,-165,1.87,-4.27,-2.48,Los Angeles County
1400000US06037603006,"Census Tract 6030.06, Los Angeles County, California",1680,1802,1864,122,62,184,7.26,3.44,10.95,Los Angeles County
1400000US06037603007,"Census Tract 6030.07, Los Angeles County, California",3748,3510,3473,-238,-37,-275,-6.35,-1.05,-7.34,Los Angeles County
1400000US06037603008,"Census Tract 6030.08, Los Angeles County, California",3147,4189,4133,1042,-56,986,33.11,-1.34,31.33,Los Angeles County
1400000US06037603101,"Census Tract 6031.01, Los Angeles County, California",4535,4812,4735,277,-77,200,6.11,-1.6,4.41,Los Angeles County
1400000US06037603102,"Census Tract 6031.02, Los Angeles County, California",3418,3632,3859,214,227,441,6.26,6.25,12.9,Los Angeles County
1400000US06037603200,"Census Tract 6032, Los Angeles County, California",3286,3225,3368,-61,143,82,-1.86,4.43,2.5,Los Angeles County
1400000US06037603301,"Census Tract 6033.01, Los Angeles County, California",3531,3539,3461,8,-78,-70,0.23,-2.2,-1.98,Los Angeles County
1400000US06037603302,"Census Tract 6033.02, Los Angeles County, California",3857,4129,4117,272,-12,260,7.05,-0.29,6.74,Los Angeles County
1400000US06037603400,"Census Tract 6034, Los Angeles County, California",3821,3959,3836,138,-123,15,3.61,-3.11,0.39,Los Angeles County
1400000US06037603500,"Census Tract 6035, Los Angeles County, California",3129,3043,2987,-86,-56,-142,-2.75,-1.84,-4.54,Los Angeles County
1400000US06037603600,"Census Tract 6036, Los Angeles County, California",4416,4509,4324,93,-185,-92,2.11,-4.1,-2.08,Los Angeles County
1400000US06037603702,"Census Tract 6037.02, Los Angeles County, California",4836,4903,5015,67,112,179,1.39,2.28,3.7,Los Angeles County
1400000US06037603703,"Census Tract 6037.03, Los Angeles County, California",2368,2459,2542,91,83,174,3.84,3.38,7.35,Los Angeles County
1400000US06037603705,"Census Tract 6037.05, Los Angeles County, California",2976,2925,2824,-51,-101,-152,-1.71,-3.45,-5.11,Los Angeles County
1400000US06037603706,"Census Tract 6037.06, Los Angeles County, California",3227,3181,3366,-46,185,139,-1.43,5.82,4.31,Los Angeles County
1400000US06037603801,"Census Tract 6038.01, Los Angeles County, California",4926,4890,4827,-36,-63,-99,-0.73,-1.29,-2.01,Los Angeles County
1400000US06037603802,"Census Tract 6038.02, Los Angeles County, California",4072,4139,3941,67,-198,-131,1.65,-4.78,-3.22,Los Angeles County
1400000US06037603901,"Census Tract 6039.01, Los Angeles County, California",3551,3962,3685,411,-277,134,11.57,-6.99,3.77,Los Angeles County
1400000US06037603902,"Census Tract 6039.02, Los Angeles County, California",3757,3268,3211,-489,-57,-546,-13.02,-1.74,-14.53,Los Angeles County
1400000US06037604001,"Census Tract 6040.01, Los Angeles County, California",4992,5119,5151,127,32,159,2.54,0.63,3.19,Los Angeles County
1400000US06037604002,"Census Tract 6040.02, Los Angeles County, California",4250,3956,3819,-294,-137,-431,-6.92,-3.46,-10.14,Los Angeles County
1400000US06037604101,"Census Tract 6041.01, Los Angeles County, California",4307,4086,4108,-221,22,-199,-5.13,0.54,-4.62,Los Angeles County
1400000US06037604102,"Census Tract 6041.02, Los Angeles County, California",2678,2615,2811,-63,196,133,-2.35,7.5,4.97,Los Angeles County
1400000US06037604200,"Census Tract 6042, Los Angeles County, California",6009,5762,5802,-247,40,-207,-4.11,0.69,-3.44,Los Angeles County
1400000US06037609900,"Census Tract 6099, Los Angeles County, California",2015,1964,1758,-51,-206,-257,-2.53,-10.49,-12.75,Los Angeles County
1400000US06037620001,"Census Tract 6200.01, Los Angeles County, California",4216,4491,4338,275,-153,122,6.52,-3.41,2.89,Los Angeles County
1400000US06037620002,"Census Tract 6200.02, Los Angeles County, California",3540,3686,3637,146,-49,97,4.12,-1.33,2.74,Los Angeles County
1400000US06037620101,"Census Tract 6201.01, Los Angeles County, California",5292,5441,5482,149,41,190,2.82,0.75,3.59,Los Angeles County
1400000US06037620102,"Census Tract 6201.02, Los Angeles County, California",3527,3625,3624,98,-1,97,2.78,-0.03,2.75,Los Angeles County
1400000US06037620201,"Census Tract 6202.01, Los Angeles County, California",1643,1688,1603,45,-85,-40,2.74,-5.04,-2.43,Los Angeles County
1400000US06037620301,"Census Tract 6203.01, Los Angeles County, California",4403,4355,4483,-48,128,80,-1.09,2.94,1.82,Los Angeles County
1400000US06037620303,"Census Tract 6203.03, Los Angeles County, California",4819,4883,4934,64,51,115,1.33,1.04,2.39,Los Angeles County
1400000US06037620305,"Census Tract 6203.05, Los Angeles County, California",5848,6315,6021,467,-294,173,7.99,-4.66,2.96,Los Angeles County
1400000US06037620400,"Census Tract 6204, Los Angeles County, California",5309,5086,5156,-223,70,-153,-4.2,1.38,-2.88,Los Angeles County
1400000US06037620501,"Census Tract 6205.01, Los Angeles County, California",5675,6035,5899,360,-136,224,6.34,-2.25,3.95,Los Angeles County
1400000US06037620521,"Census Tract 6205.21, Los Angeles County, California",4323,4587,4609,264,22,286,6.11,0.48,6.62,Los Angeles County
1400000US06037620522,"Census Tract 6205.22, Los Angeles County, California",4656,4970,4748,314,-222,92,6.74,-4.47,1.98,Los Angeles County
1400000US06037620601,"Census Tract 6206.01, Los Angeles County, California",5159,5641,5841,482,200,682,9.34,3.55,13.22,Los Angeles County
1400000US06037620602,"Census Tract 6206.02, Los Angeles County, California",5224,5512,5432,288,-80,208,5.51,-1.45,3.98,Los Angeles County
1400000US06037620701,"Census Tract 6207.01, Los Angeles County, California",7207,7616,7651,409,35,444,5.68,0.46,6.16,Los Angeles County
1400000US06037620703,"Census Tract 6207.03, Los Angeles County, California",3436,3642,3727,206,85,291,6,2.33,8.47,Los Angeles County
1400000US06037620704,"Census Tract 6207.04, Los Angeles County, California",3555,3906,3720,351,-186,165,9.87,-4.76,4.64,Los Angeles County
1400000US06037620801,"Census Tract 6208.01, Los Angeles County, California",4167,4260,4019,93,-241,-148,2.23,-5.66,-3.55,Los Angeles County
1400000US06037620802,"Census Tract 6208.02, Los Angeles County, California",3198,3330,3434,132,104,236,4.13,3.12,7.38,Los Angeles County
1400000US06037620901,"Census Tract 6209.01, Los Angeles County, California",2921,2836,2700,-85,-136,-221,-2.91,-4.8,-7.57,Los Angeles County
1400000US06037620904,"Census Tract 6209.04, Los Angeles County, California",2756,2832,2773,76,-59,17,2.76,-2.08,0.62,Los Angeles County
1400000US06037621001,"Census Tract 6210.01, Los Angeles County, California",4426,4637,4575,211,-62,149,4.77,-1.34,3.37,Los Angeles County
1400000US06037621005,"Census Tract 6210.05, Los Angeles County, California",4674,4576,4587,-98,11,-87,-2.1,0.24,-1.86,Los Angeles County
1400000US06037621102,"Census Tract 6211.02, Los Angeles County, California",3193,3370,3414,177,44,221,5.54,1.31,6.92,Los Angeles County
1400000US06037621104,"Census Tract 6211.04, Los Angeles County, California",6854,7204,6975,350,-229,121,5.11,-3.18,1.77,Los Angeles County
1400000US06037621201,"Census Tract 6212.01, Los Angeles County, California",6807,7612,7601,805,-11,794,11.83,-0.14,11.66,Los Angeles County
1400000US06037621204,"Census Tract 6212.04, Los Angeles County, California",2825,2742,2769,-83,27,-56,-2.94,0.98,-1.98,Los Angeles County
1400000US06037621301,"Census Tract 6213.01, Los Angeles County, California",6742,6934,7160,192,226,418,2.85,3.26,6.2,Los Angeles County
1400000US06037621324,"Census Tract 6213.24, Los Angeles County, California",3704,3959,4027,255,68,323,6.88,1.72,8.72,Los Angeles County
1400000US06037621326,"Census Tract 6213.26, Los Angeles County, California",3028,3200,3047,172,-153,19,5.68,-4.78,0.63,Los Angeles County
1400000US06037621400,"Census Tract 6214, Los Angeles County, California",4322,4642,4389,320,-253,67,7.4,-5.45,1.55,Los Angeles County
1400000US06037650001,"Census Tract 6500.01, Los Angeles County, California",5676,5585,5807,-91,222,131,-1.6,3.97,2.31,Los Angeles County
1400000US06037650003,"Census Tract 6500.03, Los Angeles County, California",3024,3141,3057,117,-84,33,3.87,-2.67,1.09,Los Angeles County
1400000US06037650004,"Census Tract 6500.04, Los Angeles County, California",4349,4302,4179,-47,-123,-170,-1.08,-2.86,-3.91,Los Angeles County
1400000US06037650101,"Census Tract 6501.01, Los Angeles County, California",5778,5912,5532,134,-380,-246,2.32,-6.43,-4.26,Los Angeles County
1400000US06037650102,"Census Tract 6501.02, Los Angeles County, California",2148,2123,2154,-25,31,6,-1.16,1.46,0.28,Los Angeles County
1400000US06037650200,"Census Tract 6502, Los Angeles County, California",5794,6100,6056,306,-44,262,5.28,-0.72,4.52,Los Angeles County
1400000US06037650300,"Census Tract 6503, Los Angeles County, California",6790,7011,7326,221,315,536,3.25,4.49,7.89,Los Angeles County
1400000US06037650401,"Census Tract 6504.01, Los Angeles County, California",4667,4413,4295,-254,-118,-372,-5.44,-2.67,-7.97,Los Angeles County
1400000US06037650501,"Census Tract 6505.01, Los Angeles County, California",2850,2935,2833,85,-102,-17,2.98,-3.48,-0.6,Los Angeles County
1400000US06037650502,"Census Tract 6505.02, Los Angeles County, California",4318,4276,4222,-42,-54,-96,-0.97,-1.26,-2.22,Los Angeles County
1400000US06037650603,"Census Tract 6506.03, Los Angeles County, California",3672,3806,3791,134,-15,119,3.65,-0.39,3.24,Los Angeles County
1400000US06037650604,"Census Tract 6506.04, Los Angeles County, California",6228,5921,5712,-307,-209,-516,-4.93,-3.53,-8.29,Los Angeles County
1400000US06037650605,"Census Tract 6506.05, Los Angeles County, California",2713,2864,2845,151,-19,132,5.57,-0.66,4.87,Los Angeles County
1400000US06037650606,"Census Tract 6506.06, Los Angeles County, California",4264,4341,4436,77,95,172,1.81,2.19,4.03,Los Angeles County
1400000US06037650607,"Census Tract 6506.07, Los Angeles County, California",2670,2623,2736,-47,113,66,-1.76,4.31,2.47,Los Angeles County
1400000US06037650701,"Census Tract 6507.01, Los Angeles County, California",2538,2675,2569,137,-106,31,5.4,-3.96,1.22,Los Angeles County
1400000US06037650702,"Census Tract 6507.02, Los Angeles County, California",4613,4782,4710,169,-72,97,3.66,-1.51,2.1,Los Angeles County
1400000US06037650801,"Census Tract 6508.01, Los Angeles County, California",3879,3987,4082,108,95,203,2.78,2.38,5.23,Los Angeles County
1400000US06037650802,"Census Tract 6508.02, Los Angeles County, California",3181,3277,3367,96,90,186,3.02,2.75,5.85,Los Angeles County
1400000US06037650901,"Census Tract 6509.01, Los Angeles County, California",4909,5028,5111,119,83,202,2.42,1.65,4.11,Los Angeles County
1400000US06037650903,"Census Tract 6509.03, Los Angeles County, California",4934,5366,5188,432,-178,254,8.76,-3.32,5.15,Los Angeles County
1400000US06037650904,"Census Tract 6509.04, Los Angeles County, California",2612,2540,2647,-72,107,35,-2.76,4.21,1.34,Los Angeles County
1400000US06037651001,"Census Tract 6510.01, Los Angeles County, California",5242,5421,5437,179,16,195,3.41,0.3,3.72,Los Angeles County
1400000US06037651002,"Census Tract 6510.02, Los Angeles County, California",4531,4798,4873,267,75,342,5.89,1.56,7.55,Los Angeles County
1400000US06037651101,"Census Tract 6511.01, Los Angeles County, California",4753,4935,4639,182,-296,-114,3.83,-6,-2.4,Los Angeles County
1400000US06037651102,"Census Tract 6511.02, Los Angeles County, California",3706,3626,3653,-80,27,-53,-2.16,0.74,-1.43,Los Angeles County
1400000US06037651201,"Census Tract 6512.01, Los Angeles County, California",4985,5187,4797,202,-390,-188,4.05,-7.52,-3.77,Los Angeles County
1400000US06037651221,"Census Tract 6512.21, Los Angeles County, California",3925,3896,3912,-29,16,-13,-0.74,0.41,-0.33,Los Angeles County
1400000US06037651222,"Census Tract 6512.22, Los Angeles County, California",6193,6514,6091,321,-423,-102,5.18,-6.49,-1.65,Los Angeles County
1400000US06037651302,"Census Tract 6513.02, Los Angeles County, California",5836,5978,5896,142,-82,60,2.43,-1.37,1.03,Los Angeles County
1400000US06037651304,"Census Tract 6513.04, Los Angeles County, California",4920,5025,5135,105,110,215,2.13,2.19,4.37,Los Angeles County
1400000US06037651401,"Census Tract 6514.01, Los Angeles County, California",2509,2589,2524,80,-65,15,3.19,-2.51,0.6,Los Angeles County
1400000US06037651402,"Census Tract 6514.02, Los Angeles County, California",6223,6179,5842,-44,-337,-381,-0.71,-5.45,-6.12,Los Angeles County
1400000US06037670001,"Census Tract 6700.01, Los Angeles County, California",3498,3631,3698,133,67,200,3.8,1.85,5.72,Los Angeles County
1400000US06037670002,"Census Tract 6700.02, Los Angeles County, California",3908,3724,3581,-184,-143,-327,-4.71,-3.84,-8.37,Los Angeles County
1400000US06037670003,"Census Tract 6700.03, Los Angeles County, California",5677,5824,5984,147,160,307,2.59,2.75,5.41,Los Angeles County
1400000US06037670101,"Census Tract 6701.01, Los Angeles County, California",3156,3495,3240,339,-255,84,10.74,-7.3,2.66,Los Angeles County
1400000US06037670102,"Census Tract 6701.02, Los Angeles County, California",3973,4210,4159,237,-51,186,5.97,-1.21,4.68,Los Angeles County
1400000US06037670201,"Census Tract 6702.01, Los Angeles County, California",3565,3522,3625,-43,103,60,-1.21,2.92,1.68,Los Angeles County
1400000US06037670202,"Census Tract 6702.02, Los Angeles County, California",2206,2369,2568,163,199,362,7.39,8.4,16.41,Los Angeles County
1400000US06037670324,"Census Tract 6703.24, Los Angeles County, California",5550,5658,5505,108,-153,-45,1.95,-2.7,-0.81,Los Angeles County
1400000US06037670326,"Census Tract 6703.26, Los Angeles County, California",3275,3295,3303,20,8,28,0.61,0.24,0.85,Los Angeles County
1400000US06037670328,"Census Tract 6703.28, Los Angeles County, California",4534,4450,4411,-84,-39,-123,-1.85,-0.88,-2.71,Los Angeles County
1400000US06037670405,"Census Tract 6704.05, Los Angeles County, California",2600,2565,2715,-35,150,115,-1.35,5.85,4.42,Los Angeles County
1400000US06037670406,"Census Tract 6704.06, Los Angeles County, California",1600,1692,1727,92,35,127,5.75,2.07,7.94,Los Angeles County
1400000US06037670407,"Census Tract 6704.07, Los Angeles County, California",6289,6166,6082,-123,-84,-207,-1.96,-1.36,-3.29,Los Angeles County
1400000US06037670413,"Census Tract 6704.13, Los Angeles County, California",4574,4566,4852,-8,286,278,-0.17,6.26,6.08,Los Angeles County
1400000US06037670416,"Census Tract 6704.16, Los Angeles County, California",4476,4334,4224,-142,-110,-252,-3.17,-2.54,-5.63,Los Angeles County
1400000US06037670417,"Census Tract 6704.17, Los Angeles County, California",2728,2782,2795,54,13,67,1.98,0.47,2.46,Los Angeles County
1400000US06037670418,"Census Tract 6704.18, Los Angeles County, California",4130,4485,4557,355,72,427,8.6,1.61,10.34,Los Angeles County
1400000US06037670500,"Census Tract 6705, Los Angeles County, California",1439,1436,1451,-3,15,12,-0.21,1.04,0.83,Los Angeles County
1400000US06037670603,"Census Tract 6706.03, Los Angeles County, California",1978,1949,1897,-29,-52,-81,-1.47,-2.67,-4.1,Los Angeles County
1400000US06037670604,"Census Tract 6706.04, Los Angeles County, California",4934,5124,4911,190,-213,-23,3.85,-4.16,-0.47,Los Angeles County
1400000US06037670701,"Census Tract 6707.01, Los Angeles County, California",6555,6939,6538,384,-401,-17,5.86,-5.78,-0.26,Los Angeles County
1400000US06037670702,"Census Tract 6707.02, Los Angeles County, California",5839,5975,5722,136,-253,-117,2.33,-4.23,-2,Los Angeles County
1400000US06037700101,"Census Tract 7001.01, Los Angeles County, California",4944,5392,5329,448,-63,385,9.06,-1.17,7.79,Los Angeles County
1400000US06037700102,"Census Tract 7001.02, Los Angeles County, California",4496,4448,4651,-48,203,155,-1.07,4.56,3.45,Los Angeles County
1400000US06037700200,"Census Tract 7002, Los Angeles County, California",7324,7186,6908,-138,-278,-416,-1.88,-3.87,-5.68,Los Angeles County
1400000US06037700300,"Census Tract 7003, Los Angeles County, California",6014,5656,5745,-358,89,-269,-5.95,1.57,-4.47,Los Angeles County
1400000US06037700400,"Census Tract 7004, Los Angeles County, California",4902,4775,4680,-127,-95,-222,-2.59,-1.99,-4.53,Los Angeles County
1400000US06037700501,"Census Tract 7005.01, Los Angeles County, California",3576,4125,4187,549,62,611,15.35,1.5,17.09,Los Angeles County
1400000US06037700502,"Census Tract 7005.02, Los Angeles County, California",4250,4096,3858,-154,-238,-392,-3.62,-5.81,-9.22,Los Angeles County
1400000US06037700600,"Census Tract 7006, Los Angeles County, California",5563,5486,4983,-77,-503,-580,-1.38,-9.17,-10.43,Los Angeles County
1400000US06037700700,"Census Tract 7007, Los Angeles County, California",3534,3579,3530,45,-49,-4,1.27,-1.37,-0.11,Los Angeles County
1400000US06037700801,"Census Tract 7008.01, Los Angeles County, California",3706,3687,3858,-19,171,152,-0.51,4.64,4.1,Los Angeles County
1400000US06037700802,"Census Tract 7008.02, Los Angeles County, California",4426,4338,4036,-88,-302,-390,-1.99,-6.96,-8.81,Los Angeles County
1400000US06037700901,"Census Tract 7009.01, Los Angeles County, California",3856,3969,4293,113,324,437,2.93,8.16,11.33,Los Angeles County
1400000US06037700902,"Census Tract 7009.02, Los Angeles County, California",7332,6811,6528,-521,-283,-804,-7.11,-4.16,-10.97,Los Angeles County
1400000US06037701000,"Census Tract 7010, Los Angeles County, California",5292,5033,5178,-259,145,-114,-4.89,2.88,-2.15,Los Angeles County
1400000US06037701201,"Census Tract 7012.01, Los Angeles County, California",3842,4008,3920,166,-88,78,4.32,-2.2,2.03,Los Angeles County
1400000US06037701202,"Census Tract 7012.02, Los Angeles County, California",3590,3638,3490,48,-148,-100,1.34,-4.07,-2.79,Los Angeles County
1400000US06037701302,"Census Tract 7013.02, Los Angeles County, California",4833,4873,4829,40,-44,-4,0.83,-0.9,-0.08,Los Angeles County
1400000US06037701304,"Census Tract 7013.04, Los Angeles County, California",6459,6556,6285,97,-271,-174,1.5,-4.13,-2.69,Los Angeles County
1400000US06037701402,"Census Tract 7014.02, Los Angeles County, California",5833,5999,6179,166,180,346,2.85,3,5.93,Los Angeles County
1400000US06037701501,"Census Tract 7015.01, Los Angeles County, California",5404,5243,5058,-161,-185,-346,-2.98,-3.53,-6.4,Los Angeles County
1400000US06037701502,"Census Tract 7015.02, Los Angeles County, California",3544,3558,3784,14,226,240,0.4,6.35,6.77,Los Angeles County
1400000US06037701601,"Census Tract 7016.01, Los Angeles County, California",4096,4194,3963,98,-231,-133,2.39,-5.51,-3.25,Los Angeles County
1400000US06037701602,"Census Tract 7016.02, Los Angeles County, California",3952,4188,4614,236,426,662,5.97,10.17,16.75,Los Angeles County
1400000US06037701701,"Census Tract 7017.01, Los Angeles County, California",3317,3505,3350,188,-155,33,5.67,-4.42,0.99,Los Angeles County
1400000US06037701702,"Census Tract 7017.02, Los Angeles County, California",3201,3190,3146,-11,-44,-55,-0.34,-1.38,-1.72,Los Angeles County
1400000US06037701801,"Census Tract 7018.01, Los Angeles County, California",6827,6944,6668,117,-276,-159,1.71,-3.97,-2.33,Los Angeles County
1400000US06037701802,"Census Tract 7018.02, Los Angeles County, California",4999,4904,5260,-95,356,261,-1.9,7.26,5.22,Los Angeles County
1400000US06037701902,"Census Tract 7019.02, Los Angeles County, California",4843,5022,5149,179,127,306,3.7,2.53,6.32,Los Angeles County
1400000US06037702002,"Census Tract 7020.02, Los Angeles County, California",6325,6249,6185,-76,-64,-140,-1.2,-1.02,-2.21,Los Angeles County
1400000US06037702102,"Census Tract 7021.02, Los Angeles County, California",5891,5914,5620,23,-294,-271,0.39,-4.97,-4.6,Los Angeles County
1400000US06037702201,"Census Tract 7022.01, Los Angeles County, California",4080,4150,3920,70,-230,-160,1.72,-5.54,-3.92,Los Angeles County
1400000US06037702202,"Census Tract 7022.02, Los Angeles County, California",3954,4032,3920,78,-112,-34,1.97,-2.78,-0.86,Los Angeles County
1400000US06037702300,"Census Tract 7023, Los Angeles County, California",6601,6653,6820,52,167,219,0.79,2.51,3.32,Los Angeles County
1400000US06037702400,"Census Tract 7024, Los Angeles County, California",4391,4462,4541,71,79,150,1.62,1.77,3.42,Los Angeles County
1400000US06037702501,"Census Tract 7025.01, Los Angeles County, California",4959,5135,4998,176,-137,39,3.55,-2.67,0.79,Los Angeles County
1400000US06037702502,"Census Tract 7025.02, Los Angeles County, California",3818,4386,4142,568,-244,324,14.88,-5.56,8.49,Los Angeles County
1400000US06037702600,"Census Tract 7026, Los Angeles County, California",6480,6979,6688,499,-291,208,7.7,-4.17,3.21,Los Angeles County
1400000US06037702700,"Census Tract 7027, Los Angeles County, California",3359,3505,3460,146,-45,101,4.35,-1.28,3.01,Los Angeles County
1400000US06037702801,"Census Tract 7028.01, Los Angeles County, California",4782,4632,5359,-150,727,577,-3.14,15.7,12.07,Los Angeles County
1400000US06037702802,"Census Tract 7028.02, Los Angeles County, California",2325,2299,2293,-26,-6,-32,-1.12,-0.26,-1.38,Los Angeles County
1400000US06037702803,"Census Tract 7028.03, Los Angeles County, California",2641,3025,2749,384,-276,108,14.54,-9.12,4.09,Los Angeles County
1400000US06037702900,"Census Tract 7029, Los Angeles County, California",10065,9355,10274,-710,919,209,-7.05,9.82,2.08,Los Angeles County
1400000US06037703002,"Census Tract 7030.02, Los Angeles County, California",6794,6813,6903,19,90,109,0.28,1.32,1.6,Los Angeles County
1400000US06037703003,"Census Tract 7030.03, Los Angeles County, California",6158,6217,6127,59,-90,-31,0.96,-1.45,-0.5,Los Angeles County
1400000US06037703100,"Census Tract 7031, Los Angeles County, California",6026,6286,6444,260,158,418,4.31,2.51,6.94,Los Angeles County
1400000US06037703200,"Census Tract 7032, Los Angeles County, California",5595,5027,5555,-568,528,-40,-10.15,10.5,-0.71,Los Angeles County
1400000US06037800101,"Census Tract 8001.01, Los Angeles County, California",5751,5744,5734,-7,-10,-17,-0.12,-0.17,-0.3,Los Angeles County
1400000US06037800103,"Census Tract 8001.03, Los Angeles County, California",3581,3507,3416,-74,-91,-165,-2.07,-2.59,-4.61,Los Angeles County
1400000US06037800104,"Census Tract 8001.04, Los Angeles County, California",3764,3475,3665,-289,190,-99,-7.68,5.47,-2.63,Los Angeles County
1400000US06037800202,"Census Tract 8002.02, Los Angeles County, California",5869,6050,6121,181,71,252,3.08,1.17,4.29,Los Angeles County
1400000US06037800204,"Census Tract 8002.04, Los Angeles County, California",4108,4284,4086,176,-198,-22,4.28,-4.62,-0.54,Los Angeles County
1400000US06037800205,"Census Tract 8002.05, Los Angeles County, California",4116,3848,4036,-268,188,-80,-6.51,4.89,-1.94,Los Angeles County
1400000US06037800206,"Census Tract 8002.06, Los Angeles County, California",3808,3629,3604,-179,-25,-204,-4.7,-0.69,-5.36,Los Angeles County
1400000US06037800324,"Census Tract 8003.24, Los Angeles County, California",6772,6846,6585,74,-261,-187,1.09,-3.81,-2.76,Los Angeles County
1400000US06037800325,"Census Tract 8003.25, Los Angeles County, California",3724,3574,3677,-150,103,-47,-4.03,2.88,-1.26,Los Angeles County
1400000US06037800328,"Census Tract 8003.28, Los Angeles County, California",1315,1205,1217,-110,12,-98,-8.37,1,-7.45,Los Angeles County
1400000US06037800333,"Census Tract 8003.33, Los Angeles County, California",2042,2080,2196,38,116,154,1.86,5.58,7.54,Los Angeles County
1400000US06037800334,"Census Tract 8003.34, Los Angeles County, California",4490,4000,3749,-490,-251,-741,-10.91,-6.28,-16.5,Los Angeles County
1400000US06037800335,"Census Tract 8003.35, Los Angeles County, California",4789,4624,4475,-165,-149,-314,-3.45,-3.22,-6.56,Los Angeles County
1400000US06037800336,"Census Tract 8003.36, Los Angeles County, California",3893,4037,3893,144,-144,0,3.7,-3.57,0,Los Angeles County
1400000US06037800337,"Census Tract 8003.37, Los Angeles County, California",3950,3824,3771,-126,-53,-179,-3.19,-1.39,-4.53,Los Angeles County
1400000US06037800338,"Census Tract 8003.38, Los Angeles County, California",6143,6429,6471,286,42,328,4.66,0.65,5.34,Los Angeles County
1400000US06037800406,"Census Tract 8004.06, Los Angeles County, California",2547,2168,2167,-379,-1,-380,-14.88,-0.05,-14.92,Los Angeles County
1400000US06037800410,"Census Tract 8004.10, Los Angeles County, California",3679,3586,3527,-93,-59,-152,-2.53,-1.65,-4.13,Los Angeles County
1400000US06037800411,"Census Tract 8004.11, Los Angeles County, California",3212,2957,2740,-255,-217,-472,-7.94,-7.34,-14.69,Los Angeles County
1400000US06037800412,"Census Tract 8004.12, Los Angeles County, California",4158,3693,3682,-465,-11,-476,-11.18,-0.3,-11.45,Los Angeles County
1400000US06037800504,"Census Tract 8005.04, Los Angeles County, California",2352,2192,1890,-160,-302,-462,-6.8,-13.78,-19.64,Los Angeles County
1400000US06037800506,"Census Tract 8005.06, Los Angeles County, California",3274,3246,3393,-28,147,119,-0.86,4.53,3.63,Los Angeles County
1400000US06037900102,"Census Tract 9001.02, Los Angeles County, California",719,761,782,42,21,63,5.84,2.76,8.76,Los Angeles County
1400000US06037900103,"Census Tract 9001.03, Los Angeles County, California",6281,6417,6514,136,97,233,2.17,1.51,3.71,Los Angeles County
1400000US06037900104,"Census Tract 9001.04, Los Angeles County, California",5665,6099,6593,434,494,928,7.66,8.1,16.38,Los Angeles County
1400000US06037900301,"Census Tract 9003.01, Los Angeles County, California",4610,4681,4439,71,-242,-171,1.54,-5.17,-3.71,Los Angeles County
1400000US06037900501,"Census Tract 9005.01, Los Angeles County, California",7517,7845,7939,328,94,422,4.36,1.2,5.61,Los Angeles County
1400000US06037900504,"Census Tract 9005.04, Los Angeles County, California",6696,6856,7051,160,195,355,2.39,2.84,5.3,Los Angeles County
1400000US06037900505,"Census Tract 9005.05, Los Angeles County, California",3643,4310,4587,667,277,944,18.31,6.43,25.91,Los Angeles County
1400000US06037900506,"Census Tract 9005.06, Los Angeles County, California",4120,4802,5095,682,293,975,16.55,6.1,23.67,Los Angeles County
1400000US06037900508,"Census Tract 9005.08, Los Angeles County, California",3859,4084,3831,225,-253,-28,5.83,-6.19,-0.73,Los Angeles County
1400000US06037900509,"Census Tract 9005.09, Los Angeles County, California",3773,4240,4480,467,240,707,12.38,5.66,18.74,Los Angeles County
1400000US06037900510,"Census Tract 9005.10, Los Angeles County, California",3685,3730,3960,45,230,275,1.22,6.17,7.46,Los Angeles County
1400000US06037900602,"Census Tract 9006.02, Los Angeles County, California",4929,5447,5463,518,16,534,10.51,0.29,10.83,Los Angeles County
1400000US06037900606,"Census Tract 9006.06, Los Angeles County, California",3735,4724,4580,989,-144,845,26.48,-3.05,22.62,Los Angeles County
1400000US06037900607,"Census Tract 9006.07, Los Angeles County, California",3972,4249,3998,277,-251,26,6.97,-5.91,0.65,Los Angeles County
1400000US06037900608,"Census Tract 9006.08, Los Angeles County, California",3738,4084,4229,346,145,491,9.26,3.55,13.14,Los Angeles County
1400000US06037900609,"Census Tract 9006.09, Los Angeles County, California",4365,4802,5186,437,384,821,10.01,8,18.81,Los Angeles County
1400000US06037900610,"Census Tract 9006.10, Los Angeles County, California",3293,2999,3207,-294,208,-86,-8.93,6.94,-2.61,Los Angeles County
1400000US06037900611,"Census Tract 9006.11, Los Angeles County, California",4742,4949,4808,207,-141,66,4.37,-2.85,1.39,Los Angeles County
1400000US06037900701,"Census Tract 9007.01, Los Angeles County, California",4634,4481,4436,-153,-45,-198,-3.3,-1,-4.27,Los Angeles County
1400000US06037900703,"Census Tract 9007.03, Los Angeles County, California",4897,5481,5363,584,-118,466,11.93,-2.15,9.52,Los Angeles County
1400000US06037900704,"Census Tract 9007.04, Los Angeles County, California",3055,3356,3343,301,-13,288,9.85,-0.39,9.43,Los Angeles County
1400000US06037900705,"Census Tract 9007.05, Los Angeles County, California",4126,4304,4145,178,-159,19,4.31,-3.69,0.46,Los Angeles County
1400000US06037900804,"Census Tract 9008.04, Los Angeles County, California",3644,3979,3877,335,-102,233,9.19,-2.56,6.39,Los Angeles County
1400000US06037900805,"Census Tract 9008.05, Los Angeles County, California",5278,5592,5629,314,37,351,5.95,0.66,6.65,Los Angeles County
1400000US06037900806,"Census Tract 9008.06, Los Angeles County, California",4207,4484,4274,277,-210,67,6.58,-4.68,1.59,Los Angeles County
1400000US06037900807,"Census Tract 9008.07, Los Angeles County, California",3764,4011,3859,247,-152,95,6.56,-3.79,2.52,Los Angeles County
1400000US06037900808,"Census Tract 9008.08, Los Angeles County, California",4751,5302,5369,551,67,618,11.6,1.26,13.01,Los Angeles County
1400000US06037900901,"Census Tract 9009.01, Los Angeles County, California",2907,3086,3033,179,-53,126,6.16,-1.72,4.33,Los Angeles County
1400000US06037900902,"Census Tract 9009.02, Los Angeles County, California",1534,1455,1397,-79,-58,-137,-5.15,-3.99,-8.93,Los Angeles County
1400000US06037901003,"Census Tract 9010.03, Los Angeles County, California",4866,4820,3658,-46,-1162,-1208,-0.95,-24.11,-24.83,Los Angeles County
1400000US06037901007,"Census Tract 9010.07, Los Angeles County, California",1848,2226,2254,378,28,406,20.45,1.26,21.97,Los Angeles County
1400000US06037901008,"Census Tract 9010.08, Los Angeles County, California",2804,3307,3365,503,58,561,17.94,1.75,20.01,Los Angeles County
1400000US06037901009,"Census Tract 9010.09, Los Angeles County, California",4905,5359,5550,454,191,645,9.26,3.56,13.15,Los Angeles County
1400000US06037901010,"Census Tract 9010.10, Los Angeles County, California",5289,5822,5521,533,-301,232,10.08,-5.17,4.39,Los Angeles County
1400000US06037901011,"Census Tract 9010.11, Los Angeles County, California",4988,5377,5363,389,-14,375,7.8,-0.26,7.52,Los Angeles County
1400000US06037901012,"Census Tract 9010.12, Los Angeles County, California",5506,6637,6806,1131,169,1300,20.54,2.55,23.61,Los Angeles County
1400000US06037901013,"Census Tract 9010.13, Los Angeles County, California",3032,3604,3613,572,9,581,18.87,0.25,19.16,Los Angeles County
1400000US06037901014,"Census Tract 9010.14, Los Angeles County, California",4539,5213,5272,674,59,733,14.85,1.13,16.15,Los Angeles County
1400000US06037901101,"Census Tract 9011.01, Los Angeles County, California",5573,5695,5375,122,-320,-198,2.19,-5.62,-3.55,Los Angeles County
1400000US06037901102,"Census Tract 9011.02, Los Angeles County, California",5437,5198,5244,-239,46,-193,-4.4,0.88,-3.55,Los Angeles County
1400000US06037901209,"Census Tract 9012.09, Los Angeles County, California",1418,1219,989,-199,-230,-429,-14.03,-18.87,-30.25,Los Angeles County
1400000US06037901210,"Census Tract 9012.10, Los Angeles County, California",1564,1730,1714,166,-16,150,10.61,-0.92,9.59,Los Angeles County
1400000US06037901214,"Census Tract 9012.14, Los Angeles County, California",4645,4978,4926,333,-52,281,7.17,-1.04,6.05,Los Angeles County
1400000US06037901215,"Census Tract 9012.15, Los Angeles County, California",3062,3595,3638,533,43,576,17.41,1.2,18.81,Los Angeles County
1400000US06037901216,"Census Tract 9012.16, Los Angeles County, California",2391,2450,2473,59,23,82,2.47,0.94,3.43,Los Angeles County
1400000US06037901217,"Census Tract 9012.17, Los Angeles County, California",1685,1458,1533,-227,75,-152,-13.47,5.14,-9.02,Los Angeles County
1400000US06037901218,"Census Tract 9012.18, Los Angeles County, California",2629,2406,2424,-223,18,-205,-8.48,0.75,-7.8,Los Angeles County
1400000US06037901300,"Census Tract 9013, Los Angeles County, California",2475,2367,2206,-108,-161,-269,-4.36,-6.8,-10.87,Los Angeles County
1400000US06037910002,"Census Tract 9100.02, Los Angeles County, California",8081,7639,7240,-442,-399,-841,-5.47,-5.22,-10.41,Los Angeles County
1400000US06037910210,"Census Tract 9102.10, Los Angeles County, California",6937,7999,7665,1062,-334,728,15.31,-4.18,10.49,Los Angeles County
1400000US06037910211,"Census Tract 9102.11, Los Angeles County, California",1771,1776,1677,5,-99,-94,0.28,-5.57,-5.31,Los Angeles County
1400000US06037910212,"Census Tract 9102.12, Los Angeles County, California",3643,3406,3143,-237,-263,-500,-6.51,-7.72,-13.72,Los Angeles County
1400000US06037910213,"Census Tract 9102.13, Los Angeles County, California",1464,1551,1530,87,-21,66,5.94,-1.35,4.51,Los Angeles County
1400000US06037910214,"Census Tract 9102.14, Los Angeles County, California",5163,5656,5499,493,-157,336,9.55,-2.78,6.51,Los Angeles County
1400000US06037910215,"Census Tract 9102.15, Los Angeles County, California",6628,6915,6659,287,-256,31,4.33,-3.7,0.47,Los Angeles County
1400000US06037910216,"Census Tract 9102.16, Los Angeles County, California",5503,5740,5257,237,-483,-246,4.31,-8.41,-4.47,Los Angeles County
1400000US06037910217,"Census Tract 9102.17, Los Angeles County, California",4415,5064,5356,649,292,941,14.7,5.77,21.31,Los Angeles County
1400000US06037910218,"Census Tract 9102.18, Los Angeles County, California",4338,4723,4591,385,-132,253,8.88,-2.79,5.83,Los Angeles County
1400000US06037910301,"Census Tract 9103.01, Los Angeles County, California",3938,4031,4332,93,301,394,2.36,7.47,10.01,Los Angeles County
1400000US06037910302,"Census Tract 9103.02, Los Angeles County, California",5114,5697,6138,583,441,1024,11.4,7.74,20.02,Los Angeles County
1400000US06037910401,"Census Tract 9104.01, Los Angeles County, California",5625,5931,6096,306,165,471,5.44,2.78,8.37,Los Angeles County
1400000US06037910404,"Census Tract 9104.04, Los Angeles County, California",4259,4959,4863,700,-96,604,16.44,-1.94,14.18,Los Angeles County
1400000US06037910405,"Census Tract 9104.05, Los Angeles County, California",5563,6169,5882,606,-287,319,10.89,-4.65,5.73,Los Angeles County
1400000US06037910501,"Census Tract 9105.01, Los Angeles County, California",5078,5448,5460,370,12,382,7.29,0.22,7.52,Los Angeles County
1400000US06037910502,"Census Tract 9105.02, Los Angeles County, California",4430,4822,4875,392,53,445,8.85,1.1,10.05,Los Angeles County
1400000US06037910504,"Census Tract 9105.04, Los Angeles County, California",3951,4431,4363,480,-68,412,12.15,-1.53,10.43,Los Angeles County
1400000US06037910505,"Census Tract 9105.05, Los Angeles County, California",3409,3657,3251,248,-406,-158,7.27,-11.1,-4.63,Los Angeles County
1400000US06037910601,"Census Tract 9106.01, Los Angeles County, California",6158,6806,6449,648,-357,291,10.52,-5.25,4.73,Los Angeles County
1400000US06037910602,"Census Tract 9106.02, Los Angeles County, California",4381,4868,4867,487,-1,486,11.12,-0.02,11.09,Los Angeles County
1400000US06037910605,"Census Tract 9106.05, Los Angeles County, California",4694,5316,5376,622,60,682,13.25,1.13,14.53,Los Angeles County
1400000US06037910606,"Census Tract 9106.06, Los Angeles County, California",3154,3281,3209,127,-72,55,4.03,-2.19,1.74,Los Angeles County
1400000US06037910607,"Census Tract 9106.07, Los Angeles County, California",3736,4167,4233,431,66,497,11.54,1.58,13.3,Los Angeles County
1400000US06037910608,"Census Tract 9106.08, Los Angeles County, California",3498,3409,3636,-89,227,138,-2.54,6.66,3.95,Los Angeles County
1400000US06037910706,"Census Tract 9107.06, Los Angeles County, California",6170,6873,6888,703,15,718,11.39,0.22,11.64,Los Angeles County
1400000US06037910707,"Census Tract 9107.07, Los Angeles County, California",4803,5157,5101,354,-56,298,7.37,-1.09,6.2,Los Angeles County
1400000US06037910709,"Census Tract 9107.09, Los Angeles County, California",1758,1734,1660,-24,-74,-98,-1.37,-4.27,-5.57,Los Angeles County
1400000US06037910712,"Census Tract 9107.12, Los Angeles County, California",3046,3307,3322,261,15,276,8.57,0.45,9.06,Los Angeles County
1400000US06037910713,"Census Tract 9107.13, Los Angeles County, California",6310,6916,7172,606,256,862,9.6,3.7,13.66,Los Angeles County
1400000US06037910714,"Census Tract 9107.14, Los Angeles County, California",3661,3988,4116,327,128,455,8.93,3.21,12.43,Los Angeles County
1400000US06037910715,"Census Tract 9107.15, Los Angeles County, California",6076,6502,6538,426,36,462,7.01,0.55,7.6,Los Angeles County
1400000US06037910716,"Census Tract 9107.16, Los Angeles County, California",5916,6460,6488,544,28,572,9.2,0.43,9.67,Los Angeles County
1400000US06037910717,"Census Tract 9107.17, Los Angeles County, California",2329,2456,2308,127,-148,-21,5.45,-6.03,-0.9,Los Angeles County
1400000US06037910718,"Census Tract 9107.18, Los Angeles County, California",4930,5007,5308,77,301,378,1.56,6.01,7.67,Los Angeles County
1400000US06037910719,"Census Tract 9107.19, Los Angeles County, California",3828,4519,4658,691,139,830,18.05,3.08,21.68,Los Angeles County
1400000US06037910720,"Census Tract 9107.20, Los Angeles County, California",4591,5631,5366,1040,-265,775,22.65,-4.71,16.88,Los Angeles County
1400000US06037910721,"Census Tract 9107.21, Los Angeles County, California",3247,3703,3708,456,5,461,14.04,0.14,14.2,Los Angeles County
1400000US06037910804,"Census Tract 9108.04, Los Angeles County, California",2986,2878,2900,-108,22,-86,-3.62,0.76,-2.88,Los Angeles County
1400000US06037910807,"Census Tract 9108.07, Los Angeles County, California",5825,6132,6142,307,10,317,5.27,0.16,5.44,Los Angeles County
1400000US06037910808,"Census Tract 9108.08, Los Angeles County, California",3553,3836,3836,283,0,283,7.97,0,7.97,Los Angeles County
1400000US06037910809,"Census Tract 9108.09, Los Angeles County, California",2142,2275,2219,133,-56,77,6.21,-2.46,3.59,Los Angeles County
1400000US06037910810,"Census Tract 9108.10, Los Angeles County, California",2573,2703,2927,130,224,354,5.05,8.29,13.76,Los Angeles County
1400000US06037910814,"Census Tract 9108.14, Los Angeles County, California",3870,3706,3434,-164,-272,-436,-4.24,-7.34,-11.27,Los Angeles County
1400000US06037910815,"Census Tract 9108.15, Los Angeles County, California",5177,4982,5272,-195,290,95,-3.77,5.82,1.84,Los Angeles County
1400000US06037911001,"Census Tract 9110.01, Los Angeles County, California",3718,3694,3658,-24,-36,-60,-0.65,-0.97,-1.61,Los Angeles County
1400000US06037911100,"Census Tract 9111, Los Angeles County, California",8380,7886,7316,-494,-570,-1064,-5.89,-7.23,-12.7,Los Angeles County
1400000US06037920013,"Census Tract 9200.13, Los Angeles County, California",6854,7661,8039,807,378,1185,11.77,4.93,17.29,Los Angeles County
1400000US06037920015,"Census Tract 9200.15, Los Angeles County, California",6503,7284,6443,781,-841,-60,12.01,-11.55,-0.92,Los Angeles County
1400000US06037920016,"Census Tract 9200.16, Los Angeles County, California",4039,4229,4901,190,672,862,4.7,15.89,21.34,Los Angeles County
1400000US06037920017,"Census Tract 9200.17, Los Angeles County, California",4211,4295,4224,84,-71,13,1.99,-1.65,0.31,Los Angeles County
1400000US06037920018,"Census Tract 9200.18, Los Angeles County, California",1984,2114,2065,130,-49,81,6.55,-2.32,4.08,Los Angeles County
1400000US06037920020,"Census Tract 9200.20, Los Angeles County, California",5968,5983,5655,15,-328,-313,0.25,-5.48,-5.24,Los Angeles County
1400000US06037920028,"Census Tract 9200.28, Los Angeles County, California",8400,9158,9068,758,-90,668,9.02,-0.98,7.95,Los Angeles County
1400000US06037920029,"Census Tract 9200.29, Los Angeles County, California",5065,5209,3681,144,-1528,-1384,2.84,-29.33,-27.32,Los Angeles County
1400000US06037920030,"Census Tract 9200.30, Los Angeles County, California",4816,4954,5506,138,552,690,2.87,11.14,14.33,Los Angeles County
1400000US06037920031,"Census Tract 9200.31, Los Angeles County, California",4741,5045,5924,304,879,1183,6.41,17.42,24.95,Los Angeles County
1400000US06037920034,"Census Tract 9200.34, Los Angeles County, California",3363,3667,3977,304,310,614,9.04,8.45,18.26,Los Angeles County
1400000US06037920035,"Census Tract 9200.35, Los Angeles County, California",7120,8186,8598,1066,412,1478,14.97,5.03,20.76,Los Angeles County
1400000US06037920038,"Census Tract 9200.38, Los Angeles County, California",1658,1785,3014,127,1229,1356,7.66,68.85,81.79,Los Angeles County
1400000US06037920039,"Census Tract 9200.39, Los Angeles County, California",1623,1559,1677,-64,118,54,-3.94,7.57,3.33,Los Angeles County
1400000US06037920040,"Census Tract 9200.40, Los Angeles County, California",4000,3288,3270,-712,-18,-730,-17.8,-0.55,-18.25,Los Angeles County
1400000US06037920041,"Census Tract 9200.41, Los Angeles County, California",1425,2626,2952,1201,326,1527,84.28,12.41,107.16,Los Angeles County
1400000US06037920042,"Census Tract 9200.42, Los Angeles County, California",6604,6915,6583,311,-332,-21,4.71,-4.8,-0.32,Los Angeles County
1400000US06037920043,"Census Tract 9200.43, Los Angeles County, California",7533,8468,8748,935,280,1215,12.41,3.31,16.13,Los Angeles County
1400000US06037920044,"Census Tract 9200.44, Los Angeles County, California",2370,2580,2544,210,-36,174,8.86,-1.4,7.34,Los Angeles County
1400000US06037920045,"Census Tract 9200.45, Los Angeles County, California",4404,4514,4492,110,-22,88,2.5,-0.49,2,Los Angeles County
1400000US06037920046,"Census Tract 9200.46, Los Angeles County, California",3836,4033,3741,197,-292,-95,5.14,-7.24,-2.48,Los Angeles County
1400000US06037920047,"Census Tract 9200.47, Los Angeles County, California",6755,7982,7559,1227,-423,804,18.16,-5.3,11.9,Los Angeles County
1400000US06037920048,"Census Tract 9200.48, Los Angeles County, California",5305,5745,5431,440,-314,126,8.29,-5.47,2.38,Los Angeles County
1400000US06037920049,"Census Tract 9200.49, Los Angeles County, California",5228,5759,5936,531,177,708,10.16,3.07,13.54,Los Angeles County
1400000US06037920050,"Census Tract 9200.50, Los Angeles County, California",1248,1201,1040,-47,-161,-208,-3.77,-13.41,-16.67,Los Angeles County
1400000US06037920102,"Census Tract 9201.02, Los Angeles County, California",4687,4614,4899,-73,285,212,-1.56,6.18,4.52,Los Angeles County
1400000US06037920104,"Census Tract 9201.04, Los Angeles County, California",2939,2886,2959,-53,73,20,-1.8,2.53,0.68,Los Angeles County
1400000US06037920106,"Census Tract 9201.06, Los Angeles County, California",3828,3763,3761,-65,-2,-67,-1.7,-0.05,-1.75,Los Angeles County
1400000US06037920109,"Census Tract 9201.09, Los Angeles County, California",4883,4828,4740,-55,-88,-143,-1.13,-1.82,-2.93,Los Angeles County
1400000US06037920110,"Census Tract 9201.10, Los Angeles County, California",2989,3227,3061,238,-166,72,7.96,-5.14,2.41,Los Angeles County
1400000US06037920111,"Census Tract 9201.11, Los Angeles County, California",2935,3187,3092,252,-95,157,8.59,-2.98,5.35,Los Angeles County
1400000US06037920112,"Census Tract 9201.12, Los Angeles County, California",4076,4268,3925,192,-343,-151,4.71,-8.04,-3.7,Los Angeles County
1400000US06037920114,"Census Tract 9201.14, Los Angeles County, California",6463,6050,5959,-413,-91,-504,-6.39,-1.5,-7.8,Los Angeles County
1400000US06037920115,"Census Tract 9201.15, Los Angeles County, California",4193,4532,4216,339,-316,23,8.08,-6.97,0.55,Los Angeles County
1400000US06037920116,"Census Tract 9201.16, Los Angeles County, California",4999,4984,5171,-15,187,172,-0.3,3.75,3.44,Los Angeles County
1400000US06037920118,"Census Tract 9201.18, Los Angeles County, California",6172,5889,6047,-283,158,-125,-4.59,2.68,-2.03,Los Angeles County
1400000US06037920119,"Census Tract 9201.19, Los Angeles County, California",1844,1817,1784,-27,-33,-60,-1.46,-1.82,-3.25,Los Angeles County
1400000US06037920120,"Census Tract 9201.20, Los Angeles County, California",4062,3998,4283,-64,285,221,-1.58,7.13,5.44,Los Angeles County
1400000US06037920121,"Census Tract 9201.21, Los Angeles County, California",9385,10391,10241,1006,-150,856,10.72,-1.44,9.12,Los Angeles County
1400000US06037920200,"Census Tract 9202, Los Angeles County, California",5460,5850,4155,390,-1695,-1305,7.14,-28.97,-23.9,Los Angeles County
1400000US06037920303,"Census Tract 9203.03, Los Angeles County, California",1573,1516,1507,-57,-9,-66,-3.62,-0.59,-4.2,Los Angeles County
1400000US06037920312,"Census Tract 9203.12, Los Angeles County, California",6327,6561,6363,234,-198,36,3.7,-3.02,0.57,Los Angeles County
1400000US06037920313,"Census Tract 9203.13, Los Angeles County, California",4954,5298,5487,344,189,533,6.94,3.57,10.76,Los Angeles County
1400000US06037920314,"Census Tract 9203.14, Los Angeles County, California",3200,3448,3368,248,-80,168,7.75,-2.32,5.25,Los Angeles County
1400000US06037920322,"Census Tract 9203.22, Los Angeles County, California",2646,2883,2767,237,-116,121,8.96,-4.02,4.57,Los Angeles County
1400000US06037920326,"Census Tract 9203.26, Los Angeles County, California",6166,6315,6464,149,149,298,2.42,2.36,4.83,Los Angeles County
1400000US06037920328,"Census Tract 9203.28, Los Angeles County, California",2011,2012,1956,1,-56,-55,0.05,-2.78,-2.73,Los Angeles County
1400000US06037920329,"Census Tract 9203.29, Los Angeles County, California",6654,6653,6445,-1,-208,-209,-0.02,-3.13,-3.14,Los Angeles County
1400000US06037920330,"Census Tract 9203.30, Los Angeles County, California",3436,3573,3590,137,17,154,3.99,0.48,4.48,Los Angeles County
1400000US06037920331,"Census Tract 9203.31, Los Angeles County, California",3467,3937,3764,470,-173,297,13.56,-4.39,8.57,Los Angeles County
1400000US06037920332,"Census Tract 9203.32, Los Angeles County, California",2324,2426,2215,102,-211,-109,4.39,-8.7,-4.69,Los Angeles County
1400000US06037920334,"Census Tract 9203.34, Los Angeles County, California",5882,6340,6122,458,-218,240,7.79,-3.44,4.08,Los Angeles County
1400000US06037920338,"Census Tract 9203.38, Los Angeles County, California",5723,5720,5651,-3,-69,-72,-0.05,-1.21,-1.26,Los Angeles County
1400000US06037920339,"Census Tract 9203.39, Los Angeles County, California",7851,8158,8749,307,591,898,3.91,7.24,11.44,Los Angeles County
1400000US06037920340,"Census Tract 9203.40, Los Angeles County, California",2920,3255,3072,335,-183,152,11.47,-5.62,5.21,Los Angeles County
1400000US06037920341,"Census Tract 9203.41, Los Angeles County, California",3299,3384,3198,85,-186,-101,2.58,-5.5,-3.06,Los Angeles County
1400000US06037920342,"Census Tract 9203.42, Los Angeles County, California",3040,3156,3175,116,19,135,3.82,0.6,4.44,Los Angeles County
1400000US06037920343,"Census Tract 9203.43, Los Angeles County, California",3972,4062,4206,90,144,234,2.27,3.55,5.89,Los Angeles County
1400000US06037930400,"Census Tract 9304, Los Angeles County, California",1387,1321,1234,-66,-87,-153,-4.76,-6.59,-11.03,Los Angeles County
1400000US06037980001,"Census Tract 9800.01, Los Angeles County, California",0,0,0,0,0,0,#DIV/0!,#DIV/0!,#DIV/0!,Los Angeles County
1400000US06037980002,"Census Tract 9800.02, Los Angeles County, California",0,0,0,0,0,0,#DIV/0!,#DIV/0!,#DIV/0!,Los Angeles County
1400000US06037980003,"Census Tract 9800.03, Los Angeles County, California",0,0,0,0,0,0,#DIV/0!,#DIV/0!,#DIV/0!,Los Angeles County
1400000US06037980004,"Census Tract 9800.04, Los Angeles County, California",0,0,0,0,0,0,#DIV/0!,#DIV/0!,#DIV/0!,Los Angeles County
1400000US06037980005,"Census Tract 9800.05, Los Angeles County, California",0,0,0,0,0,0,#DIV/0!,#DIV/0!,#DIV/0!,Los Angeles County
1400000US06037980006,"Census Tract 9800.06, Los Angeles County, California",0,0,0,0,0,0,#DIV/0!,#DIV/0!,#DIV/0!,Los Angeles County
1400000US06037980007,"Census Tract 9800.07, Los Angeles County, California",0,0,0,0,0,0,#DIV/0!,#DIV/0!,#DIV/0!,Los Angeles County
1400000US06037980008,"Census Tract 9800.08, Los Angeles County, California",65,150,110,85,-40,45,130.77,-26.67,69.23,Los Angeles County
1400000US06037980009,"Census Tract 9800.09, Los Angeles County, California",5,5,5,0,0,0,0,0,0,Los Angeles County
1400000US06037980010,"Census Tract 9800.10, Los Angeles County, California",119,109,175,-10,66,56,-8.4,60.55,47.06,Los Angeles County
1400000US06037980011,"Census Tract 9800.11, Los Angeles County, California",75,65,145,-10,80,70,-13.33,123.08,93.33,Los Angeles County
1400000US06037980012,"Census Tract 9800.12, Los Angeles County, California",30,28,27,-2,-1,-3,-6.67,-3.57,-10,Los Angeles County
1400000US06037980013,"Census Tract 9800.13, Los Angeles County, California",0,0,0,0,0,0,#DIV/0!,#DIV/0!,#DIV/0!,Los Angeles County
1400000US06037980014,"Census Tract 9800.14, Los Angeles County, California",45,44,45,-1,1,0,-2.22,2.27,0,Los Angeles County
1400000US06037980015,"Census Tract 9800.15, Los Angeles County, California",993,1028,1116,35,88,123,3.52,8.56,12.39,Los Angeles County
1400000US06037980016,"Census Tract 9800.16, Los Angeles County, California",248,328,329,80,1,81,32.26,0.3,32.66,Los Angeles County
1400000US06037980017,"Census Tract 9800.17, Los Angeles County, California",1120,1075,1379,-45,304,259,-4.02,28.28,23.13,Los Angeles County
1400000US06037980018,"Census Tract 9800.18, Los Angeles County, California",0,0,0,0,0,0,#DIV/0!,#DIV/0!,#DIV/0!,Los Angeles County
1400000US06037980019,"Census Tract 9800.19, Los Angeles County, California",77,66,79,-11,13,2,-14.29,19.7,2.6,Los Angeles County
1400000US06037980020,"Census Tract 9800.20, Los Angeles County, California",0,0,0,0,0,0,#DIV/0!,#DIV/0!,#DIV/0!,Los Angeles County
1400000US06037980021,"Census Tract 9800.21, Los Angeles County, California",45,47,17,2,-30,-28,4.44,-63.83,-62.22,Los Angeles County
1400000US06037980022,"Census Tract 9800.22, Los Angeles County, California",0,0,0,0,0,0,#DIV/0!,#DIV/0!,#DIV/0!,Los Angeles County
1400000US06037980023,"Census Tract 9800.23, Los Angeles County, California",0,0,0,0,0,0,#DIV/0!,#DIV/0!,#DIV/0!,Los Angeles County
1400000US06037980024,"Census Tract 9800.24, Los Angeles County, California",199,200,137,1,-63,-62,0.5,-31.5,-31.16,Los Angeles County
1400000US06037980025,"Census Tract 9800.25, Los Angeles County, California",518,444,411,-74,-33,-107,-14.29,-7.43,-20.66,Los Angeles County
1400000US06037980026,"Census Tract 9800.26, Los Angeles County, California",15,16,11,1,-5,-4,6.67,-31.25,-26.67,Los Angeles County
1400000US06037980028,"Census Tract 9800.28, Los Angeles County, California",0,0,0,0,0,0,#DIV/0!,#DIV/0!,#DIV/0!,Los Angeles County
1400000US06037980030,"Census Tract 9800.30, Los Angeles County, California",0,0,0,0,0,0,#DIV/0!,#DIV/0!,#DIV/0!,Los Angeles County
1400000US06037980031,"Census Tract 9800.31, Los Angeles County, California",1237,1160,954,-77,-206,-283,-6.22,-17.76,-22.88,Los Angeles County
1400000US06037980033,"Census Tract 9800.33, Los Angeles County, California",14,13,7,-1,-6,-7,-7.14,-46.15,-50,Los Angeles County
1400000US06037980034,"Census Tract 9800.34, Los Angeles County, California",9,9,0,0,-9,-9,0,-100,-100,Los Angeles County
1400000US06037980035,"Census Tract 9800.35, Los Angeles County, California",584,629,632,45,3,48,7.71,0.48,8.22,Los Angeles County
1400000US06037980036,"Census Tract 9800.36, Los Angeles County, California",1039,515,776,-524,261,-263,-50.43,50.68,-25.31,Los Angeles County
1400000US06037980037,"Census Tract 9800.37, Los Angeles County, California",0,0,0,0,0,0,#DIV/0!,#DIV/0!,#DIV/0!,Los Angeles County
1400000US06037980038,"Census Tract 9800.38, Los Angeles County, California",0,0,0,0,0,0,#DIV/0!,#DIV/0!,#DIV/0!,Los Angeles County
1400000US06037980039,"Census Tract 9800.39, Los Angeles County, California",0,0,0,0,0,0,#DIV/0!,#DIV/0!,#DIV/0!,Los Angeles County
1400000US06037990100,"Census Tract 9901, Los Angeles County, California",0,0,0,0,0,0,#DIV/0!,#DIV/0!,#DIV/0!,Los Angeles County
1400000US06037990200,"Census Tract 9902, Los Angeles County, California",0,0,0,0,0,0,#DIV/0!,#DIV/0!,#DIV/0!,Los Angeles County
1400000US06037990300,"Census Tract 9903, Los Angeles County, California",0,0,0,0,0,0,#DIV/0!,#DIV/0!,#DIV/0!,Los Angeles County
1400000US06039000102,"Census Tract 1.02, Madera County, California",4229,4007,4441,-222,434,212,-5.25,10.83,5.01,Madera County
1400000US06039000103,"Census Tract 1.03, Madera County, California",4272,4043,3613,-229,-430,-659,-5.36,-10.64,-15.43,Madera County
1400000US06039000104,"Census Tract 1.04, Madera County, California",4179,3994,3889,-185,-105,-290,-4.43,-2.63,-6.94,Madera County
1400000US06039000106,"Census Tract 1.06, Madera County, California",5396,5511,5349,115,-162,-47,2.13,-2.94,-0.87,Madera County
1400000US06039000109,"Census Tract 1.09, Madera County, California",2210,2141,2323,-69,182,113,-3.12,8.5,5.11,Madera County
1400000US06039000110,"Census Tract 1.10, Madera County, California",5084,5072,5089,-12,17,5,-0.24,0.34,0.1,Madera County
1400000US06039000111,"Census Tract 1.11, Madera County, California",2223,2233,2264,10,31,41,0.45,1.39,1.84,Madera County
1400000US06039000201,"Census Tract 2.01, Madera County, California",8489,8572,7043,83,-1529,-1446,0.98,-17.84,-17.03,Madera County
1400000US06039000203,"Census Tract 2.03, Madera County, California",1383,1540,1697,157,157,314,11.35,10.19,22.7,Madera County
1400000US06039000204,"Census Tract 2.04, Madera County, California",4657,4635,5428,-22,793,771,-0.47,17.11,16.56,Madera County
1400000US06039000301,"Census Tract 3.01, Madera County, California",3613,3770,4182,157,412,569,4.35,10.93,15.75,Madera County
1400000US06039000302,"Census Tract 3.02, Madera County, California",4690,4916,5151,226,235,461,4.82,4.78,9.83,Madera County
1400000US06039000506,"Census Tract 5.06, Madera County, California",7097,7023,6906,-74,-117,-191,-1.04,-1.67,-2.69,Madera County
1400000US06039000509,"Census Tract 5.09, Madera County, California",5551,5158,5452,-393,294,-99,-7.08,5.7,-1.78,Madera County
1400000US06039000510,"Census Tract 5.10, Madera County, California",6128,6190,6409,62,219,281,1.01,3.54,4.59,Madera County
1400000US06039000511,"Census Tract 5.11, Madera County, California",6557,6553,6434,-4,-119,-123,-0.06,-1.82,-1.88,Madera County
1400000US06039000512,"Census Tract 5.12, Madera County, California",4693,4653,4882,-40,229,189,-0.85,4.92,4.03,Madera County
1400000US06039000513,"Census Tract 5.13, Madera County, California",3773,3583,3274,-190,-309,-499,-5.04,-8.62,-13.23,Madera County
1400000US06039000514,"Census Tract 5.14, Madera County, California",7696,6926,6604,-770,-322,-1092,-10.01,-4.65,-14.19,Madera County
1400000US06039000515,"Census Tract 5.15, Madera County, California",3705,3770,3735,65,-35,30,1.75,-0.93,0.81,Madera County
1400000US06039000516,"Census Tract 5.16, Madera County, California",2559,2736,2734,177,-2,175,6.92,-0.07,6.84,Madera County
1400000US06039000517,"Census Tract 5.17, Madera County, California",2599,2655,2635,56,-20,36,2.15,-0.75,1.39,Madera County
1400000US06039000518,"Census Tract 5.18, Madera County, California",2725,2559,2500,-166,-59,-225,-6.09,-2.31,-8.26,Madera County
1400000US06039000602,"Census Tract 6.02, Madera County, California",4067,4567,4432,500,-135,365,12.29,-2.96,8.97,Madera County
1400000US06039000603,"Census Tract 6.03, Madera County, California",6293,6008,6118,-285,110,-175,-4.53,1.83,-2.78,Madera County
1400000US06039000604,"Census Tract 6.04, Madera County, California",5130,5497,5735,367,238,605,7.15,4.33,11.79,Madera County
1400000US06039000701,"Census Tract 7.01, Madera County, California",5433,5402,5399,-31,-3,-34,-0.57,-0.06,-0.63,Madera County
1400000US06039000702,"Census Tract 7.02, Madera County, California",6611,6601,6632,-10,31,21,-0.15,0.47,0.32,Madera County
1400000US06039000801,"Census Tract 8.01, Madera County, California",2625,2393,2422,-232,29,-203,-8.84,1.21,-7.73,Madera County
1400000US06039000802,"Census Tract 8.02, Madera County, California",4167,4297,4311,130,14,144,3.12,0.33,3.46,Madera County
1400000US06039000901,"Census Tract 9.01, Madera County, California",3884,4195,3031,311,-1164,-853,8.01,-27.75,-21.96,Madera County
1400000US06039000902,"Census Tract 9.02, Madera County, California",3977,4610,4948,633,338,971,15.92,7.33,24.42,Madera County
1400000US06039000903,"Census Tract 9.03, Madera County, California",3620,3447,4298,-173,851,678,-4.78,24.69,18.73,Madera County
1400000US06039001100,"Census Tract 11, Madera County, California",6610,7047,7883,437,836,1273,6.61,11.86,19.26,Madera County
1400000US06041101100,"Census Tract 1011, Marin County, California",2750,2591,2496,-159,-95,-254,-5.78,-3.67,-9.24,Marin County
1400000US06041101200,"Census Tract 1012, Marin County, California",2814,2787,2770,-27,-17,-44,-0.96,-0.61,-1.56,Marin County
1400000US06041102100,"Census Tract 1021, Marin County, California",2234,2163,2105,-71,-58,-129,-3.18,-2.68,-5.77,Marin County
1400000US06041102202,"Census Tract 1022.02, Marin County, California",5391,5416,5393,25,-23,2,0.46,-0.42,0.04,Marin County
1400000US06041102203,"Census Tract 1022.03, Marin County, California",5800,5412,5486,-388,74,-314,-6.69,1.37,-5.41,Marin County
1400000US06041103100,"Census Tract 1031, Marin County, California",7412,7422,7228,10,-194,-184,0.13,-2.61,-2.48,Marin County
1400000US06041103200,"Census Tract 1032, Marin County, California",7686,7752,7457,66,-295,-229,0.86,-3.81,-2.98,Marin County
1400000US06041104102,"Census Tract 1041.02, Marin County, California",5615,5574,5274,-41,-300,-341,-0.73,-5.38,-6.07,Marin County
1400000US06041104103,"Census Tract 1041.03, Marin County, California",2572,2619,2884,47,265,312,1.83,10.12,12.13,Marin County
1400000US06041104104,"Census Tract 1041.04, Marin County, California",4689,4740,5173,51,433,484,1.09,9.14,10.32,Marin County
1400000US06041104200,"Census Tract 1042, Marin County, California",5929,5839,5668,-90,-171,-261,-1.52,-2.93,-4.4,Marin County
1400000US06041104300,"Census Tract 1043, Marin County, California",1731,1707,1742,-24,35,11,-1.39,2.05,0.64,Marin County
1400000US06041105001,"Census Tract 1050.01, Marin County, California",4350,4209,4324,-141,115,-26,-3.24,2.73,-0.6,Marin County
1400000US06041105002,"Census Tract 1050.02, Marin County, California",2873,2984,3030,111,46,157,3.86,1.54,5.46,Marin County
1400000US06041106001,"Census Tract 1060.01, Marin County, California",4584,4664,5466,80,802,882,1.75,17.2,19.24,Marin County
1400000US06041106002,"Census Tract 1060.02, Marin County, California",5408,5562,5991,154,429,583,2.85,7.71,10.78,Marin County
1400000US06041107000,"Census Tract 1070, Marin County, California",6738,6546,6334,-192,-212,-404,-2.85,-3.24,-6,Marin County
1400000US06041108100,"Census Tract 1081, Marin County, California",6629,6837,6701,208,-136,72,3.14,-1.99,1.09,Marin County
1400000US06041108201,"Census Tract 1082.01, Marin County, California",2360,2467,2365,107,-102,5,4.53,-4.13,0.21,Marin County
1400000US06041108202,"Census Tract 1082.02, Marin County, California",4548,5125,4777,577,-348,229,12.69,-6.79,5.04,Marin County
1400000US06041109001,"Census Tract 1090.01, Marin County, California",3907,4022,3864,115,-158,-43,2.94,-3.93,-1.1,Marin County
1400000US06041109002,"Census Tract 1090.02, Marin County, California",4241,4440,4345,199,-95,104,4.69,-2.14,2.45,Marin County
1400000US06041110100,"Census Tract 1101, Marin County, California",5667,5745,5703,78,-42,36,1.38,-0.73,0.64,Marin County
1400000US06041110200,"Census Tract 1102, Marin County, California",5110,5485,5261,375,-224,151,7.34,-4.08,2.95,Marin County
1400000US06041111001,"Census Tract 1110.01, Marin County, California",762,762,850,0,88,88,0,11.55,11.55,Marin County
1400000US06041111002,"Census Tract 1110.02, Marin County, California",4070,4009,4018,-61,9,-52,-1.5,0.22,-1.28,Marin County
1400000US06041112100,"Census Tract 1121, Marin County, California",4500,4594,4352,94,-242,-148,2.09,-5.27,-3.29,Marin County
1400000US06041112202,"Census Tract 1122.02, Marin County, California",5658,5984,5808,326,-176,150,5.76,-2.94,2.65,Marin County
1400000US06041112203,"Census Tract 1122.03, Marin County, California",2461,2533,2498,72,-35,37,2.93,-1.38,1.5,Marin County
1400000US06041112204,"Census Tract 1122.04, Marin County, California",4806,4689,4266,-117,-423,-540,-2.43,-9.02,-11.24,Marin County
1400000US06041113000,"Census Tract 1130, Marin County, California",3543,3357,3612,-186,255,69,-5.25,7.6,1.95,Marin County
1400000US06041114100,"Census Tract 1141, Marin County, California",5244,4954,5031,-290,77,-213,-5.53,1.55,-4.06,Marin County
1400000US06041114200,"Census Tract 1142, Marin County, California",3311,3496,3352,185,-144,41,5.59,-4.12,1.24,Marin County
1400000US06041115000,"Census Tract 1150, Marin County, California",7668,7971,7965,303,-6,297,3.95,-0.08,3.87,Marin County
1400000US06041116000,"Census Tract 1160, Marin County, California",3156,3144,3143,-12,-1,-13,-0.38,-0.03,-0.41,Marin County
1400000US06041117000,"Census Tract 1170, Marin County, California",4250,4293,4452,43,159,202,1.01,3.7,4.75,Marin County
1400000US06041118100,"Census Tract 1181, Marin County, California",2453,2405,2537,-48,132,84,-1.96,5.49,3.42,Marin County
1400000US06041119100,"Census Tract 1191, Marin County, California",5060,5091,5149,31,58,89,0.61,1.14,1.76,Marin County
1400000US06041119201,"Census Tract 1192.01, Marin County, California",3611,3725,3812,114,87,201,3.16,2.34,5.57,Marin County
1400000US06041119202,"Census Tract 1192.02, Marin County, California",3704,3849,3704,145,-145,0,3.91,-3.77,0,Marin County
1400000US06041120001,"Census Tract 1200.01, Marin County, California",1318,1357,1615,39,258,297,2.96,19.01,22.53,Marin County
1400000US06041120002,"Census Tract 1200.02, Marin County, California",4649,4829,4780,180,-49,131,3.87,-1.01,2.82,Marin County
1400000US06041121100,"Census Tract 1211, Marin County, California",5331,5752,5749,421,-3,418,7.9,-0.05,7.84,Marin County
1400000US06041121200,"Census Tract 1212, Marin County, California",6458,6619,6256,161,-363,-202,2.49,-5.48,-3.13,Marin County
1400000US06041122000,"Census Tract 1220, Marin County, California",2458,2156,1559,-302,-597,-899,-12.29,-27.69,-36.57,Marin County
1400000US06041123000,"Census Tract 1230, Marin County, California",2235,2303,2312,68,9,77,3.04,0.39,3.45,Marin County
1400000US06041124100,"Census Tract 1241, Marin County, California",5801,5399,5430,-402,31,-371,-6.93,0.57,-6.4,Marin County
1400000US06041124200,"Census Tract 1242, Marin County, California",5303,5609,5703,306,94,400,5.77,1.68,7.54,Marin County
1400000US06041125000,"Census Tract 1250, Marin County, California",4252,4396,4534,144,138,282,3.39,3.14,6.63,Marin County
1400000US06041126100,"Census Tract 1261, Marin County, California",6283,6237,6105,-46,-132,-178,-0.73,-2.12,-2.83,Marin County
1400000US06041126200,"Census Tract 1262, Marin County, California",4347,4320,4180,-27,-140,-167,-0.62,-3.24,-3.84,Marin County
1400000US06041127000,"Census Tract 1270, Marin County, California",4660,4599,4588,-61,-11,-72,-1.31,-0.24,-1.55,Marin County
1400000US06041128100,"Census Tract 1281, Marin County, California",7380,7477,7360,97,-117,-20,1.31,-1.56,-0.27,Marin County
1400000US06041128200,"Census Tract 1282, Marin County, California",5246,5385,5297,139,-88,51,2.65,-1.63,0.97,Marin County
1400000US06041129000,"Census Tract 1290, Marin County, California",2713,2808,2922,95,114,209,3.5,4.06,7.7,Marin County
1400000US06041130201,"Census Tract 1302.01, Marin County, California",3331,3342,3367,11,25,36,0.33,0.75,1.08,Marin County
1400000US06041130203,"Census Tract 1302.03, Marin County, California",2091,2195,2100,104,-95,9,4.97,-4.33,0.43,Marin County
1400000US06041130204,"Census Tract 1302.04, Marin County, California",2287,2430,2448,143,18,161,6.25,0.74,7.04,Marin County
1400000US06041131100,"Census Tract 1311, Marin County, California",1280,1313,1286,33,-27,6,2.58,-2.06,0.47,Marin County
1400000US06041132100,"Census Tract 1321, Marin County, California",1926,1826,1742,-100,-84,-184,-5.19,-4.6,-9.55,Marin County
1400000US06041132200,"Census Tract 1322, Marin County, California",1927,2001,1806,74,-195,-121,3.84,-9.75,-6.28,Marin County
1400000US06041133000,"Census Tract 1330, Marin County, California",2870,3070,2960,200,-110,90,6.97,-3.58,3.14,Marin County
1400000US06041990100,"Census Tract 9901, Marin County, California",0,0,0,0,0,0,#DIV/0!,#DIV/0!,#DIV/0!,Marin County
1400000US06043000101,"Census Tract 1.01, Mariposa County, California",3998,4010,3463,12,-547,-535,0.3,-13.64,-13.38,Mariposa County
1400000US06043000102,"Census Tract 1.02, Mariposa County, California",2702,2570,2384,-132,-186,-318,-4.89,-7.24,-11.77,Mariposa County
1400000US06043000200,"Census Tract 2, Mariposa County, California",2904,2796,2912,-108,116,8,-3.72,4.15,0.28,Mariposa County
1400000US06043000301,"Census Tract 3.01, Mariposa County, California",3725,3987,3705,262,-282,-20,7.03,-7.07,-0.54,Mariposa County
1400000US06043000302,"Census Tract 3.02, Mariposa County, California",2238,2154,2253,-84,99,15,-3.75,4.6,0.67,Mariposa County
1400000US06043000400,"Census Tract 4, Mariposa County, California",1752,1708,2413,-44,705,661,-2.51,41.28,37.73,Mariposa County
1400000US06045010100,"Census Tract 101, Mendocino County, California",2898,2839,2842,-59,3,-56,-2.04,0.11,-1.93,Mendocino County
1400000US06045010200,"Census Tract 102, Mendocino County, California",3516,3665,3173,149,-492,-343,4.24,-13.42,-9.76,Mendocino County
1400000US06045010300,"Census Tract 103, Mendocino County, California",4040,4329,4305,289,-24,265,7.15,-0.55,6.56,Mendocino County
1400000US06045010400,"Census Tract 104, Mendocino County, California",3262,3116,2856,-146,-260,-406,-4.48,-8.34,-12.45,Mendocino County
1400000US06045010500,"Census Tract 105, Mendocino County, California",4575,4562,4697,-13,135,122,-0.28,2.96,2.67,Mendocino County
1400000US06045010601,"Census Tract 106.01, Mendocino County, California",2428,2555,2633,127,78,205,5.23,3.05,8.44,Mendocino County
1400000US06045010602,"Census Tract 106.02, Mendocino County, California",4368,4363,4421,-5,58,53,-0.11,1.33,1.21,Mendocino County
1400000US06045010700,"Census Tract 107, Mendocino County, California",6679,7019,7115,340,96,436,5.09,1.37,6.53,Mendocino County
1400000US06045010801,"Census Tract 108.01, Mendocino County, California",5297,5827,5908,530,81,611,10.01,1.39,11.53,Mendocino County
1400000US06045010802,"Census Tract 108.02, Mendocino County, California",1742,1673,1548,-69,-125,-194,-3.96,-7.47,-11.14,Mendocino County
1400000US06045010900,"Census Tract 109, Mendocino County, California",4637,5008,5568,371,560,931,8,11.18,20.08,Mendocino County
1400000US06045011001,"Census Tract 110.01, Mendocino County, California",1992,2070,1889,78,-181,-103,3.92,-8.74,-5.17,Mendocino County
1400000US06045011003,"Census Tract 110.03, Mendocino County, California",3619,4001,3240,382,-761,-379,10.56,-19.02,-10.47,Mendocino County
1400000US06045011004,"Census Tract 110.04, Mendocino County, California",2125,2458,2519,333,61,394,15.67,2.48,18.54,Mendocino County
1400000US06045011102,"Census Tract 111.02, Mendocino County, California",4305,4427,4827,122,400,522,2.83,9.04,12.13,Mendocino County
1400000US06045011200,"Census Tract 112, Mendocino County, California",3099,3353,3116,254,-237,17,8.2,-7.07,0.55,Mendocino County
1400000US06045011300,"Census Tract 113, Mendocino County, California",5899,6336,6477,437,141,578,7.41,2.23,9.8,Mendocino County
1400000US06045011400,"Census Tract 114, Mendocino County, California",4753,4789,4551,36,-238,-202,0.76,-4.97,-4.25,Mendocino County
1400000US06045011501,"Census Tract 115.01, Mendocino County, California",3925,3891,4110,-34,219,185,-0.87,5.63,4.71,Mendocino County
1400000US06045011502,"Census Tract 115.02, Mendocino County, California",2669,3180,2915,511,-265,246,19.15,-8.33,9.22,Mendocino County
1400000US06045011600,"Census Tract 116, Mendocino County, California",5595,5714,5637,119,-77,42,2.13,-1.35,0.75,Mendocino County
1400000US06045011700,"Census Tract 117, Mendocino County, California",3852,4472,4691,620,219,839,16.1,4.9,21.78,Mendocino County
1400000US06045011800,"Census Tract 118, Mendocino County, California",1835,1887,2107,52,220,272,2.83,11.66,14.82,Mendocino County
1400000US06045990100,"Census Tract 9901, Mendocino County, California",0,0,0,0,0,0,#DIV/0!,#DIV/0!,#DIV/0!,Mendocino County
1400000US06047000201,"Census Tract 2.01, Merced County, California",3560,3324,3359,-236,35,-201,-6.63,1.05,-5.65,Merced County
1400000US06047000202,"Census Tract 2.02, Merced County, California",2270,2066,2142,-204,76,-128,-8.99,3.68,-5.64,Merced County
1400000US06047000204,"Census Tract 2.04, Merced County, California",4863,4563,4585,-300,22,-278,-6.17,0.48,-5.72,Merced County
1400000US06047000205,"Census Tract 2.05, Merced County, California",5444,5150,5092,-294,-58,-352,-5.4,-1.13,-6.47,Merced County
1400000US06047000301,"Census Tract 3.01, Merced County, California",5682,5417,5321,-265,-96,-361,-4.66,-1.77,-6.35,Merced County
1400000US06047000303,"Census Tract 3.03, Merced County, California",2639,2429,2556,-210,127,-83,-7.96,5.23,-3.15,Merced County
1400000US06047000305,"Census Tract 3.05, Merced County, California",6339,6215,6437,-124,222,98,-1.96,3.57,1.55,Merced County
1400000US06047000306,"Census Tract 3.06, Merced County, California",3884,3996,3769,112,-227,-115,2.88,-5.68,-2.96,Merced County
1400000US06047000401,"Census Tract 4.01, Merced County, California",1606,1559,1513,-47,-46,-93,-2.93,-2.95,-5.79,Merced County
1400000US06047000403,"Census Tract 4.03, Merced County, California",4082,4291,4362,209,71,280,5.12,1.65,6.86,Merced County
1400000US06047000404,"Census Tract 4.04, Merced County, California",5329,5080,5261,-249,181,-68,-4.67,3.56,-1.28,Merced County
1400000US06047000503,"Census Tract 5.03, Merced County, California",2908,3087,2802,179,-285,-106,6.16,-9.23,-3.65,Merced County
1400000US06047000504,"Census Tract 5.04, Merced County, California",6637,6419,6606,-218,187,-31,-3.28,2.91,-0.47,Merced County
1400000US06047000505,"Census Tract 5.05, Merced County, California",7101,6974,7283,-127,309,182,-1.79,4.43,2.56,Merced County
1400000US06047000601,"Census Tract 6.01, Merced County, California",4730,5270,5316,540,46,586,11.42,0.87,12.39,Merced County
1400000US06047000602,"Census Tract 6.02, Merced County, California",4712,4423,4545,-289,122,-167,-6.13,2.76,-3.54,Merced County
1400000US06047000603,"Census Tract 6.03, Merced County, California",5422,5836,5996,414,160,574,7.64,2.74,10.59,Merced County
1400000US06047000701,"Census Tract 7.01, Merced County, California",3519,3617,3573,98,-44,54,2.78,-1.22,1.53,Merced County
1400000US06047000702,"Census Tract 7.02, Merced County, California",5339,5221,5429,-118,208,90,-2.21,3.98,1.69,Merced County
1400000US06047000801,"Census Tract 8.01, Merced County, California",5797,6029,6123,232,94,326,4,1.56,5.62,Merced County
1400000US06047000802,"Census Tract 8.02, Merced County, California",4360,4438,4448,78,10,88,1.79,0.23,2.02,Merced County
1400000US06047000901,"Census Tract 9.01, Merced County, California",3878,3807,3410,-71,-397,-468,-1.83,-10.43,-12.07,Merced County
1400000US06047000903,"Census Tract 9.03, Merced County, California",5106,4792,4903,-314,111,-203,-6.15,2.32,-3.98,Merced County
1400000US06047000904,"Census Tract 9.04, Merced County, California",4950,4916,5414,-34,498,464,-0.69,10.13,9.37,Merced County
1400000US06047001003,"Census Tract 10.03, Merced County, California",4567,4509,4541,-58,32,-26,-1.27,0.71,-0.57,Merced County
1400000US06047001004,"Census Tract 10.04, Merced County, California",3776,3847,4001,71,154,225,1.88,4,5.96,Merced County
1400000US06047001005,"Census Tract 10.05, Merced County, California",2378,2445,2459,67,14,81,2.82,0.57,3.41,Merced County
1400000US06047001006,"Census Tract 10.06, Merced County, California",4743,4787,4436,44,-351,-307,0.93,-7.33,-6.47,Merced County
1400000US06047001007,"Census Tract 10.07, Merced County, California",2962,3768,4933,806,1165,1971,27.21,30.92,66.54,Merced County
1400000US06047001008,"Census Tract 10.08, Merced County, California",7327,6774,6974,-553,200,-353,-7.55,2.95,-4.82,Merced County
1400000US06047001101,"Census Tract 11.01, Merced County, California",5665,6216,6279,551,63,614,9.73,1.01,10.84,Merced County
1400000US06047001200,"Census Tract 12, Merced County, California",5810,5344,5408,-466,64,-402,-8.02,1.2,-6.92,Merced County
1400000US06047001301,"Census Tract 13.01, Merced County, California",2914,2928,2984,14,56,70,0.48,1.91,2.4,Merced County
1400000US06047001302,"Census Tract 13.02, Merced County, California",3071,3122,2911,51,-211,-160,1.66,-6.76,-5.21,Merced County
1400000US06047001401,"Census Tract 14.01, Merced County, California",3745,3666,3336,-79,-330,-409,-2.11,-9,-10.92,Merced County
1400000US06047001402,"Census Tract 14.02, Merced County, California",4526,4526,4529,0,3,3,0,0.07,0.07,Merced County
1400000US06047001501,"Census Tract 15.01, Merced County, California",2274,2499,2587,225,88,313,9.89,3.52,13.76,Merced County
1400000US06047001502,"Census Tract 15.02, Merced County, California",2280,2312,2351,32,39,71,1.4,1.69,3.11,Merced County
1400000US06047001503,"Census Tract 15.03, Merced County, California",4712,4818,5314,106,496,602,2.25,10.29,12.78,Merced County
1400000US06047001601,"Census Tract 16.01, Merced County, California",4869,4835,5124,-34,289,255,-0.7,5.98,5.24,Merced County
1400000US06047001603,"Census Tract 16.03, Merced County, California",3983,4046,3965,63,-81,-18,1.58,-2,-0.45,Merced County
1400000US06047001604,"Census Tract 16.04, Merced County, California",3874,3841,3763,-33,-78,-111,-0.85,-2.03,-2.87,Merced County
1400000US06047001700,"Census Tract 17, Merced County, California",6889,7634,7308,745,-326,419,10.81,-4.27,6.08,Merced County
1400000US06047001801,"Census Tract 18.01, Merced County, California",5867,6085,5472,218,-613,-395,3.72,-10.07,-6.73,Merced County
1400000US06047001901,"Census Tract 19.01, Merced County, California",5693,5198,5089,-495,-109,-604,-8.69,-2.1,-10.61,Merced County
1400000US06047001902,"Census Tract 19.02, Merced County, California",2171,2254,2317,83,63,146,3.82,2.8,6.73,Merced County
1400000US06047002001,"Census Tract 20.01, Merced County, California",1119,1365,1056,246,-309,-63,21.98,-22.64,-5.63,Merced County
1400000US06047002002,"Census Tract 20.02, Merced County, California",7534,7642,6828,108,-814,-706,1.43,-10.65,-9.37,Merced County
1400000US06047002100,"Census Tract 21, Merced County, California",4214,3891,4021,-323,130,-193,-7.66,3.34,-4.58,Merced County
1400000US06047002201,"Census Tract 22.01, Merced County, California",6428,6937,7059,509,122,631,7.92,1.76,9.82,Merced County
1400000US06047002203,"Census Tract 22.03, Merced County, California",5087,5557,5309,470,-248,222,9.24,-4.46,4.36,Merced County
1400000US06047002204,"Census Tract 22.04, Merced County, California",5629,6626,6847,997,221,1218,17.71,3.34,21.64,Merced County
1400000US06047002301,"Census Tract 23.01, Merced County, California",7045,8125,9371,1080,1246,2326,15.33,15.34,33.02,Merced County
1400000US06047002303,"Census Tract 23.03, Merced County, California",6176,6981,6768,805,-213,592,13.03,-3.05,9.59,Merced County
1400000US06047002304,"Census Tract 23.04, Merced County, California",1909,2297,2415,388,118,506,20.32,5.14,26.51,Merced County
1400000US06047002305,"Census Tract 23.05, Merced County, California",4181,4700,5029,519,329,848,12.41,7,20.28,Merced County
1400000US06047002306,"Census Tract 23.06, Merced County, California",3057,3252,2891,195,-361,-166,6.38,-11.1,-5.43,Merced County
1400000US06047002401,"Census Tract 24.01, Merced County, California",1358,1430,1428,72,-2,70,5.3,-0.14,5.15,Merced County
1400000US06047002403,"Census Tract 24.03, Merced County, California",2689,2570,2949,-119,379,260,-4.43,14.75,9.67,Merced County
1400000US06047002404,"Census Tract 24.04, Merced County, California",4235,4559,4835,324,276,600,7.65,6.05,14.17,Merced County
1400000US06047002500,"Census Tract 25, Merced County, California",2343,2288,2303,-55,15,-40,-2.35,0.66,-1.71,Merced County
1400000US06047002601,"Census Tract 26.01, Merced County, California",2370,2423,2592,53,169,222,2.24,6.97,9.37,Merced County
1400000US06047002602,"Census Tract 26.02, Merced County, California",4034,4134,4263,100,129,229,2.48,3.12,5.68,Merced County
1400000US06049000100,"Census Tract 1, Modoc County, California",3299,3464,3117,165,-347,-182,5,-10.02,-5.52,Modoc County
1400000US06049000200,"Census Tract 2, Modoc County, California",1602,1497,1692,-105,195,90,-6.55,13.03,5.62,Modoc County
1400000US06049000300,"Census Tract 3, Modoc County, California",2568,2527,2549,-41,22,-19,-1.6,0.87,-0.74,Modoc County
1400000US06049000400,"Census Tract 4, Modoc County, California",1384,1235,1293,-149,58,-91,-10.77,4.7,-6.58,Modoc County
1400000US06051000101,"Census Tract 1.01, Mono County, California",4039,3948,3506,-91,-442,-533,-2.25,-11.2,-13.2,Mono County
1400000US06051000102,"Census Tract 1.02, Mono County, California",2093,2022,2460,-71,438,367,-3.39,21.66,17.53,Mono County
1400000US06051000201,"Census Tract 2.01, Mono County, California",3072,2910,3213,-162,303,141,-5.27,10.41,4.59,Mono County
1400000US06051000202,"Census Tract 2.02, Mono County, California",5191,4411,4040,-780,-371,-1151,-15.03,-8.41,-22.17,Mono County
1400000US06053000101,"Census Tract 1.01, Monterey County, California",2346,2325,2500,-21,175,154,-0.9,7.53,6.56,Monterey County
1400000US06053000103,"Census Tract 1.03, Monterey County, California",4386,4338,4344,-48,6,-42,-1.09,0.14,-0.96,Monterey County
1400000US06053000104,"Census Tract 1.04, Monterey County, California",3615,3809,3574,194,-235,-41,5.37,-6.17,-1.13,Monterey County
1400000US06053000105,"Census Tract 1.05, Monterey County, California",3412,3271,3456,-141,185,44,-4.13,5.66,1.29,Monterey County
1400000US06053000106,"Census Tract 1.06, Monterey County, California",5986,6340,5859,354,-481,-127,5.91,-7.59,-2.12,Monterey County
1400000US06053000200,"Census Tract 2, Monterey County, California",7166,7903,7390,737,-513,224,10.28,-6.49,3.13,Monterey County
1400000US06053000300,"Census Tract 3, Monterey County, California",4590,4802,4878,212,76,288,4.62,1.58,6.27,Monterey County
1400000US06053000400,"Census Tract 4, Monterey County, California",7866,8269,8338,403,69,472,5.12,0.83,6,Monterey County
1400000US06053000501,"Census Tract 5.01, Monterey County, California",4723,5279,5231,556,-48,508,11.77,-0.91,10.76,Monterey County
1400000US06053000502,"Census Tract 5.02, Monterey County, California",4523,4812,4974,289,162,451,6.39,3.37,9.97,Monterey County
1400000US06053000600,"Census Tract 6, Monterey County, California",7168,7147,7103,-21,-44,-65,-0.29,-0.62,-0.91,Monterey County
1400000US06053000701,"Census Tract 7.01, Monterey County, California",5304,5695,5666,391,-29,362,7.37,-0.51,6.83,Monterey County
1400000US06053000702,"Census Tract 7.02, Monterey County, California",6204,6526,6541,322,15,337,5.19,0.23,5.43,Monterey County
1400000US06053000800,"Census Tract 8, Monterey County, California",5733,5849,5447,116,-402,-286,2.02,-6.87,-4.99,Monterey County
1400000US06053000900,"Census Tract 9, Monterey County, California",5742,5684,5572,-58,-112,-170,-1.01,-1.97,-2.96,Monterey County
1400000US06053001200,"Census Tract 12, Monterey County, California",2977,3250,3356,273,106,379,9.17,3.26,12.73,Monterey County
1400000US06053001300,"Census Tract 13, Monterey County, California",2470,2544,2562,74,18,92,3,0.71,3.72,Monterey County
1400000US06053001400,"Census Tract 14, Monterey County, California",2694,2996,3030,302,34,336,11.21,1.13,12.47,Monterey County
1400000US06053001500,"Census Tract 15, Monterey County, California",6301,6483,6615,182,132,314,2.89,2.04,4.98,Monterey County
1400000US06053001600,"Census Tract 16, Monterey County, California",2707,2845,2915,138,70,208,5.1,2.46,7.68,Monterey County
1400000US06053001700,"Census Tract 17, Monterey County, California",4259,4423,4441,164,18,182,3.85,0.41,4.27,Monterey County
1400000US06053001801,"Census Tract 18.01, Monterey County, California",4257,4509,4493,252,-16,236,5.92,-0.35,5.54,Monterey County
1400000US06053001802,"Census Tract 18.02, Monterey County, California",5212,5469,5436,257,-33,224,4.93,-0.6,4.3,Monterey County
1400000US06053010101,"Census Tract 101.01, Monterey County, California",5305,4944,4497,-361,-447,-808,-6.8,-9.04,-15.23,Monterey County
1400000US06053010102,"Census Tract 101.02, Monterey County, California",3345,2690,2588,-655,-102,-757,-19.58,-3.79,-22.63,Monterey County
1400000US06053010202,"Census Tract 102.02, Monterey County, California",4535,4135,3932,-400,-203,-603,-8.82,-4.91,-13.3,Monterey County
1400000US06053010305,"Census Tract 103.05, Monterey County, California",4763,4777,4956,14,179,193,0.29,3.75,4.05,Monterey County
1400000US06053010306,"Census Tract 103.06, Monterey County, California",1100,1018,1150,-82,132,50,-7.45,12.97,4.55,Monterey County
1400000US06053010400,"Census Tract 104, Monterey County, California",6332,6665,6620,333,-45,288,5.26,-0.68,4.55,Monterey County
1400000US06053010501,"Census Tract 105.01, Monterey County, California",7590,7690,7505,100,-185,-85,1.32,-2.41,-1.12,Monterey County
1400000US06053010504,"Census Tract 105.04, Monterey County, California",4923,5285,5181,362,-104,258,7.35,-1.97,5.24,Monterey County
1400000US06053010505,"Census Tract 105.05, Monterey County, California",5828,5638,5678,-190,40,-150,-3.26,0.71,-2.57,Monterey County
1400000US06053010506,"Census Tract 105.06, Monterey County, California",4899,5480,6207,581,727,1308,11.86,13.27,26.7,Monterey County
1400000US06053010603,"Census Tract 106.03, Monterey County, California",8377,8533,8866,156,333,489,1.86,3.9,5.84,Monterey County
1400000US06053010604,"Census Tract 106.04, Monterey County, California",6051,6101,5847,50,-254,-204,0.83,-4.16,-3.37,Monterey County
1400000US06053010605,"Census Tract 106.05, Monterey County, California",4769,4928,4620,159,-308,-149,3.33,-6.25,-3.12,Monterey County
1400000US06053010606,"Census Tract 106.06, Monterey County, California",6235,6495,6960,260,465,725,4.17,7.16,11.63,Monterey County
1400000US06053010607,"Census Tract 106.07, Monterey County, California",4372,4394,4475,22,81,103,0.5,1.84,2.36,Monterey County
1400000US06053010608,"Census Tract 106.08, Monterey County, California",3171,3508,3584,337,76,413,10.63,2.17,13.02,Monterey County
1400000US06053010702,"Census Tract 107.02, Monterey County, California",3156,3338,3472,182,134,316,5.77,4.01,10.01,Monterey County
1400000US06053010804,"Census Tract 108.04, Monterey County, California",5563,5673,5268,110,-405,-295,1.98,-7.14,-5.3,Monterey County
1400000US06053010900,"Census Tract 109, Monterey County, California",8589,8489,6768,-100,-1721,-1821,-1.16,-20.27,-21.2,Monterey County
1400000US06053011001,"Census Tract 110.01, Monterey County, California",3302,3405,3428,103,23,126,3.12,0.68,3.82,Monterey County
1400000US06053011002,"Census Tract 110.02, Monterey County, California",2237,2395,2487,158,92,250,7.06,3.84,11.18,Monterey County
1400000US06053011101,"Census Tract 111.01, Monterey County, California",620,690,701,70,11,81,11.29,1.59,13.06,Monterey County
1400000US06053011103,"Census Tract 111.03, Monterey County, California",4665,4687,4365,22,-322,-300,0.47,-6.87,-6.43,Monterey County
1400000US06053011104,"Census Tract 111.04, Monterey County, California",5126,4783,5296,-343,513,170,-6.69,10.73,3.32,Monterey County
1400000US06053011105,"Census Tract 111.05, Monterey County, California",6036,5946,7029,-90,1083,993,-1.49,18.21,16.45,Monterey County
1400000US06053011106,"Census Tract 111.06, Monterey County, California",1309,1240,1343,-69,103,34,-5.27,8.31,2.6,Monterey County
1400000US06053011202,"Census Tract 112.02, Monterey County, California",7265,8002,8025,737,23,760,10.14,0.29,10.46,Monterey County
1400000US06053011203,"Census Tract 112.03, Monterey County, California",6709,7128,7213,419,85,504,6.25,1.19,7.51,Monterey County
1400000US06053011204,"Census Tract 112.04, Monterey County, California",4094,4183,4443,89,260,349,2.17,6.22,8.52,Monterey County
1400000US06053011302,"Census Tract 113.02, Monterey County, California",6142,6003,5573,-139,-430,-569,-2.26,-7.16,-9.26,Monterey County
1400000US06053011303,"Census Tract 113.03, Monterey County, California",4213,4116,3999,-97,-117,-214,-2.3,-2.84,-5.08,Monterey County
1400000US06053011305,"Census Tract 113.05, Monterey County, California",4310,4021,4506,-289,485,196,-6.71,12.06,4.55,Monterey County
1400000US06053011306,"Census Tract 113.06, Monterey County, California",3446,3172,3105,-274,-67,-341,-7.95,-2.11,-9.9,Monterey County
1400000US06053011400,"Census Tract 114, Monterey County, California",4455,4428,4631,-27,203,176,-0.61,4.58,3.95,Monterey County
1400000US06053011502,"Census Tract 115.02, Monterey County, California",1786,2060,2036,274,-24,250,15.34,-1.17,14,Monterey County
1400000US06053011604,"Census Tract 116.04, Monterey County, California",2249,2219,2096,-30,-123,-153,-1.33,-5.54,-6.8,Monterey County
1400000US06053011605,"Census Tract 116.05, Monterey County, California",3130,3047,2932,-83,-115,-198,-2.65,-3.77,-6.33,Monterey County
1400000US06053011606,"Census Tract 116.06, Monterey County, California",2970,2813,3044,-157,231,74,-5.29,8.21,2.49,Monterey County
1400000US06053011700,"Census Tract 117, Monterey County, California",3747,3736,3669,-11,-67,-78,-0.29,-1.79,-2.08,Monterey County
1400000US06053011801,"Census Tract 118.01, Monterey County, California",1903,1616,1456,-287,-160,-447,-15.08,-9.9,-23.49,Monterey County
1400000US06053011802,"Census Tract 118.02, Monterey County, California",1886,1680,1783,-206,103,-103,-10.92,6.13,-5.46,Monterey County
1400000US06053011901,"Census Tract 119.01, Monterey County, California",1949,1971,1898,22,-73,-51,1.13,-3.7,-2.62,Monterey County
1400000US06053011902,"Census Tract 119.02, Monterey County, California",1798,1614,1505,-184,-109,-293,-10.23,-6.75,-16.3,Monterey County
1400000US06053012000,"Census Tract 120, Monterey County, California",4103,3909,3745,-194,-164,-358,-4.73,-4.2,-8.73,Monterey County
1400000US06053012100,"Census Tract 121, Monterey County, California",2182,2222,2220,40,-2,38,1.83,-0.09,1.74,Monterey County
1400000US06053012200,"Census Tract 122, Monterey County, California",2461,2560,2540,99,-20,79,4.02,-0.78,3.21,Monterey County
1400000US06053012302,"Census Tract 123.02, Monterey County, California",2249,2113,2110,-136,-3,-139,-6.05,-0.14,-6.18,Monterey County
1400000US06053012401,"Census Tract 124.01, Monterey County, California",1715,1629,1712,-86,83,-3,-5.01,5.1,-0.17,Monterey County
1400000US06053012402,"Census Tract 124.02, Monterey County, California",2761,2736,2771,-25,35,10,-0.91,1.28,0.36,Monterey County
1400000US06053012503,"Census Tract 125.03, Monterey County, California",2510,2722,2497,212,-225,-13,8.45,-8.27,-0.52,Monterey County
1400000US06053012504,"Census Tract 125.04, Monterey County, California",2616,2826,2669,210,-157,53,8.03,-5.56,2.03,Monterey County
1400000US06053012601,"Census Tract 126.01, Monterey County, California",2345,2206,2841,-139,635,496,-5.93,28.79,21.15,Monterey County
1400000US06053012700,"Census Tract 127, Monterey County, California",3080,3502,3829,422,327,749,13.7,9.34,24.32,Monterey County
1400000US06053012800,"Census Tract 128, Monterey County, California",4976,4980,4875,4,-105,-101,0.08,-2.11,-2.03,Monterey County
1400000US06053013000,"Census Tract 130, Monterey County, California",3698,3863,4051,165,188,353,4.46,4.87,9.55,Monterey County
1400000US06053013100,"Census Tract 131, Monterey County, California",2509,2463,2304,-46,-159,-205,-1.83,-6.46,-8.17,Monterey County
1400000US06053013200,"Census Tract 132, Monterey County, California",4234,4062,3945,-172,-117,-289,-4.06,-2.88,-6.83,Monterey County
1400000US06053013300,"Census Tract 133, Monterey County, California",5777,6375,5844,598,-531,67,10.35,-8.33,1.16,Monterey County
1400000US06053013400,"Census Tract 134, Monterey County, California",1518,1616,1611,98,-5,93,6.46,-0.31,6.13,Monterey County
1400000US06053013500,"Census Tract 135, Monterey County, California",4884,4825,4624,-59,-201,-260,-1.21,-4.17,-5.32,Monterey County
1400000US06053013600,"Census Tract 136, Monterey County, California",4740,4441,4674,-299,233,-66,-6.31,5.25,-1.39,Monterey County
1400000US06053013700,"Census Tract 137, Monterey County, California",4123,4366,4608,243,242,485,5.89,5.54,11.76,Monterey County
1400000US06053013800,"Census Tract 138, Monterey County, California",6437,5657,5353,-780,-304,-1084,-12.12,-5.37,-16.84,Monterey County
1400000US06053013900,"Census Tract 139, Monterey County, California",2323,2254,2316,-69,62,-7,-2.97,2.75,-0.3,Monterey County
1400000US06053014000,"Census Tract 140, Monterey County, California",2524,2356,2258,-168,-98,-266,-6.66,-4.16,-10.54,Monterey County
1400000US06053014102,"Census Tract 141.02, Monterey County, California",3698,3747,4125,49,378,427,1.33,10.09,11.55,Monterey County
1400000US06053014104,"Census Tract 141.04, Monterey County, California",1901,2066,2093,165,27,192,8.68,1.31,10.1,Monterey County
1400000US06053014105,"Census Tract 141.05, Monterey County, California",3090,3381,3503,291,122,413,9.42,3.61,13.37,Monterey County
1400000US06053014108,"Census Tract 141.08, Monterey County, California",5657,5507,5137,-150,-370,-520,-2.65,-6.72,-9.19,Monterey County
1400000US06053014109,"Census Tract 141.09, Monterey County, California",3031,3609,4253,578,644,1222,19.07,17.84,40.32,Monterey County
1400000US06053014110,"Census Tract 141.10, Monterey County, California",6510,6605,6556,95,-49,46,1.46,-0.74,0.71,Monterey County
1400000US06053014201,"Census Tract 142.01, Monterey County, California",5008,5068,5083,60,15,75,1.2,0.3,1.5,Monterey County
1400000US06053014202,"Census Tract 142.02, Monterey County, California",4519,4321,4236,-198,-85,-283,-4.38,-1.97,-6.26,Monterey County
1400000US06053014301,"Census Tract 143.01, Monterey County, California",3663,3737,3562,74,-175,-101,2.02,-4.68,-2.76,Monterey County
1400000US06053014302,"Census Tract 143.02, Monterey County, California",4319,4305,4369,-14,64,50,-0.32,1.49,1.16,Monterey County
1400000US06053014500,"Census Tract 145, Monterey County, California",4601,4612,4539,11,-73,-62,0.24,-1.58,-1.35,Monterey County
1400000US06053014601,"Census Tract 146.01, Monterey County, California",5334,5518,4930,184,-588,-404,3.45,-10.66,-7.57,Monterey County
1400000US06053014700,"Census Tract 147, Monterey County, California",7738,7483,7352,-255,-131,-386,-3.3,-1.75,-4.99,Monterey County
1400000US06053014800,"Census Tract 148, Monterey County, California",6252,6007,6016,-245,9,-236,-3.92,0.15,-3.77,Monterey County
1400000US06053980000,"Census Tract 9800, Monterey County, California",0,0,0,0,0,0,#DIV/0!,#DIV/0!,#DIV/0!,Monterey County
1400000US06053990000,"Census Tract 9900, Monterey County, California",0,0,0,0,0,0,#DIV/0!,#DIV/0!,#DIV/0!,Monterey County
1400000US06055200201,"Census Tract 2002.01, Napa County, California",3804,3979,3906,175,-73,102,4.6,-1.83,2.68,Napa County
1400000US06055200202,"Census Tract 2002.02, Napa County, California",2214,2110,2089,-104,-21,-125,-4.7,-1,-5.65,Napa County
1400000US06055200203,"Census Tract 2002.03, Napa County, California",2091,2080,2062,-11,-18,-29,-0.53,-0.87,-1.39,Napa County
1400000US06055200301,"Census Tract 2003.01, Napa County, California",6153,6156,6120,3,-36,-33,0.05,-0.58,-0.54,Napa County
1400000US06055200302,"Census Tract 2003.02, Napa County, California",2698,2796,2716,98,-80,18,3.63,-2.86,0.67,Napa County
1400000US06055200400,"Census Tract 2004, Napa County, California",3688,3661,3440,-27,-221,-248,-0.73,-6.04,-6.72,Napa County
1400000US06055200501,"Census Tract 2005.01, Napa County, California",5567,5739,5648,172,-91,81,3.09,-1.59,1.46,Napa County
1400000US06055200503,"Census Tract 2005.03, Napa County, California",1798,1755,1785,-43,30,-13,-2.39,1.71,-0.72,Napa County
1400000US06055200504,"Census Tract 2005.04, Napa County, California",5343,5566,5956,223,390,613,4.17,7.01,11.47,Napa County
1400000US06055200505,"Census Tract 2005.05, Napa County, California",2500,2620,2857,120,237,357,4.8,9.05,14.28,Napa County
1400000US06055200601,"Census Tract 2006.01, Napa County, California",5367,5356,4949,-11,-407,-418,-0.2,-7.6,-7.79,Napa County
1400000US06055200602,"Census Tract 2006.02, Napa County, California",4399,4582,4482,183,-100,83,4.16,-2.18,1.89,Napa County
1400000US06055200703,"Census Tract 2007.03, Napa County, California",2957,2993,3036,36,43,79,1.22,1.44,2.67,Napa County
1400000US06055200704,"Census Tract 2007.04, Napa County, California",5083,4811,4930,-272,119,-153,-5.35,2.47,-3.01,Napa County
1400000US06055200705,"Census Tract 2007.05, Napa County, California",2838,2866,2846,28,-20,8,0.99,-0.7,0.28,Napa County
1400000US06055200706,"Census Tract 2007.06, Napa County, California",3011,3165,3132,154,-33,121,5.11,-1.04,4.02,Napa County
1400000US06055200707,"Census Tract 2007.07, Napa County, California",3604,3614,3508,10,-106,-96,0.28,-2.93,-2.66,Napa County
1400000US06055200802,"Census Tract 2008.02, Napa County, California",6600,6415,6458,-185,43,-142,-2.8,0.67,-2.15,Napa County
1400000US06055200803,"Census Tract 2008.03, Napa County, California",2225,2270,2236,45,-34,11,2.02,-1.5,0.49,Napa County
1400000US06055200804,"Census Tract 2008.04, Napa County, California",5003,5107,5411,104,304,408,2.08,5.95,8.16,Napa County
1400000US06055200900,"Census Tract 2009, Napa County, California",741,659,438,-82,-221,-303,-11.07,-33.54,-40.89,Napa County
1400000US06055201003,"Census Tract 2010.03, Napa County, California",4647,4846,5018,199,172,371,4.28,3.55,7.98,Napa County
1400000US06055201004,"Census Tract 2010.04, Napa County, California",6383,7008,6844,625,-164,461,9.79,-2.34,7.22,Napa County
1400000US06055201005,"Census Tract 2010.05, Napa County, California",2407,2620,2688,213,68,281,8.85,2.6,11.67,Napa County
1400000US06055201006,"Census Tract 2010.06, Napa County, California",3308,3451,3436,143,-15,128,4.32,-0.43,3.87,Napa County
1400000US06055201007,"Census Tract 2010.07, Napa County, California",3977,4118,3991,141,-127,14,3.55,-3.08,0.35,Napa County
1400000US06055201101,"Census Tract 2011.01, Napa County, California",1839,1867,1894,28,27,55,1.52,1.45,2.99,Napa County
1400000US06055201102,"Census Tract 2011.02, Napa County, California",2124,1944,2053,-180,109,-71,-8.47,5.61,-3.34,Napa County
1400000US06055201200,"Census Tract 2012, Napa County, California",4807,4857,4587,50,-270,-220,1.04,-5.56,-4.58,Napa County
1400000US06055201300,"Census Tract 2013, Napa County, California",3001,3351,3397,350,46,396,11.66,1.37,13.2,Napa County
1400000US06055201401,"Census Tract 2014.01, Napa County, California",2821,2576,2548,-245,-28,-273,-8.68,-1.09,-9.68,Napa County
1400000US06055201402,"Census Tract 2014.02, Napa County, California",2638,2631,2415,-7,-216,-223,-0.27,-8.21,-8.45,Napa County
1400000US06055201403,"Census Tract 2014.03, Napa County, California",996,885,739,-111,-146,-257,-11.14,-16.5,-25.8,Napa County
1400000US06055201500,"Census Tract 2015, Napa County, California",1899,1770,1668,-129,-102,-231,-6.79,-5.76,-12.16,Napa County
1400000US06055201601,"Census Tract 2016.01, Napa County, California",2788,2541,2446,-247,-95,-342,-8.86,-3.74,-12.27,Napa County
1400000US06055201602,"Census Tract 2016.02, Napa County, California",3261,2989,2980,-272,-9,-281,-8.34,-0.3,-8.62,Napa County
1400000US06055201700,"Census Tract 2017, Napa County, California",5194,4561,4494,-633,-67,-700,-12.19,-1.47,-13.48,Napa County
1400000US06055201800,"Census Tract 2018, Napa County, California",1833,1632,1480,-201,-152,-353,-10.97,-9.31,-19.26,Napa County
1400000US06055201900,"Census Tract 2019, Napa County, California",1619,1581,1510,-38,-71,-109,-2.35,-4.49,-6.73,Napa County
1400000US06055202000,"Census Tract 2020, Napa County, California",5346,5267,5191,-79,-76,-155,-1.48,-1.44,-2.9,Napa County
1400000US06057000102,"Census Tract 1.02, Nevada County, California",7433,7547,7117,114,-430,-316,1.53,-5.7,-4.25,Nevada County
1400000US06057000104,"Census Tract 1.04, Nevada County, California",2983,2923,3360,-60,437,377,-2.01,14.95,12.64,Nevada County
1400000US06057000105,"Census Tract 1.05, Nevada County, California",2942,3019,3067,77,48,125,2.62,1.59,4.25,Nevada County
1400000US06057000106,"Census Tract 1.06, Nevada County, California",1934,1831,1991,-103,160,57,-5.33,8.74,2.95,Nevada County
1400000US06057000107,"Census Tract 1.07, Nevada County, California",6224,6456,6480,232,24,256,3.73,0.37,4.11,Nevada County
1400000US06057000200,"Census Tract 2, Nevada County, California",2699,2947,2799,248,-148,100,9.19,-5.02,3.71,Nevada County
1400000US06057000300,"Census Tract 3, Nevada County, California",2564,2718,2705,154,-13,141,6.01,-0.48,5.5,Nevada County
1400000US06057000401,"Census Tract 4.01, Nevada County, California",5249,5483,5445,234,-38,196,4.46,-0.69,3.73,Nevada County
1400000US06057000403,"Census Tract 4.03, Nevada County, California",1614,2047,2270,433,223,656,26.83,10.89,40.64,Nevada County
1400000US06057000404,"Census Tract 4.04, Nevada County, California",3665,3623,3746,-42,123,81,-1.15,3.39,2.21,Nevada County
1400000US06057000502,"Census Tract 5.02, Nevada County, California",5046,5409,4927,363,-482,-119,7.19,-8.91,-2.36,Nevada County
1400000US06057000503,"Census Tract 5.03, Nevada County, California",1540,1601,1635,61,34,95,3.96,2.12,6.17,Nevada County
1400000US06057000504,"Census Tract 5.04, Nevada County, California",4222,4488,5054,266,566,832,6.3,12.61,19.71,Nevada County
1400000US06057000601,"Census Tract 6.01, Nevada County, California",2445,2640,2566,195,-74,121,7.98,-2.8,4.95,Nevada County
1400000US06057000602,"Census Tract 6.02, Nevada County, California",4682,4558,4583,-124,25,-99,-2.65,0.55,-2.11,Nevada County
1400000US06057000701,"Census Tract 7.01, Nevada County, California",7257,7329,7377,72,48,120,0.99,0.65,1.65,Nevada County
1400000US06057000702,"Census Tract 7.02, Nevada County, California",3905,3938,4135,33,197,230,0.85,5,5.89,Nevada County
1400000US06057000801,"Census Tract 8.01, Nevada County, California",5659,5836,5450,177,-386,-209,3.13,-6.61,-3.69,Nevada County
1400000US06057000802,"Census Tract 8.02, Nevada County, California",6582,6779,6889,197,110,307,2.99,1.62,4.66,Nevada County
1400000US06057000900,"Census Tract 9, Nevada County, California",3857,3833,3765,-24,-68,-92,-0.62,-1.77,-2.39,Nevada County
1400000US06057001205,"Census Tract 12.05, Nevada County, California",5214,5433,5085,219,-348,-129,4.2,-6.41,-2.47,Nevada County
1400000US06057001207,"Census Tract 12.07, Nevada County, California",5798,5834,5882,36,48,84,0.62,0.82,1.45,Nevada County
1400000US06057001208,"Census Tract 12.08, Nevada County, California",1799,1851,1690,52,-161,-109,2.89,-8.7,-6.06,Nevada County
1400000US06057001209,"Census Tract 12.09, Nevada County, California",1594,1411,1489,-183,78,-105,-11.48,5.53,-6.59,Nevada County
1400000US06057001210,"Census Tract 12.10, Nevada County, California",1656,1665,1682,9,17,26,0.54,1.02,1.57,Nevada County
1400000US06057001211,"Census Tract 12.11, Nevada County, California",854,891,1133,37,242,279,4.33,27.16,32.67,Nevada County
1400000US06059001101,"Census Tract 11.01, Orange County, California",4787,5163,4896,376,-267,109,7.85,-5.17,2.28,Orange County
1400000US06059001102,"Census Tract 11.02, Orange County, California",3580,3678,3404,98,-274,-176,2.74,-7.45,-4.92,Orange County
1400000US06059001103,"Census Tract 11.03, Orange County, California",4751,4907,5074,156,167,323,3.28,3.4,6.8,Orange County
1400000US06059001201,"Census Tract 12.01, Orange County, California",5533,5628,5409,95,-219,-124,1.72,-3.89,-2.24,Orange County
1400000US06059001202,"Census Tract 12.02, Orange County, California",3841,3902,3734,61,-168,-107,1.59,-4.31,-2.79,Orange County
1400000US06059001301,"Census Tract 13.01, Orange County, California",6715,6936,6910,221,-26,195,3.29,-0.37,2.9,Orange County
1400000US06059001303,"Census Tract 13.03, Orange County, California",6396,6238,6515,-158,277,119,-2.47,4.44,1.86,Orange County
1400000US06059001304,"Census Tract 13.04, Orange County, California",3684,3692,3565,8,-127,-119,0.22,-3.44,-3.23,Orange County
1400000US06059001401,"Census Tract 14.01, Orange County, California",4487,4708,4756,221,48,269,4.93,1.02,6,Orange County
1400000US06059001402,"Census Tract 14.02, Orange County, California",4591,4590,4953,-1,363,362,-0.02,7.91,7.88,Orange County
1400000US06059001403,"Census Tract 14.03, Orange County, California",3717,3852,3839,135,-13,122,3.63,-0.34,3.28,Orange County
1400000US06059001404,"Census Tract 14.04, Orange County, California",4100,3846,3437,-254,-409,-663,-6.2,-10.63,-16.17,Orange County
1400000US06059001501,"Census Tract 15.01, Orange County, California",5826,6253,6145,427,-108,319,7.33,-1.73,5.48,Orange County
1400000US06059001503,"Census Tract 15.03, Orange County, California",5237,5435,5329,198,-106,92,3.78,-1.95,1.76,Orange County
1400000US06059001504,"Census Tract 15.04, Orange County, California",4474,4841,4769,367,-72,295,8.2,-1.49,6.59,Orange County
1400000US06059001505,"Census Tract 15.05, Orange County, California",7404,7307,7174,-97,-133,-230,-1.31,-1.82,-3.11,Orange County
1400000US06059001506,"Census Tract 15.06, Orange County, California",4157,4379,4489,222,110,332,5.34,2.51,7.99,Orange County
1400000US06059001507,"Census Tract 15.07, Orange County, California",4850,5293,5812,443,519,962,9.13,9.81,19.84,Orange County
1400000US06059001602,"Census Tract 16.02, Orange County, California",4637,4458,4539,-179,81,-98,-3.86,1.82,-2.11,Orange County
1400000US06059001603,"Census Tract 16.03, Orange County, California",3931,3837,3815,-94,-22,-116,-2.39,-0.57,-2.95,Orange County
1400000US06059001604,"Census Tract 16.04, Orange County, California",4614,4436,4561,-178,125,-53,-3.86,2.82,-1.15,Orange County
1400000US06059001704,"Census Tract 17.04, Orange County, California",8059,8362,8294,303,-68,235,3.76,-0.81,2.92,Orange County
1400000US06059001705,"Census Tract 17.05, Orange County, California",4490,4608,4589,118,-19,99,2.63,-0.41,2.2,Orange County
1400000US06059001706,"Census Tract 17.06, Orange County, California",4043,4005,4000,-38,-5,-43,-0.94,-0.12,-1.06,Orange County
1400000US06059001708,"Census Tract 17.08, Orange County, California",3978,3796,3811,-182,15,-167,-4.58,0.4,-4.2,Orange County
1400000US06059001709,"Census Tract 17.09, Orange County, California",2918,2819,2841,-99,22,-77,-3.39,0.78,-2.64,Orange County
1400000US06059001710,"Census Tract 17.10, Orange County, California",5069,4980,4769,-89,-211,-300,-1.76,-4.24,-5.92,Orange County
1400000US06059001801,"Census Tract 18.01, Orange County, California",5353,5542,5627,189,85,274,3.53,1.53,5.12,Orange County
1400000US06059001802,"Census Tract 18.02, Orange County, California",7552,7626,7708,74,82,156,0.98,1.08,2.07,Orange County
1400000US06059001901,"Census Tract 19.01, Orange County, California",2724,2904,2926,180,22,202,6.61,0.76,7.42,Orange County
1400000US06059001902,"Census Tract 19.02, Orange County, California",3368,3413,3306,45,-107,-62,1.34,-3.14,-1.84,Orange County
1400000US06059001903,"Census Tract 19.03, Orange County, California",3172,3182,3385,10,203,213,0.32,6.38,6.72,Orange County
1400000US06059011000,"Census Tract 110, Orange County, California",6215,6426,6452,211,26,237,3.4,0.4,3.81,Orange County
1400000US06059011101,"Census Tract 111.01, Orange County, California",4218,4395,4281,177,-114,63,4.2,-2.59,1.49,Orange County
1400000US06059011102,"Census Tract 111.02, Orange County, California",4224,4103,4083,-121,-20,-141,-2.86,-0.49,-3.34,Orange County
1400000US06059011200,"Census Tract 112, Orange County, California",4637,4710,4763,73,53,126,1.57,1.13,2.72,Orange County
1400000US06059011300,"Census Tract 113, Orange County, California",4834,5214,5687,380,473,853,7.86,9.07,17.65,Orange County
1400000US06059011401,"Census Tract 114.01, Orange County, California",2112,2090,2086,-22,-4,-26,-1.04,-0.19,-1.23,Orange County
1400000US06059011402,"Census Tract 114.02, Orange County, California",3112,3198,3275,86,77,163,2.76,2.41,5.24,Orange County
1400000US06059011403,"Census Tract 114.03, Orange County, California",6331,6506,5794,175,-712,-537,2.76,-10.94,-8.48,Orange County
1400000US06059011502,"Census Tract 115.02, Orange County, California",5325,5142,4985,-183,-157,-340,-3.44,-3.05,-6.38,Orange County
1400000US06059011503,"Census Tract 115.03, Orange County, California",1853,1827,1831,-26,4,-22,-1.4,0.22,-1.19,Orange County
1400000US06059011504,"Census Tract 115.04, Orange County, California",5076,4981,5129,-95,148,53,-1.87,2.97,1.04,Orange County
1400000US06059011601,"Census Tract 116.01, Orange County, California",8303,7663,7791,-640,128,-512,-7.71,1.67,-6.17,Orange County
1400000US06059011602,"Census Tract 116.02, Orange County, California",5768,6056,6032,288,-24,264,4.99,-0.4,4.58,Orange County
1400000US06059011707,"Census Tract 117.07, Orange County, California",6757,6848,6687,91,-161,-70,1.35,-2.35,-1.04,Orange County
1400000US06059011708,"Census Tract 117.08, Orange County, California",4718,4961,5221,243,260,503,5.15,5.24,10.66,Orange County
1400000US06059011709,"Census Tract 117.09, Orange County, California",4395,4204,4248,-191,44,-147,-4.35,1.05,-3.34,Orange County
1400000US06059011710,"Census Tract 117.10, Orange County, California",3814,3908,4033,94,125,219,2.46,3.2,5.74,Orange County
1400000US06059011711,"Census Tract 117.11, Orange County, California",7045,7135,7023,90,-112,-22,1.28,-1.57,-0.31,Orange County
1400000US06059011712,"Census Tract 117.12, Orange County, California",4893,4599,4509,-294,-90,-384,-6.01,-1.96,-7.85,Orange County
1400000US06059011714,"Census Tract 117.14, Orange County, California",770,776,847,6,71,77,0.78,9.15,10,Orange County
1400000US06059011715,"Census Tract 117.15, Orange County, California",6795,6875,7296,80,421,501,1.18,6.12,7.37,Orange County
1400000US06059011716,"Census Tract 117.16, Orange County, California",5468,5757,5765,289,8,297,5.29,0.14,5.43,Orange County
1400000US06059011717,"Census Tract 117.17, Orange County, California",2618,2769,2809,151,40,191,5.77,1.44,7.3,Orange County
1400000US06059011718,"Census Tract 117.18, Orange County, California",3028,3138,3278,110,140,250,3.63,4.46,8.26,Orange County
1400000US06059011720,"Census Tract 117.20, Orange County, California",5927,5848,5736,-79,-112,-191,-1.33,-1.92,-3.22,Orange County
1400000US06059011721,"Census Tract 117.21, Orange County, California",5115,5368,4980,253,-388,-135,4.95,-7.23,-2.64,Orange County
1400000US06059011722,"Census Tract 117.22, Orange County, California",2274,2291,2446,17,155,172,0.75,6.77,7.56,Orange County
1400000US06059021802,"Census Tract 218.02, Orange County, California",7819,8323,8218,504,-105,399,6.45,-1.26,5.1,Orange County
1400000US06059021807,"Census Tract 218.07, Orange County, California",4326,4310,3953,-16,-357,-373,-0.37,-8.28,-8.62,Orange County
1400000US06059021809,"Census Tract 218.09, Orange County, California",3067,3229,3126,162,-103,59,5.28,-3.19,1.92,Orange County
1400000US06059021810,"Census Tract 218.10, Orange County, California",3724,3704,3850,-20,146,126,-0.54,3.94,3.38,Orange County
1400000US06059021812,"Census Tract 218.12, Orange County, California",6346,6529,6396,183,-133,50,2.88,-2.04,0.79,Orange County
1400000US06059021813,"Census Tract 218.13, Orange County, California",3,3,39,0,36,36,0,1200,1200,Orange County
1400000US06059021814,"Census Tract 218.14, Orange County, California",7712,7967,8168,255,201,456,3.31,2.52,5.91,Orange County
1400000US06059021816,"Census Tract 218.16, Orange County, California",5271,5343,5397,72,54,126,1.37,1.01,2.39,Orange County
1400000US06059021817,"Census Tract 218.17, Orange County, California",3362,3227,3153,-135,-74,-209,-4.02,-2.29,-6.22,Orange County
1400000US06059021820,"Census Tract 218.20, Orange County, California",4894,4855,4817,-39,-38,-77,-0.8,-0.78,-1.57,Orange County
1400000US06059021821,"Census Tract 218.21, Orange County, California",7485,7768,7744,283,-24,259,3.78,-0.31,3.46,Orange County
1400000US06059021822,"Census Tract 218.22, Orange County, California",10146,10081,9995,-65,-86,-151,-0.64,-0.85,-1.49,Orange County
1400000US06059021823,"Census Tract 218.23, Orange County, California",4290,4163,4025,-127,-138,-265,-2.96,-3.31,-6.18,Orange County
1400000US06059021824,"Census Tract 218.24, Orange County, California",2630,2650,2609,20,-41,-21,0.76,-1.55,-0.8,Orange County
1400000US06059021825,"Census Tract 218.25, Orange County, California",3222,3204,3203,-18,-1,-19,-0.56,-0.03,-0.59,Orange County
1400000US06059021826,"Census Tract 218.26, Orange County, California",2627,2733,2731,106,-2,104,4.04,-0.07,3.96,Orange County
1400000US06059021827,"Census Tract 218.27, Orange County, California",2623,2749,2896,126,147,273,4.8,5.35,10.41,Orange County
1400000US06059021828,"Census Tract 218.28, Orange County, California",4350,4352,4328,2,-24,-22,0.05,-0.55,-0.51,Orange County
1400000US06059021829,"Census Tract 218.29, Orange County, California",4842,4721,4531,-121,-190,-311,-2.5,-4.02,-6.42,Orange County
1400000US06059021830,"Census Tract 218.30, Orange County, California",5576,5685,5735,109,50,159,1.95,0.88,2.85,Orange County
1400000US06059021831,"Census Tract 218.31, Orange County, California",5272,5825,5703,553,-122,431,10.49,-2.09,8.18,Orange County
1400000US06059021832,"Census Tract 218.32, Orange County, California",6084,6575,6449,491,-126,365,8.07,-1.92,6,Orange County
1400000US06059021903,"Census Tract 219.03, Orange County, California",4251,4368,4531,117,163,280,2.75,3.73,6.59,Orange County
1400000US06059021905,"Census Tract 219.05, Orange County, California",5276,5214,5330,-62,116,54,-1.18,2.22,1.02,Orange County
1400000US06059021912,"Census Tract 219.12, Orange County, California",4716,4714,4812,-2,98,96,-0.04,2.08,2.04,Orange County
1400000US06059021913,"Census Tract 219.13, Orange County, California",7683,7872,8070,189,198,387,2.46,2.52,5.04,Orange County
1400000US06059021914,"Census Tract 219.14, Orange County, California",3965,4057,3631,92,-426,-334,2.32,-10.5,-8.42,Orange County
1400000US06059021915,"Census Tract 219.15, Orange County, California",3927,3820,3826,-107,6,-101,-2.72,0.16,-2.57,Orange County
1400000US06059021916,"Census Tract 219.16, Orange County, California",3014,3324,3264,310,-60,250,10.29,-1.81,8.29,Orange County
1400000US06059021917,"Census Tract 219.17, Orange County, California",3020,2939,3012,-81,73,-8,-2.68,2.48,-0.26,Orange County
1400000US06059021918,"Census Tract 219.18, Orange County, California",4653,4724,4719,71,-5,66,1.53,-0.11,1.42,Orange County
1400000US06059021919,"Census Tract 219.19, Orange County, California",3424,3336,3223,-88,-113,-201,-2.57,-3.39,-5.87,Orange County
1400000US06059021920,"Census Tract 219.20, Orange County, California",7220,7156,7249,-64,93,29,-0.89,1.3,0.4,Orange County
1400000US06059021921,"Census Tract 219.21, Orange County, California",4195,4392,4593,197,201,398,4.7,4.58,9.49,Orange County
1400000US06059021922,"Census Tract 219.22, Orange County, California",5171,5022,5030,-149,8,-141,-2.88,0.16,-2.73,Orange County
1400000US06059021923,"Census Tract 219.23, Orange County, California",7482,7353,7233,-129,-120,-249,-1.72,-1.63,-3.33,Orange County
1400000US06059021924,"Census Tract 219.24, Orange County, California",4398,4355,4403,-43,48,5,-0.98,1.1,0.11,Orange County
1400000US06059032002,"Census Tract 320.02, Orange County, California",6332,6189,5803,-143,-386,-529,-2.26,-6.24,-8.35,Orange County
1400000US06059032003,"Census Tract 320.03, Orange County, California",4972,4996,5060,24,64,88,0.48,1.28,1.77,Orange County
1400000US06059032011,"Census Tract 320.11, Orange County, California",1673,1737,1691,64,-46,18,3.83,-2.65,1.08,Orange County
1400000US06059032012,"Census Tract 320.12, Orange County, California",3621,3463,3495,-158,32,-126,-4.36,0.92,-3.48,Orange County
1400000US06059032013,"Census Tract 320.13, Orange County, California",5196,5270,4996,74,-274,-200,1.42,-5.2,-3.85,Orange County
1400000US06059032014,"Census Tract 320.14, Orange County, California",6771,6694,6230,-77,-464,-541,-1.14,-6.93,-7.99,Orange County
1400000US06059032015,"Census Tract 320.15, Orange County, California",6756,6323,6564,-433,241,-192,-6.41,3.81,-2.84,Orange County
1400000US06059032020,"Census Tract 320.20, Orange County, California",6061,6173,6004,112,-169,-57,1.85,-2.74,-0.94,Orange County
1400000US06059032022,"Census Tract 320.22, Orange County, California",6518,6688,6459,170,-229,-59,2.61,-3.42,-0.91,Orange County
1400000US06059032027,"Census Tract 320.27, Orange County, California",6418,6372,6442,-46,70,24,-0.72,1.1,0.37,Orange County
1400000US06059032028,"Census Tract 320.28, Orange County, California",4759,4492,4578,-267,86,-181,-5.61,1.91,-3.8,Orange County
1400000US06059032029,"Census Tract 320.29, Orange County, California",4246,4069,4080,-177,11,-166,-4.17,0.27,-3.91,Orange County
1400000US06059032030,"Census Tract 320.30, Orange County, California",3472,3533,3445,61,-88,-27,1.76,-2.49,-0.78,Orange County
1400000US06059032031,"Census Tract 320.31, Orange County, California",3442,3340,3345,-102,5,-97,-2.96,0.15,-2.82,Orange County
1400000US06059032032,"Census Tract 320.32, Orange County, California",2782,2839,2873,57,34,91,2.05,1.2,3.27,Orange County
1400000US06059032033,"Census Tract 320.33, Orange County, California",3774,3860,3885,86,25,111,2.28,0.65,2.94,Orange County
1400000US06059032034,"Census Tract 320.34, Orange County, California",5156,5088,5229,-68,141,73,-1.32,2.77,1.42,Orange County
1400000US06059032035,"Census Tract 320.35, Orange County, California",2520,2427,2433,-93,6,-87,-3.69,0.25,-3.45,Orange County
1400000US06059032036,"Census Tract 320.36, Orange County, California",3456,3378,3283,-78,-95,-173,-2.26,-2.81,-5.01,Orange County
1400000US06059032037,"Census Tract 320.37, Orange County, California",6275,6042,5832,-233,-210,-443,-3.71,-3.48,-7.06,Orange County
1400000US06059032038,"Census Tract 320.38, Orange County, California",6533,6354,6642,-179,288,109,-2.74,4.53,1.67,Orange County
1400000US06059032039,"Census Tract 320.39, Orange County, California",6295,6589,6266,294,-323,-29,4.67,-4.9,-0.46,Orange County
1400000US06059032040,"Census Tract 320.40, Orange County, California",2562,2500,2404,-62,-96,-158,-2.42,-3.84,-6.17,Orange County
1400000US06059032041,"Census Tract 320.41, Orange County, California",953,941,911,-12,-30,-42,-1.26,-3.19,-4.41,Orange County
1400000US06059032042,"Census Tract 320.42, Orange County, California",6053,5855,5900,-198,45,-153,-3.27,0.77,-2.53,Orange County
1400000US06059032043,"Census Tract 320.43, Orange County, California",3215,3176,3115,-39,-61,-100,-1.21,-1.92,-3.11,Orange County
1400000US06059032044,"Census Tract 320.44, Orange County, California",5841,5931,5879,90,-52,38,1.54,-0.88,0.65,Orange County
1400000US06059032045,"Census Tract 320.45, Orange County, California",3622,3574,3409,-48,-165,-213,-1.33,-4.62,-5.88,Orange County
1400000US06059032046,"Census Tract 320.46, Orange County, California",6046,6368,6344,322,-24,298,5.33,-0.38,4.93,Orange County
1400000US06059032047,"Census Tract 320.47, Orange County, California",4413,4420,4187,7,-233,-226,0.16,-5.27,-5.12,Orange County
1400000US06059032048,"Census Tract 320.48, Orange County, California",5319,5114,5140,-205,26,-179,-3.85,0.51,-3.37,Orange County
1400000US06059032049,"Census Tract 320.49, Orange County, California",10408,10447,10463,39,16,55,0.37,0.15,0.53,Orange County
1400000US06059032050,"Census Tract 320.50, Orange County, California",4909,4952,4788,43,-164,-121,0.88,-3.31,-2.46,Orange County
1400000US06059032051,"Census Tract 320.51, Orange County, California",4421,4450,4348,29,-102,-73,0.66,-2.29,-1.65,Orange County
1400000US06059032053,"Census Tract 320.53, Orange County, California",8606,8805,8958,199,153,352,2.31,1.74,4.09,Orange County
1400000US06059032054,"Census Tract 320.54, Orange County, California",5473,5283,5073,-190,-210,-400,-3.47,-3.98,-7.31,Orange County
1400000US06059032055,"Census Tract 320.55, Orange County, California",3560,3430,3554,-130,124,-6,-3.65,3.62,-0.17,Orange County
1400000US06059032057,"Census Tract 320.57, Orange County, California",7924,8030,7551,106,-479,-373,1.34,-5.97,-4.71,Orange County
1400000US06059032058,"Census Tract 320.58, Orange County, California",6966,7265,6887,299,-378,-79,4.29,-5.2,-1.13,Orange County
1400000US06059032059,"Census Tract 320.59, Orange County, California",8966,9216,8940,250,-276,-26,2.79,-2.99,-0.29,Orange County
1400000US06059032061,"Census Tract 320.61, Orange County, California",6087,5772,5673,-315,-99,-414,-5.17,-1.72,-6.8,Orange County
1400000US06059032062,"Census Tract 320.62, Orange County, California",3893,4442,4486,549,44,593,14.1,0.99,15.23,Orange County
1400000US06059032063,"Census Tract 320.63, Orange County, California",7952,7974,7757,22,-217,-195,0.28,-2.72,-2.45,Orange County
1400000US06059032064,"Census Tract 320.64, Orange County, California",2691,2517,2787,-174,270,96,-6.47,10.73,3.57,Orange County
1400000US06059032065,"Census Tract 320.65, Orange County, California",5594,5547,5483,-47,-64,-111,-0.84,-1.15,-1.98,Orange County
1400000US06059032066,"Census Tract 320.66, Orange County, California",5448,6863,7773,1415,910,2325,25.97,13.26,42.68,Orange County
1400000US06059042106,"Census Tract 421.06, Orange County, California",1952,2130,1956,178,-174,4,9.12,-8.17,0.2,Orange County
1400000US06059042107,"Census Tract 421.07, Orange County, California",3430,3372,3369,-58,-3,-61,-1.69,-0.09,-1.78,Orange County
1400000US06059042108,"Census Tract 421.08, Orange County, California",5205,5403,5667,198,264,462,3.8,4.89,8.88,Orange County
1400000US06059042109,"Census Tract 421.09, Orange County, California",4661,4206,4302,-455,96,-359,-9.76,2.28,-7.7,Orange County
1400000US06059042111,"Census Tract 421.11, Orange County, California",5678,5632,5682,-46,50,4,-0.81,0.89,0.07,Orange County
1400000US06059042112,"Census Tract 421.12, Orange County, California",7918,7881,7990,-37,109,72,-0.47,1.38,0.91,Orange County
1400000US06059042113,"Census Tract 421.13, Orange County, California",4459,4296,4374,-163,78,-85,-3.66,1.82,-1.91,Orange County
1400000US06059042114,"Census Tract 421.14, Orange County, California",3694,3646,3558,-48,-88,-136,-1.3,-2.41,-3.68,Orange County
1400000US06059042115,"Census Tract 421.15, Orange County, California",1272,1241,1125,-31,-116,-147,-2.44,-9.35,-11.56,Orange County
1400000US06059042116,"Census Tract 421.16, Orange County, California",6590,6502,6371,-88,-131,-219,-1.34,-2.01,-3.32,Orange County
1400000US06059042201,"Census Tract 422.01, Orange County, California",5014,5148,5813,134,665,799,2.67,12.92,15.94,Orange County
1400000US06059042203,"Census Tract 422.03, Orange County, California",9313,9755,9291,442,-464,-22,4.75,-4.76,-0.24,Orange County
1400000US06059042205,"Census Tract 422.05, Orange County, California",6217,6026,5583,-191,-443,-634,-3.07,-7.35,-10.2,Orange County
1400000US06059042206,"Census Tract 422.06, Orange County, California",3748,3600,3536,-148,-64,-212,-3.95,-1.78,-5.66,Orange County
1400000US06059042305,"Census Tract 423.05, Orange County, California",3504,3680,3653,176,-27,149,5.02,-0.73,4.25,Orange County
1400000US06059042307,"Census Tract 423.07, Orange County, California",6966,7081,7177,115,96,211,1.65,1.36,3.03,Orange County
1400000US06059042311,"Census Tract 423.11, Orange County, California",6536,6837,6718,301,-119,182,4.61,-1.74,2.78,Orange County
1400000US06059042312,"Census Tract 423.12, Orange County, California",8737,7516,8586,-1221,1070,-151,-13.98,14.24,-1.73,Orange County
1400000US06059042313,"Census Tract 423.13, Orange County, California",6020,5814,5450,-206,-364,-570,-3.42,-6.26,-9.47,Orange County
1400000US06059042315,"Census Tract 423.15, Orange County, California",5934,5881,6013,-53,132,79,-0.89,2.24,1.33,Orange County
1400000US06059042317,"Census Tract 423.17, Orange County, California",3281,3254,3253,-27,-1,-28,-0.82,-0.03,-0.85,Orange County
1400000US06059042319,"Census Tract 423.19, Orange County, California",3779,3636,3655,-143,19,-124,-3.78,0.52,-3.28,Orange County
1400000US06059042320,"Census Tract 423.20, Orange County, California",6359,6269,6100,-90,-169,-259,-1.42,-2.7,-4.07,Orange County
1400000US06059042323,"Census Tract 423.23, Orange County, California",4883,4559,4517,-324,-42,-366,-6.64,-0.92,-7.5,Orange County
1400000US06059042324,"Census Tract 423.24, Orange County, California",4167,3872,3929,-295,57,-238,-7.08,1.47,-5.71,Orange County
1400000US06059042325,"Census Tract 423.25, Orange County, California",3489,3516,3480,27,-36,-9,0.77,-1.02,-0.26,Orange County
1400000US06059042326,"Census Tract 423.26, Orange County, California",4564,4572,4412,8,-160,-152,0.18,-3.5,-3.33,Orange County
1400000US06059042327,"Census Tract 423.27, Orange County, California",4852,4702,4719,-150,17,-133,-3.09,0.36,-2.74,Orange County
1400000US06059042328,"Census Tract 423.28, Orange County, California",2616,2460,2420,-156,-40,-196,-5.96,-1.63,-7.49,Orange County
1400000US06059042329,"Census Tract 423.29, Orange County, California",3971,3704,3714,-267,10,-257,-6.72,0.27,-6.47,Orange County
1400000US06059042330,"Census Tract 423.30, Orange County, California",6650,6681,6487,31,-194,-163,0.47,-2.9,-2.45,Orange County
1400000US06059042331,"Census Tract 423.31, Orange County, California",6259,6141,5824,-118,-317,-435,-1.89,-5.16,-6.95,Orange County
1400000US06059042332,"Census Tract 423.32, Orange County, California",5552,5448,5645,-104,197,93,-1.87,3.62,1.68,Orange County
1400000US06059042333,"Census Tract 423.33, Orange County, California",4291,4591,5218,300,627,927,6.99,13.66,21.6,Orange County
1400000US06059042334,"Census Tract 423.34, Orange County, California",5456,5302,5142,-154,-160,-314,-2.82,-3.02,-5.76,Orange County
1400000US06059042335,"Census Tract 423.35, Orange County, California",5894,5909,5518,15,-391,-376,0.25,-6.62,-6.38,Orange County
1400000US06059042336,"Census Tract 423.36, Orange County, California",3755,3817,3842,62,25,87,1.65,0.65,2.32,Orange County
1400000US06059042337,"Census Tract 423.37, Orange County, California",3381,3389,3338,8,-51,-43,0.24,-1.5,-1.27,Orange County
1400000US06059042338,"Census Tract 423.38, Orange County, California",5047,5049,4914,2,-135,-133,0.04,-2.67,-2.64,Orange County
1400000US06059042339,"Census Tract 423.39, Orange County, California",3468,3224,3112,-244,-112,-356,-7.04,-3.47,-10.27,Orange County
1400000US06059042340,"Census Tract 423.40, Orange County, California",2437,2180,2571,-257,391,134,-10.55,17.94,5.5,Orange County
1400000US06059042341,"Census Tract 423.41, Orange County, California",5924,6180,5992,256,-188,68,4.32,-3.04,1.15,Orange County
1400000US06059052408,"Census Tract 524.08, Orange County, California",5905,5630,5481,-275,-149,-424,-4.66,-2.65,-7.18,Orange County
1400000US06059052410,"Census Tract 524.10, Orange County, California",5174,5483,5069,309,-414,-105,5.97,-7.55,-2.03,Orange County
1400000US06059052411,"Census Tract 524.11, Orange County, California",5254,5302,4992,48,-310,-262,0.91,-5.85,-4.99,Orange County
1400000US06059052415,"Census Tract 524.15, Orange County, California",4322,4352,4272,30,-80,-50,0.69,-1.84,-1.16,Orange County
1400000US06059052416,"Census Tract 524.16, Orange County, California",4528,4283,4345,-245,62,-183,-5.41,1.45,-4.04,Orange County
1400000US06059052417,"Census Tract 524.17, Orange County, California",7281,7898,7906,617,8,625,8.47,0.1,8.58,Orange County
1400000US06059052419,"Census Tract 524.19, Orange County, California",3508,3373,3252,-135,-121,-256,-3.85,-3.59,-7.3,Orange County
1400000US06059052421,"Census Tract 524.21, Orange County, California",7562,8801,9265,1239,464,1703,16.38,5.27,22.52,Orange County
1400000US06059052422,"Census Tract 524.22, Orange County, California",10693,11632,11631,939,-1,938,8.78,-0.01,8.77,Orange County
1400000US06059052423,"Census Tract 524.23, Orange County, California",5156,5491,5568,335,77,412,6.5,1.4,7.99,Orange County
1400000US06059052424,"Census Tract 524.24, Orange County, California",5052,5056,5085,4,29,33,0.08,0.57,0.65,Orange County
1400000US06059052425,"Census Tract 524.25, Orange County, California",6164,5883,6722,-281,839,558,-4.56,14.26,9.05,Orange County
1400000US06059052427,"Census Tract 524.27, Orange County, California",5479,5570,5478,91,-92,-1,1.66,-1.65,-0.02,Orange County
1400000US06059052428,"Census Tract 524.28, Orange County, California",6000,6186,6640,186,454,640,3.1,7.34,10.67,Orange County
1400000US06059052429,"Census Tract 524.29, Orange County, California",8182,9224,8817,1042,-407,635,12.74,-4.41,7.76,Orange County
1400000US06059052430,"Census Tract 524.30, Orange County, California",15121,16631,17132,1510,501,2011,9.99,3.01,13.3,Orange County
1400000US06059052431,"Census Tract 524.31, Orange County, California",4139,4537,4649,398,112,510,9.62,2.47,12.32,Orange County
1400000US06059052432,"Census Tract 524.32, Orange County, California",7142,7641,7852,499,211,710,6.99,2.76,9.94,Orange County
1400000US06059052433,"Census Tract 524.33, Orange County, California",13041,14319,15339,1278,1020,2298,9.8,7.12,17.62,Orange County
1400000US06059052434,"Census Tract 524.34, Orange County, California",5844,6662,6588,818,-74,744,14,-1.11,12.73,Orange County
1400000US06059052435,"Census Tract 524.35, Orange County, California",5094,7750,7077,2656,-673,1983,52.14,-8.68,38.93,Orange County
1400000US06059052436,"Census Tract 524.36, Orange County, California",4880,5183,5180,303,-3,300,6.21,-0.06,6.15,Orange County
1400000US06059052437,"Census Tract 524.37, Orange County, California",4264,4439,5118,175,679,854,4.1,15.3,20.03,Orange County
1400000US06059052438,"Census Tract 524.38, Orange County, California",3948,5993,7021,2045,1028,3073,51.8,17.15,77.84,Orange County
1400000US06059052439,"Census Tract 524.39, Orange County, California",4860,7401,9807,2541,2406,4947,52.28,32.51,101.79,Orange County
1400000US06059052502,"Census Tract 525.02, Orange County, California",5712,5638,5614,-74,-24,-98,-1.3,-0.43,-1.72,Orange County
1400000US06059052505,"Census Tract 525.05, Orange County, California",4701,4855,4923,154,68,222,3.28,1.4,4.72,Orange County
1400000US06059052506,"Census Tract 525.06, Orange County, California",2606,2750,2671,144,-79,65,5.53,-2.87,2.49,Orange County
1400000US06059052511,"Census Tract 525.11, Orange County, California",6432,6825,6632,393,-193,200,6.11,-2.83,3.11,Orange County
1400000US06059052513,"Census Tract 525.13, Orange County, California",5295,5890,5849,595,-41,554,11.24,-0.7,10.46,Orange County
1400000US06059052514,"Census Tract 525.14, Orange County, California",5559,5892,5643,333,-249,84,5.99,-4.23,1.51,Orange County
1400000US06059052518,"Census Tract 525.18, Orange County, California",6643,7453,7784,810,331,1141,12.19,4.44,17.18,Orange County
1400000US06059052519,"Census Tract 525.19, Orange County, California",4213,4288,4243,75,-45,30,1.78,-1.05,0.71,Orange County
1400000US06059052520,"Census Tract 525.20, Orange County, California",3628,3785,3522,157,-263,-106,4.33,-6.95,-2.92,Orange County
1400000US06059052521,"Census Tract 525.21, Orange County, California",5538,6017,6089,479,72,551,8.65,1.2,9.95,Orange County
1400000US06059052522,"Census Tract 525.22, Orange County, California",3932,3943,3920,11,-23,-12,0.28,-0.58,-0.31,Orange County
1400000US06059052523,"Census Tract 525.23, Orange County, California",4262,4483,4564,221,81,302,5.19,1.81,7.09,Orange County
1400000US06059052524,"Census Tract 525.24, Orange County, California",7860,7717,7793,-143,76,-67,-1.82,0.98,-0.85,Orange County
1400000US06059052526,"Census Tract 525.26, Orange County, California",4565,4552,4126,-13,-426,-439,-0.28,-9.36,-9.62,Orange County
1400000US06059052527,"Census Tract 525.27, Orange County, California",8199,8730,8167,531,-563,-32,6.48,-6.45,-0.39,Orange County
1400000US06059052528,"Census Tract 525.28, Orange County, California",4261,4481,4227,220,-254,-34,5.16,-5.67,-0.8,Orange County
1400000US06059052529,"Census Tract 525.29, Orange County, California",2884,3177,3250,293,73,366,10.16,2.3,12.69,Orange County
1400000US06059052530,"Census Tract 525.30, Orange County, California",6403,6760,6359,357,-401,-44,5.58,-5.93,-0.69,Orange County
1400000US06059052531,"Census Tract 525.31, Orange County, California",4435,4146,4091,-289,-55,-344,-6.52,-1.33,-7.76,Orange County
1400000US06059052532,"Census Tract 525.32, Orange County, California",5707,5873,5865,166,-8,158,2.91,-0.14,2.77,Orange County
1400000US06059052533,"Census Tract 525.33, Orange County, California",6672,7193,7093,521,-100,421,7.81,-1.39,6.31,Orange County
1400000US06059052534,"Census Tract 525.34, Orange County, California",2722,2858,2664,136,-194,-58,5,-6.79,-2.13,Orange County
1400000US06059052535,"Census Tract 525.35, Orange County, California",5382,5716,5216,334,-500,-166,6.21,-8.75,-3.08,Orange County
1400000US06059062605,"Census Tract 626.05, Orange County, California",2775,2946,2999,171,53,224,6.16,1.8,8.07,Orange County
1400000US06059062610,"Census Tract 626.10, Orange County, California",10363,12009,12918,1646,909,2555,15.88,7.57,24.66,Orange County
1400000US06059062611,"Census Tract 626.11, Orange County, California",4542,4818,4641,276,-177,99,6.08,-3.67,2.18,Orange County
1400000US06059062614,"Census Tract 626.14, Orange County, California",17213,17960,20432,747,2472,3219,4.34,13.76,18.7,Orange County
1400000US06059062619,"Census Tract 626.19, Orange County, California",3811,3875,3665,64,-210,-146,1.68,-5.42,-3.83,Orange County
1400000US06059062620,"Census Tract 626.20, Orange County, California",4738,5004,5027,266,23,289,5.61,0.46,6.1,Orange County
1400000US06059062622,"Census Tract 626.22, Orange County, California",3909,4390,4213,481,-177,304,12.3,-4.03,7.78,Orange County
1400000US06059062625,"Census Tract 626.25, Orange County, California",4391,4392,4698,1,306,307,0.02,6.97,6.99,Orange County
1400000US06059062626,"Census Tract 626.26, Orange County, California",2683,2695,2633,12,-62,-50,0.45,-2.3,-1.86,Orange County
1400000US06059062627,"Census Tract 626.27, Orange County, California",3834,3974,3970,140,-4,136,3.65,-0.1,3.55,Orange County
1400000US06059062628,"Census Tract 626.28, Orange County, California",3672,3778,3516,106,-262,-156,2.89,-6.93,-4.25,Orange County
1400000US06059062629,"Census Tract 626.29, Orange County, California",2210,2296,2421,86,125,211,3.89,5.44,9.55,Orange County
1400000US06059062630,"Census Tract 626.30, Orange County, California",1636,1736,1784,100,48,148,6.11,2.76,9.05,Orange County
1400000US06059062631,"Census Tract 626.31, Orange County, California",3044,3314,3304,270,-10,260,8.87,-0.3,8.54,Orange County
1400000US06059062632,"Census Tract 626.32, Orange County, California",3926,4266,4107,340,-159,181,8.66,-3.73,4.61,Orange County
1400000US06059062633,"Census Tract 626.33, Orange County, California",6370,6582,6504,212,-78,134,3.33,-1.19,2.1,Orange County
1400000US06059062634,"Census Tract 626.34, Orange County, California",4815,4719,4676,-96,-43,-139,-1.99,-0.91,-2.89,Orange County
1400000US06059062635,"Census Tract 626.35, Orange County, California",4620,4752,4786,132,34,166,2.86,0.72,3.59,Orange County
1400000US06059062636,"Census Tract 626.36, Orange County, California",3950,4116,3908,166,-208,-42,4.2,-5.05,-1.06,Orange County
1400000US06059062637,"Census Tract 626.37, Orange County, California",5267,5779,5876,512,97,609,9.72,1.68,11.56,Orange County
1400000US06059062638,"Census Tract 626.38, Orange County, California",6129,6308,6412,179,104,283,2.92,1.65,4.62,Orange County
1400000US06059062639,"Census Tract 626.39, Orange County, California",7994,8344,8181,350,-163,187,4.38,-1.95,2.34,Orange County
1400000US06059062640,"Census Tract 626.40, Orange County, California",3364,3591,3366,227,-225,2,6.75,-6.27,0.06,Orange County
1400000US06059062641,"Census Tract 626.41, Orange County, California",4941,4950,5377,9,427,436,0.18,8.63,8.82,Orange County
1400000US06059062642,"Census Tract 626.42, Orange County, California",3084,3125,3071,41,-54,-13,1.33,-1.73,-0.42,Orange County
1400000US06059062643,"Census Tract 626.43, Orange County, California",6236,6536,6315,300,-221,79,4.81,-3.38,1.27,Orange County
1400000US06059062645,"Census Tract 626.45, Orange County, California",6266,6445,6124,179,-321,-142,2.86,-4.98,-2.27,Orange County
1400000US06059062646,"Census Tract 626.46, Orange County, California",3160,3372,3233,212,-139,73,6.71,-4.12,2.31,Orange County
1400000US06059062647,"Census Tract 626.47, Orange County, California",4724,4866,4796,142,-70,72,3.01,-1.44,1.52,Orange County
1400000US06059062648,"Census Tract 626.48, Orange County, California",2806,3280,3271,474,-9,465,16.89,-0.27,16.57,Orange County
1400000US06059062649,"Census Tract 626.49, Orange County, California",3150,3571,3459,421,-112,309,13.37,-3.14,9.81,Orange County
1400000US06059062650,"Census Tract 626.50, Orange County, California",4748,5072,4981,324,-91,233,6.82,-1.79,4.91,Orange County
1400000US06059062651,"Census Tract 626.51, Orange County, California",3028,3086,3139,58,53,111,1.92,1.72,3.67,Orange County
1400000US06059062652,"Census Tract 626.52, Orange County, California",5180,5107,4897,-73,-210,-283,-1.41,-4.11,-5.46,Orange County
1400000US06059062653,"Census Tract 626.53, Orange County, California",5672,6538,6936,866,398,1264,15.27,6.09,22.28,Orange County
1400000US06059062654,"Census Tract 626.54, Orange County, California",7586,6971,7516,-615,545,-70,-8.11,7.82,-0.92,Orange County
1400000US06059062655,"Census Tract 626.55, Orange County, California",5076,4329,3783,-747,-546,-1293,-14.72,-12.61,-25.47,Orange County
1400000US06059062656,"Census Tract 626.56, Orange County, California",4110,3245,3635,-865,390,-475,-21.05,12.02,-11.56,Orange County
1400000US06059062657,"Census Tract 626.57, Orange County, California",3304,3556,3748,252,192,444,7.63,5.4,13.44,Orange County
1400000US06059062658,"Census Tract 626.58, Orange County, California",5313,5022,4951,-291,-71,-362,-5.48,-1.41,-6.81,Orange County
1400000US06059062701,"Census Tract 627.01, Orange County, California",2755,2817,2646,62,-171,-109,2.25,-6.07,-3.96,Orange County
1400000US06059062702,"Census Tract 627.02, Orange County, California",4420,4702,4166,282,-536,-254,6.38,-11.4,-5.75,Orange County
1400000US06059062800,"Census Tract 628, Orange County, California",4539,3516,3556,-1023,40,-983,-22.54,1.14,-21.66,Orange County
1400000US06059062900,"Census Tract 629, Orange County, California",1655,1717,1726,62,9,71,3.75,0.52,4.29,Orange County
1400000US06059063004,"Census Tract 630.04, Orange County, California",6246,5966,6018,-280,52,-228,-4.48,0.87,-3.65,Orange County
1400000US06059063005,"Census Tract 630.05, Orange County, California",1402,1444,1510,42,66,108,3,4.57,7.7,Orange County
1400000US06059063006,"Census Tract 630.06, Orange County, California",2710,2471,2346,-239,-125,-364,-8.82,-5.06,-13.43,Orange County
1400000US06059063007,"Census Tract 630.07, Orange County, California",6483,6716,6573,233,-143,90,3.59,-2.13,1.39,Orange County
1400000US06059063008,"Census Tract 630.08, Orange County, California",1788,2062,2502,274,440,714,15.32,21.34,39.93,Orange County
1400000US06059063009,"Census Tract 630.09, Orange County, California",1744,1718,1666,-26,-52,-78,-1.49,-3.03,-4.47,Orange County
1400000US06059063010,"Census Tract 630.10, Orange County, California",6635,6465,6629,-170,164,-6,-2.56,2.54,-0.09,Orange County
1400000US06059063101,"Census Tract 631.01, Orange County, California",3077,3168,3117,91,-51,40,2.96,-1.61,1.3,Orange County
1400000US06059063102,"Census Tract 631.02, Orange County, California",6151,6295,6283,144,-12,132,2.34,-0.19,2.15,Orange County
1400000US06059063103,"Census Tract 631.03, Orange County, California",3731,3582,3528,-149,-54,-203,-3.99,-1.51,-5.44,Orange County
1400000US06059063201,"Census Tract 632.01, Orange County, California",3772,3760,3819,-12,59,47,-0.32,1.57,1.25,Orange County
1400000US06059063202,"Census Tract 632.02, Orange County, California",3718,3494,3653,-224,159,-65,-6.02,4.55,-1.75,Orange County
1400000US06059063301,"Census Tract 633.01, Orange County, California",3247,3244,3133,-3,-111,-114,-0.09,-3.42,-3.51,Orange County
1400000US06059063302,"Census Tract 633.02, Orange County, California",4094,4145,4055,51,-90,-39,1.25,-2.17,-0.95,Orange County
1400000US06059063400,"Census Tract 634, Orange County, California",5053,5164,5016,111,-148,-37,2.2,-2.87,-0.73,Orange County
1400000US06059063500,"Census Tract 635, Orange County, California",6650,5993,6542,-657,549,-108,-9.88,9.16,-1.62,Orange County
1400000US06059063601,"Census Tract 636.01, Orange County, California",4409,4438,4308,29,-130,-101,0.66,-2.93,-2.29,Orange County
1400000US06059063603,"Census Tract 636.03, Orange County, California",5290,5220,5078,-70,-142,-212,-1.32,-2.72,-4.01,Orange County
1400000US06059063604,"Census Tract 636.04, Orange County, California",3793,4401,3811,608,-590,18,16.03,-13.41,0.47,Orange County
1400000US06059063605,"Census Tract 636.05, Orange County, California",5580,5572,5878,-8,306,298,-0.14,5.49,5.34,Orange County
1400000US06059063701,"Census Tract 637.01, Orange County, California",6211,6102,6068,-109,-34,-143,-1.75,-0.56,-2.3,Orange County
1400000US06059063702,"Census Tract 637.02, Orange County, California",6234,6159,6133,-75,-26,-101,-1.2,-0.42,-1.62,Orange County
1400000US06059063802,"Census Tract 638.02, Orange County, California",3062,3108,3045,46,-63,-17,1.5,-2.03,-0.56,Orange County
1400000US06059063803,"Census Tract 638.03, Orange County, California",4112,4342,4507,230,165,395,5.59,3.8,9.61,Orange County
1400000US06059063805,"Census Tract 638.05, Orange County, California",2632,2683,2716,51,33,84,1.94,1.23,3.19,Orange County
1400000US06059063806,"Census Tract 638.06, Orange County, California",3655,3859,3889,204,30,234,5.58,0.78,6.4,Orange County
1400000US06059063807,"Census Tract 638.07, Orange County, California",5071,4789,4559,-282,-230,-512,-5.56,-4.8,-10.1,Orange County
1400000US06059063808,"Census Tract 638.08, Orange County, California",5544,5188,4959,-356,-229,-585,-6.42,-4.41,-10.55,Orange County
1400000US06059063902,"Census Tract 639.02, Orange County, California",6934,6814,6500,-120,-314,-434,-1.73,-4.61,-6.26,Orange County
1400000US06059063903,"Census Tract 639.03, Orange County, California",3979,3804,3851,-175,47,-128,-4.4,1.24,-3.22,Orange County
1400000US06059063904,"Census Tract 639.04, Orange County, California",4425,4448,4599,23,151,174,0.52,3.39,3.93,Orange County
1400000US06059063905,"Census Tract 639.05, Orange County, California",3934,3740,3739,-194,-1,-195,-4.93,-0.03,-4.96,Orange County
1400000US06059063906,"Census Tract 639.06, Orange County, California",7083,6654,6444,-429,-210,-639,-6.06,-3.16,-9.02,Orange County
1400000US06059063908,"Census Tract 639.08, Orange County, California",5846,5826,6233,-20,407,387,-0.34,6.99,6.62,Orange County
1400000US06059063909,"Census Tract 639.09, Orange County, California",3474,3653,3692,179,39,218,5.15,1.07,6.28,Orange County
1400000US06059063910,"Census Tract 639.10, Orange County, California",4706,4548,4441,-158,-107,-265,-3.36,-2.35,-5.63,Orange County
1400000US06059074003,"Census Tract 740.03, Orange County, California",3882,3553,3552,-329,-1,-330,-8.48,-0.03,-8.5,Orange County
1400000US06059074004,"Census Tract 740.04, Orange County, California",7896,7658,7793,-238,135,-103,-3.01,1.76,-1.3,Orange County
1400000US06059074005,"Census Tract 740.05, Orange County, California",7836,7147,7031,-689,-116,-805,-8.79,-1.62,-10.27,Orange County
1400000US06059074006,"Census Tract 740.06, Orange County, California",6101,5896,6308,-205,412,207,-3.36,6.99,3.39,Orange County
1400000US06059074102,"Census Tract 741.02, Orange County, California",6699,6220,6610,-479,390,-89,-7.15,6.27,-1.33,Orange County
1400000US06059074103,"Census Tract 741.03, Orange County, California",5870,5579,5373,-291,-206,-497,-4.96,-3.69,-8.47,Orange County
1400000US06059074106,"Census Tract 741.06, Orange County, California",6922,6371,6396,-551,25,-526,-7.96,0.39,-7.6,Orange County
1400000US06059074107,"Census Tract 741.07, Orange County, California",6223,5777,5590,-446,-187,-633,-7.17,-3.24,-10.17,Orange County
1400000US06059074108,"Census Tract 741.08, Orange County, California",5056,4829,4668,-227,-161,-388,-4.49,-3.33,-7.67,Orange County
1400000US06059074109,"Census Tract 741.09, Orange County, California",3207,3044,3134,-163,90,-73,-5.08,2.96,-2.28,Orange County
1400000US06059074110,"Census Tract 741.10, Orange County, California",3813,3570,3635,-243,65,-178,-6.37,1.82,-4.67,Orange County
1400000US06059074111,"Census Tract 741.11, Orange County, California",6086,5533,5375,-553,-158,-711,-9.09,-2.86,-11.68,Orange County
1400000US06059074200,"Census Tract 742, Orange County, California",9492,9032,8570,-460,-462,-922,-4.85,-5.12,-9.71,Orange County
1400000US06059074300,"Census Tract 743, Orange County, California",4079,3837,3897,-242,60,-182,-5.93,1.56,-4.46,Orange County
1400000US06059074403,"Census Tract 744.03, Orange County, California",6048,5677,5124,-371,-553,-924,-6.13,-9.74,-15.28,Orange County
1400000US06059074405,"Census Tract 744.05, Orange County, California",6940,6905,7016,-35,111,76,-0.5,1.61,1.1,Orange County
1400000US06059074406,"Census Tract 744.06, Orange County, California",3704,3581,3837,-123,256,133,-3.32,7.15,3.59,Orange County
1400000US06059074407,"Census Tract 744.07, Orange County, California",6867,6812,6707,-55,-105,-160,-0.8,-1.54,-2.33,Orange County
1400000US06059074408,"Census Tract 744.08, Orange County, California",5721,5635,5644,-86,9,-77,-1.5,0.16,-1.35,Orange County
1400000US06059074501,"Census Tract 745.01, Orange County, California",7339,6450,6104,-889,-346,-1235,-12.11,-5.36,-16.83,Orange County
1400000US06059074502,"Census Tract 745.02, Orange County, California",5365,5523,5549,158,26,184,2.95,0.47,3.43,Orange County
1400000US06059074601,"Census Tract 746.01, Orange County, California",8264,7621,7640,-643,19,-624,-7.78,0.25,-7.55,Orange County
1400000US06059074602,"Census Tract 746.02, Orange County, California",8508,8047,7981,-461,-66,-527,-5.42,-0.82,-6.19,Orange County
1400000US06059074701,"Census Tract 747.01, Orange County, California",7164,6657,7168,-507,511,4,-7.08,7.68,0.06,Orange County
1400000US06059074702,"Census Tract 747.02, Orange County, California",6465,6074,5979,-391,-95,-486,-6.05,-1.56,-7.52,Orange County
1400000US06059074801,"Census Tract 748.01, Orange County, California",5930,5205,4851,-725,-354,-1079,-12.23,-6.8,-18.2,Orange County
1400000US06059074802,"Census Tract 748.02, Orange County, California",6129,6086,5549,-43,-537,-580,-0.7,-8.82,-9.46,Orange County
1400000US06059074803,"Census Tract 748.03, Orange County, California",9505,8836,9123,-669,287,-382,-7.04,3.25,-4.02,Orange County
1400000US06059074805,"Census Tract 748.05, Orange County, California",4968,4687,4641,-281,-46,-327,-5.66,-0.98,-6.58,Orange County
1400000US06059074806,"Census Tract 748.06, Orange County, California",5579,5276,5195,-303,-81,-384,-5.43,-1.54,-6.88,Orange County
1400000US06059074901,"Census Tract 749.01, Orange County, California",9468,8765,8707,-703,-58,-761,-7.43,-0.66,-8.04,Orange County
1400000US06059074902,"Census Tract 749.02, Orange County, California",6513,6312,6220,-201,-92,-293,-3.09,-1.46,-4.5,Orange County
1400000US06059075002,"Census Tract 750.02, Orange County, California",8698,7808,7812,-890,4,-886,-10.23,0.05,-10.19,Orange County
1400000US06059075003,"Census Tract 750.03, Orange County, California",7352,7219,7259,-133,40,-93,-1.81,0.55,-1.26,Orange County
1400000US06059075004,"Census Tract 750.04, Orange County, California",5063,4727,4838,-336,111,-225,-6.64,2.35,-4.44,Orange County
1400000US06059075100,"Census Tract 751, Orange County, California",10091,9544,9108,-547,-436,-983,-5.42,-4.57,-9.74,Orange County
1400000US06059075201,"Census Tract 752.01, Orange County, California",5527,5541,5242,14,-299,-285,0.25,-5.4,-5.16,Orange County
1400000US06059075202,"Census Tract 752.02, Orange County, California",5999,5552,5836,-447,284,-163,-7.45,5.12,-2.72,Orange County
1400000US06059075301,"Census Tract 753.01, Orange County, California",5507,5162,5319,-345,157,-188,-6.26,3.04,-3.41,Orange County
1400000US06059075302,"Census Tract 753.02, Orange County, California",5232,4688,4619,-544,-69,-613,-10.4,-1.47,-11.72,Orange County
1400000US06059075303,"Census Tract 753.03, Orange County, California",3560,3183,3143,-377,-40,-417,-10.59,-1.26,-11.71,Orange County
1400000US06059075401,"Census Tract 754.01, Orange County, California",5217,4592,4879,-625,287,-338,-11.98,6.25,-6.48,Orange County
1400000US06059075403,"Census Tract 754.03, Orange County, California",8206,8015,7621,-191,-394,-585,-2.33,-4.92,-7.13,Orange County
1400000US06059075404,"Census Tract 754.04, Orange County, California",7278,7509,7245,231,-264,-33,3.17,-3.52,-0.45,Orange County
1400000US06059075405,"Census Tract 754.05, Orange County, California",3150,3050,3140,-100,90,-10,-3.17,2.95,-0.32,Orange County
1400000US06059075504,"Census Tract 755.04, Orange County, California",3907,3957,4001,50,44,94,1.28,1.11,2.41,Orange County
1400000US06059075505,"Census Tract 755.05, Orange County, California",3339,3292,3260,-47,-32,-79,-1.41,-0.97,-2.37,Orange County
1400000US06059075506,"Census Tract 755.06, Orange County, California",3378,3381,3495,3,114,117,0.09,3.37,3.46,Orange County
1400000US06059075507,"Census Tract 755.07, Orange County, California",5137,5154,5114,17,-40,-23,0.33,-0.78,-0.45,Orange County
1400000US06059075512,"Census Tract 755.12, Orange County, California",3672,3588,3653,-84,65,-19,-2.29,1.81,-0.52,Orange County
1400000US06059075513,"Census Tract 755.13, Orange County, California",4932,5083,4979,151,-104,47,3.06,-2.05,0.95,Orange County
1400000US06059075514,"Census Tract 755.14, Orange County, California",4093,3975,3726,-118,-249,-367,-2.88,-6.26,-8.97,Orange County
1400000US06059075516,"Census Tract 755.16, Orange County, California",7318,8929,9801,1611,872,2483,22.01,9.77,33.93,Orange County
1400000US06059075517,"Census Tract 755.17, Orange County, California",6155,6099,6261,-56,162,106,-0.91,2.66,1.72,Orange County
1400000US06059075518,"Census Tract 755.18, Orange County, California",10506,10073,10643,-433,570,137,-4.12,5.66,1.3,Orange County
1400000US06059075603,"Census Tract 756.03, Orange County, California",3962,4083,3987,121,-96,25,3.05,-2.35,0.63,Orange County
1400000US06059075604,"Census Tract 756.04, Orange County, California",7364,7162,7039,-202,-123,-325,-2.74,-1.72,-4.41,Orange County
1400000US06059075605,"Census Tract 756.05, Orange County, California",6232,6145,5954,-87,-191,-278,-1.4,-3.11,-4.46,Orange County
1400000US06059075606,"Census Tract 756.06, Orange County, California",5941,5991,6030,50,39,89,0.84,0.65,1.5,Orange County
1400000US06059075607,"Census Tract 756.07, Orange County, California",6824,7079,6391,255,-688,-433,3.74,-9.72,-6.35,Orange County
1400000US06059075701,"Census Tract 757.01, Orange County, California",7040,6976,6810,-64,-166,-230,-0.91,-2.38,-3.27,Orange County
1400000US06059075702,"Census Tract 757.02, Orange County, California",3436,3387,3274,-49,-113,-162,-1.43,-3.34,-4.71,Orange County
1400000US06059075703,"Census Tract 757.03, Orange County, California",4488,4568,4473,80,-95,-15,1.78,-2.08,-0.33,Orange County
1400000US06059075805,"Census Tract 758.05, Orange County, California",4040,3941,4073,-99,132,33,-2.45,3.35,0.82,Orange County
1400000US06059075806,"Census Tract 758.06, Orange County, California",5999,5848,6085,-151,237,86,-2.52,4.05,1.43,Orange County
1400000US06059075807,"Census Tract 758.07, Orange County, California",4621,4617,5257,-4,640,636,-0.09,13.86,13.76,Orange County
1400000US06059075808,"Census Tract 758.08, Orange County, California",3238,3210,3188,-28,-22,-50,-0.86,-0.69,-1.54,Orange County
1400000US06059075809,"Census Tract 758.09, Orange County, California",3264,3200,3179,-64,-21,-85,-1.96,-0.66,-2.6,Orange County
1400000US06059075810,"Census Tract 758.10, Orange County, California",2844,2941,2856,97,-85,12,3.41,-2.89,0.42,Orange County
1400000US06059075811,"Census Tract 758.11, Orange County, California",3224,3216,3249,-8,33,25,-0.25,1.03,0.78,Orange County
1400000US06059075812,"Census Tract 758.12, Orange County, California",5995,5969,6201,-26,232,206,-0.43,3.89,3.44,Orange County
1400000US06059075813,"Census Tract 758.13, Orange County, California",4826,4986,4848,160,-138,22,3.32,-2.77,0.46,Orange County
1400000US06059075814,"Census Tract 758.14, Orange County, California",2825,2899,3077,74,178,252,2.62,6.14,8.92,Orange County
1400000US06059075815,"Census Tract 758.15, Orange County, California",5654,5677,5410,23,-267,-244,0.41,-4.7,-4.32,Orange County
1400000US06059075816,"Census Tract 758.16, Orange County, California",3105,3254,3214,149,-40,109,4.8,-1.23,3.51,Orange County
1400000US06059075901,"Census Tract 759.01, Orange County, California",4063,3959,4085,-104,126,22,-2.56,3.18,0.54,Orange County
1400000US06059075902,"Census Tract 759.02, Orange County, California",6972,6870,6647,-102,-223,-325,-1.46,-3.25,-4.66,Orange County
1400000US06059076001,"Census Tract 760.01, Orange County, California",7675,8194,8352,519,158,677,6.76,1.93,8.82,Orange County
1400000US06059076002,"Census Tract 760.02, Orange County, California",1128,1279,1672,151,393,544,13.39,30.73,48.23,Orange County
1400000US06059076102,"Census Tract 761.02, Orange County, California",8657,8914,8293,257,-621,-364,2.97,-6.97,-4.2,Orange County
1400000US06059076103,"Census Tract 761.03, Orange County, California",9734,9847,9807,113,-40,73,1.16,-0.41,0.75,Orange County
1400000US06059076104,"Census Tract 761.04, Orange County, California",5087,5437,5741,350,304,654,6.88,5.59,12.86,Orange County
1400000US06059076105,"Census Tract 761.05, Orange County, California",4215,4086,4220,-129,134,5,-3.06,3.28,0.12,Orange County
1400000US06059076201,"Census Tract 762.01, Orange County, California",7958,8277,7841,319,-436,-117,4.01,-5.27,-1.47,Orange County
1400000US06059076202,"Census Tract 762.02, Orange County, California",6088,5905,5877,-183,-28,-211,-3.01,-0.47,-3.47,Orange County
1400000US06059076204,"Census Tract 762.04, Orange County, California",3877,3624,3646,-253,22,-231,-6.53,0.61,-5.96,Orange County
1400000US06059076205,"Census Tract 762.05, Orange County, California",7572,7361,7020,-211,-341,-552,-2.79,-4.63,-7.29,Orange County
1400000US06059076206,"Census Tract 762.06, Orange County, California",5482,5604,5761,122,157,279,2.23,2.8,5.09,Orange County
1400000US06059076208,"Census Tract 762.08, Orange County, California",5448,5441,5505,-7,64,57,-0.13,1.18,1.05,Orange County
1400000US06059086301,"Census Tract 863.01, Orange County, California",6773,7008,6947,235,-61,174,3.47,-0.87,2.57,Orange County
1400000US06059086303,"Census Tract 863.03, Orange County, California",9098,9080,11223,-18,2143,2125,-0.2,23.6,23.36,Orange County
1400000US06059086304,"Census Tract 863.04, Orange County, California",4467,4256,4385,-211,129,-82,-4.72,3.03,-1.84,Orange County
1400000US06059086305,"Census Tract 863.05, Orange County, California",4622,4464,4691,-158,227,69,-3.42,5.09,1.49,Orange County
1400000US06059086306,"Census Tract 863.06, Orange County, California",3838,3959,4067,121,108,229,3.15,2.73,5.97,Orange County
1400000US06059086402,"Census Tract 864.02, Orange County, California",6724,6515,6465,-209,-50,-259,-3.11,-0.77,-3.85,Orange County
1400000US06059086404,"Census Tract 864.04, Orange County, California",6883,6574,6552,-309,-22,-331,-4.49,-0.33,-4.81,Orange County
1400000US06059086405,"Census Tract 864.05, Orange County, California",7018,6778,6642,-240,-136,-376,-3.42,-2.01,-5.36,Orange County
1400000US06059086406,"Census Tract 864.06, Orange County, California",3841,4347,4164,506,-183,323,13.17,-4.21,8.41,Orange County
1400000US06059086407,"Census Tract 864.07, Orange County, California",6433,6701,6164,268,-537,-269,4.17,-8.01,-4.18,Orange County
1400000US06059086501,"Census Tract 865.01, Orange County, California",4045,4130,3684,85,-446,-361,2.1,-10.8,-8.92,Orange County
1400000US06059086502,"Census Tract 865.02, Orange County, California",6508,6430,6260,-78,-170,-248,-1.2,-2.64,-3.81,Orange County
1400000US06059086601,"Census Tract 866.01, Orange County, California",9135,9054,8340,-81,-714,-795,-0.89,-7.89,-8.7,Orange County
1400000US06059086602,"Census Tract 866.02, Orange County, California",6399,6404,6338,5,-66,-61,0.08,-1.03,-0.95,Orange County
1400000US06059086701,"Census Tract 867.01, Orange County, California",9057,8720,8688,-337,-32,-369,-3.72,-0.37,-4.07,Orange County
1400000US06059086702,"Census Tract 867.02, Orange County, California",8269,7831,7388,-438,-443,-881,-5.3,-5.66,-10.65,Orange County
1400000US06059086801,"Census Tract 868.01, Orange County, California",3394,3539,3533,145,-6,139,4.27,-0.17,4.1,Orange County
1400000US06059086802,"Census Tract 868.02, Orange County, California",5845,5823,6003,-22,180,158,-0.38,3.09,2.7,Orange County
1400000US06059086803,"Census Tract 868.03, Orange County, California",8505,8386,8022,-119,-364,-483,-1.4,-4.34,-5.68,Orange County
1400000US06059086901,"Census Tract 869.01, Orange County, California",8437,8288,8498,-149,210,61,-1.77,2.53,0.72,Orange County
1400000US06059086902,"Census Tract 869.02, Orange County, California",6165,6213,6047,48,-166,-118,0.78,-2.67,-1.91,Orange County
1400000US06059086903,"Census Tract 869.03, Orange County, California",6625,6474,6203,-151,-271,-422,-2.28,-4.19,-6.37,Orange County
1400000US06059087001,"Census Tract 870.01, Orange County, California",5667,5919,5485,252,-434,-182,4.45,-7.33,-3.21,Orange County
1400000US06059087002,"Census Tract 870.02, Orange County, California",7423,7210,7159,-213,-51,-264,-2.87,-0.71,-3.56,Orange County
1400000US06059087101,"Census Tract 871.01, Orange County, California",4534,5013,4958,479,-55,424,10.56,-1.1,9.35,Orange County
1400000US06059087102,"Census Tract 871.02, Orange County, California",6919,7009,6809,90,-200,-110,1.3,-2.85,-1.59,Orange County
1400000US06059087103,"Census Tract 871.03, Orange County, California",8903,8766,8667,-137,-99,-236,-1.54,-1.13,-2.65,Orange County
1400000US06059087105,"Census Tract 871.05, Orange County, California",5938,5346,5636,-592,290,-302,-9.97,5.42,-5.09,Orange County
1400000US06059087106,"Census Tract 871.06, Orange County, California",4858,4921,4936,63,15,78,1.3,0.3,1.61,Orange County
1400000US06059087200,"Census Tract 872, Orange County, California",7862,7808,7781,-54,-27,-81,-0.69,-0.35,-1.03,Orange County
1400000US06059087301,"Census Tract 873.01, Orange County, California",4334,4432,4138,98,-294,-196,2.26,-6.63,-4.52,Orange County
1400000US06059087302,"Census Tract 873.02, Orange County, California",6753,7050,6497,297,-553,-256,4.4,-7.84,-3.79,Orange County
1400000US06059087401,"Census Tract 874.01, Orange County, California",5348,5158,5345,-190,187,-3,-3.55,3.63,-0.06,Orange County
1400000US06059087403,"Census Tract 874.03, Orange County, California",2989,3001,2609,12,-392,-380,0.4,-13.06,-12.71,Orange County
1400000US06059087404,"Census Tract 874.04, Orange County, California",4583,4162,4663,-421,501,80,-9.19,12.04,1.75,Orange County
1400000US06059087405,"Census Tract 874.05, Orange County, California",5108,4775,4487,-333,-288,-621,-6.52,-6.03,-12.16,Orange County
1400000US06059087503,"Census Tract 875.03, Orange County, California",6230,6011,6216,-219,205,-14,-3.52,3.41,-0.22,Orange County
1400000US06059087504,"Census Tract 875.04, Orange County, California",7420,7534,7376,114,-158,-44,1.54,-2.1,-0.59,Orange County
1400000US06059087505,"Census Tract 875.05, Orange County, California",4409,4676,4791,267,115,382,6.06,2.46,8.66,Orange County
1400000US06059087601,"Census Tract 876.01, Orange County, California",4913,4910,4624,-3,-286,-289,-0.06,-5.82,-5.88,Orange County
1400000US06059087602,"Census Tract 876.02, Orange County, California",8978,8780,8758,-198,-22,-220,-2.21,-0.25,-2.45,Orange County
1400000US06059087701,"Census Tract 877.01, Orange County, California",5994,5830,5749,-164,-81,-245,-2.74,-1.39,-4.09,Orange County
1400000US06059087703,"Census Tract 877.03, Orange County, California",5984,6440,6520,456,80,536,7.62,1.24,8.96,Orange County
1400000US06059087704,"Census Tract 877.04, Orange County, California",5451,5233,5414,-218,181,-37,-4,3.46,-0.68,Orange County
1400000US06059087801,"Census Tract 878.01, Orange County, California",4724,4683,4694,-41,11,-30,-0.87,0.23,-0.64,Orange County
1400000US06059087802,"Census Tract 878.02, Orange County, California",8151,8332,8595,181,263,444,2.22,3.16,5.45,Orange County
1400000US06059087803,"Census Tract 878.03, Orange County, California",6130,5970,6128,-160,158,-2,-2.61,2.65,-0.03,Orange County
1400000US06059087805,"Census Tract 878.05, Orange County, California",6446,6577,6833,131,256,387,2.03,3.89,6,Orange County
1400000US06059087806,"Census Tract 878.06, Orange County, California",6562,6105,5893,-457,-212,-669,-6.96,-3.47,-10.2,Orange County
1400000US06059087901,"Census Tract 879.01, Orange County, California",3891,3672,3453,-219,-219,-438,-5.63,-5.96,-11.26,Orange County
1400000US06059087902,"Census Tract 879.02, Orange County, California",5175,4985,5192,-190,207,17,-3.67,4.15,0.33,Orange County
1400000US06059088001,"Census Tract 880.01, Orange County, California",4314,4673,4758,359,85,444,8.32,1.82,10.29,Orange County
1400000US06059088002,"Census Tract 880.02, Orange County, California",4543,4270,4292,-273,22,-251,-6.01,0.52,-5.52,Orange County
1400000US06059088101,"Census Tract 881.01, Orange County, California",2124,1999,2158,-125,159,34,-5.89,7.95,1.6,Orange County
1400000US06059088104,"Census Tract 881.04, Orange County, California",4638,4622,4481,-16,-141,-157,-0.34,-3.05,-3.39,Orange County
1400000US06059088105,"Census Tract 881.05, Orange County, California",4731,4685,5019,-46,334,288,-0.97,7.13,6.09,Orange County
1400000US06059088106,"Census Tract 881.06, Orange County, California",5187,5244,5184,57,-60,-3,1.1,-1.14,-0.06,Orange County
1400000US06059088107,"Census Tract 881.07, Orange County, California",6038,6175,5925,137,-250,-113,2.27,-4.05,-1.87,Orange County
1400000US06059088201,"Census Tract 882.01, Orange County, California",3803,3799,3737,-4,-62,-66,-0.11,-1.63,-1.74,Orange County
1400000US06059088202,"Census Tract 882.02, Orange County, California",3807,3631,3566,-176,-65,-241,-4.62,-1.79,-6.33,Orange County
1400000US06059088203,"Census Tract 882.03, Orange County, California",5267,5207,4671,-60,-536,-596,-1.14,-10.29,-11.32,Orange County
1400000US06059088301,"Census Tract 883.01, Orange County, California",6173,5797,5892,-376,95,-281,-6.09,1.64,-4.55,Orange County
1400000US06059088302,"Census Tract 883.02, Orange County, California",6435,6287,6404,-148,117,-31,-2.3,1.86,-0.48,Orange County
1400000US06059088401,"Census Tract 884.01, Orange County, California",5340,5111,5218,-229,107,-122,-4.29,2.09,-2.28,Orange County
1400000US06059088402,"Census Tract 884.02, Orange County, California",4539,4341,4475,-198,134,-64,-4.36,3.09,-1.41,Orange County
1400000US06059088403,"Census Tract 884.03, Orange County, California",6473,6363,6429,-110,66,-44,-1.7,1.04,-0.68,Orange County
1400000US06059088501,"Census Tract 885.01, Orange County, California",6916,7366,7306,450,-60,390,6.51,-0.81,5.64,Orange County
1400000US06059088502,"Census Tract 885.02, Orange County, California",5273,5252,5259,-21,7,-14,-0.4,0.13,-0.27,Orange County
1400000US06059088601,"Census Tract 886.01, Orange County, California",7434,7481,7427,47,-54,-7,0.63,-0.72,-0.09,Orange County
1400000US06059088602,"Census Tract 886.02, Orange County, California",4378,4471,4762,93,291,384,2.12,6.51,8.77,Orange County
1400000US06059088701,"Census Tract 887.01, Orange County, California",6151,6134,6029,-17,-105,-122,-0.28,-1.71,-1.98,Orange County
1400000US06059088702,"Census Tract 887.02, Orange County, California",6152,6001,5293,-151,-708,-859,-2.45,-11.8,-13.96,Orange County
1400000US06059088801,"Census Tract 888.01, Orange County, California",7576,7657,7421,81,-236,-155,1.07,-3.08,-2.05,Orange County
1400000US06059088802,"Census Tract 888.02, Orange County, California",5254,5403,5655,149,252,401,2.84,4.66,7.63,Orange County
1400000US06059088901,"Census Tract 889.01, Orange County, California",6803,6729,6792,-74,63,-11,-1.09,0.94,-0.16,Orange County
1400000US06059088902,"Census Tract 889.02, Orange County, California",5365,5543,5530,178,-13,165,3.32,-0.23,3.08,Orange County
1400000US06059088903,"Census Tract 889.03, Orange County, California",8749,8643,8384,-106,-259,-365,-1.21,-3,-4.17,Orange County
1400000US06059088904,"Census Tract 889.04, Orange County, California",4877,4890,4938,13,48,61,0.27,0.98,1.25,Orange County
1400000US06059088905,"Census Tract 889.05, Orange County, California",4935,4939,4894,4,-45,-41,0.08,-0.91,-0.83,Orange County
1400000US06059089001,"Census Tract 890.01, Orange County, California",6358,6083,5824,-275,-259,-534,-4.33,-4.26,-8.4,Orange County
1400000US06059089003,"Census Tract 890.03, Orange County, California",4430,4446,4389,16,-57,-41,0.36,-1.28,-0.93,Orange County
1400000US06059089004,"Census Tract 890.04, Orange County, California",6860,6517,6589,-343,72,-271,-5,1.1,-3.95,Orange County
1400000US06059089102,"Census Tract 891.02, Orange County, California",6783,6475,6289,-308,-186,-494,-4.54,-2.87,-7.28,Orange County
1400000US06059089104,"Census Tract 891.04, Orange County, California",5873,5506,5282,-367,-224,-591,-6.25,-4.07,-10.06,Orange County
1400000US06059089105,"Census Tract 891.05, Orange County, California",6413,6309,6351,-104,42,-62,-1.62,0.67,-0.97,Orange County
1400000US06059089106,"Census Tract 891.06, Orange County, California",4516,4297,4124,-219,-173,-392,-4.85,-4.03,-8.68,Orange County
1400000US06059089107,"Census Tract 891.07, Orange County, California",6200,5998,5960,-202,-38,-240,-3.26,-0.63,-3.87,Orange County
1400000US06059099202,"Census Tract 992.02, Orange County, California",7934,7242,6968,-692,-274,-966,-8.72,-3.78,-12.18,Orange County
1400000US06059099203,"Census Tract 992.03, Orange County, California",6269,5386,5686,-883,300,-583,-14.09,5.57,-9.3,Orange County
1400000US06059099204,"Census Tract 992.04, Orange County, California",5376,5167,5208,-209,41,-168,-3.89,0.79,-3.13,Orange County
1400000US06059099212,"Census Tract 992.12, Orange County, California",5675,5611,5595,-64,-16,-80,-1.13,-0.29,-1.41,Orange County
1400000US06059099214,"Census Tract 992.14, Orange County, California",3578,3574,3731,-4,157,153,-0.11,4.39,4.28,Orange County
1400000US06059099215,"Census Tract 992.15, Orange County, California",5540,5593,5851,53,258,311,0.96,4.61,5.61,Orange County
1400000US06059099216,"Census Tract 992.16, Orange County, California",4800,4594,4416,-206,-178,-384,-4.29,-3.87,-8,Orange County
1400000US06059099217,"Census Tract 992.17, Orange County, California",2590,2504,2520,-86,16,-70,-3.32,0.64,-2.7,Orange County
1400000US06059099220,"Census Tract 992.20, Orange County, California",5899,5528,5704,-371,176,-195,-6.29,3.18,-3.31,Orange County
1400000US06059099222,"Census Tract 992.22, Orange County, California",5378,5465,5512,87,47,134,1.62,0.86,2.49,Orange County
1400000US06059099223,"Census Tract 992.23, Orange County, California",5278,5538,5653,260,115,375,4.93,2.08,7.1,Orange County
1400000US06059099224,"Census Tract 992.24, Orange County, California",3178,3190,3027,12,-163,-151,0.38,-5.11,-4.75,Orange County
1400000US06059099225,"Census Tract 992.25, Orange County, California",3880,4049,4073,169,24,193,4.36,0.59,4.97,Orange County
1400000US06059099226,"Census Tract 992.26, Orange County, California",3862,3777,3803,-85,26,-59,-2.2,0.69,-1.53,Orange County
1400000US06059099227,"Census Tract 992.27, Orange County, California",5755,5910,5938,155,28,183,2.69,0.47,3.18,Orange County
1400000US06059099229,"Census Tract 992.29, Orange County, California",5615,5994,5722,379,-272,107,6.75,-4.54,1.91,Orange County
1400000US06059099230,"Census Tract 992.30, Orange County, California",4399,4435,4405,36,-30,6,0.82,-0.68,0.14,Orange County
1400000US06059099231,"Census Tract 992.31, Orange County, California",4907,5048,5470,141,422,563,2.87,8.36,11.47,Orange County
1400000US06059099232,"Census Tract 992.32, Orange County, California",5624,5498,5895,-126,397,271,-2.24,7.22,4.82,Orange County
1400000US06059099233,"Census Tract 992.33, Orange County, California",3173,3319,3206,146,-113,33,4.6,-3.4,1.04,Orange County
1400000US06059099234,"Census Tract 992.34, Orange County, California",4260,4351,4204,91,-147,-56,2.14,-3.38,-1.31,Orange County
1400000US06059099235,"Census Tract 992.35, Orange County, California",5546,5608,5312,62,-296,-234,1.12,-5.28,-4.22,Orange County
1400000US06059099237,"Census Tract 992.37, Orange County, California",3236,3161,3199,-75,38,-37,-2.32,1.2,-1.14,Orange County
1400000US06059099238,"Census Tract 992.38, Orange County, California",3906,4125,3897,219,-228,-9,5.61,-5.53,-0.23,Orange County
1400000US06059099239,"Census Tract 992.39, Orange County, California",3795,3761,3494,-34,-267,-301,-0.9,-7.1,-7.93,Orange County
1400000US06059099240,"Census Tract 992.40, Orange County, California",5239,5346,5190,107,-156,-49,2.04,-2.92,-0.94,Orange County
1400000US06059099241,"Census Tract 992.41, Orange County, California",3890,3870,4033,-20,163,143,-0.51,4.21,3.68,Orange County
1400000US06059099242,"Census Tract 992.42, Orange County, California",3673,3626,3449,-47,-177,-224,-1.28,-4.88,-6.1,Orange County
1400000US06059099243,"Census Tract 992.43, Orange County, California",4044,4068,4215,24,147,171,0.59,3.61,4.23,Orange County
1400000US06059099244,"Census Tract 992.44, Orange County, California",3604,3639,3798,35,159,194,0.97,4.37,5.38,Orange County
1400000US06059099245,"Census Tract 992.45, Orange County, California",2562,2572,2569,10,-3,7,0.39,-0.12,0.27,Orange County
1400000US06059099246,"Census Tract 992.46, Orange County, California",3228,3149,3263,-79,114,35,-2.45,3.62,1.08,Orange County
1400000US06059099247,"Census Tract 992.47, Orange County, California",3236,2836,2759,-400,-77,-477,-12.36,-2.72,-14.74,Orange County
1400000US06059099248,"Census Tract 992.48, Orange County, California",6018,5343,4722,-675,-621,-1296,-11.22,-11.62,-21.54,Orange County
1400000US06059099249,"Census Tract 992.49, Orange County, California",4140,3870,3593,-270,-277,-547,-6.52,-7.16,-13.21,Orange County
1400000US06059099250,"Census Tract 992.50, Orange County, California",3312,3427,3432,115,5,120,3.47,0.15,3.62,Orange County
1400000US06059099251,"Census Tract 992.51, Orange County, California",5592,5619,5636,27,17,44,0.48,0.3,0.79,Orange County
1400000US06059099305,"Census Tract 993.05, Orange County, California",7629,7133,7467,-496,334,-162,-6.5,4.68,-2.12,Orange County
1400000US06059099306,"Census Tract 993.06, Orange County, California",5611,6122,6352,511,230,741,9.11,3.76,13.21,Orange County
1400000US06059099307,"Census Tract 993.07, Orange County, California",2428,2474,2481,46,7,53,1.89,0.28,2.18,Orange County
1400000US06059099308,"Census Tract 993.08, Orange County, California",6185,6120,6132,-65,12,-53,-1.05,0.2,-0.86,Orange County
1400000US06059099309,"Census Tract 993.09, Orange County, California",4772,4663,4751,-109,88,-21,-2.28,1.89,-0.44,Orange County
1400000US06059099310,"Census Tract 993.10, Orange County, California",4050,4157,3999,107,-158,-51,2.64,-3.8,-1.26,Orange County
1400000US06059099311,"Census Tract 993.11, Orange County, California",3357,3421,3687,64,266,330,1.91,7.78,9.83,Orange County
1400000US06059099402,"Census Tract 994.02, Orange County, California",7636,8152,7808,516,-344,172,6.76,-4.22,2.25,Orange County
1400000US06059099404,"Census Tract 994.04, Orange County, California",4603,4449,4440,-154,-9,-163,-3.35,-0.2,-3.54,Orange County
1400000US06059099405,"Census Tract 994.05, Orange County, California",4400,4229,4362,-171,133,-38,-3.89,3.14,-0.86,Orange County
1400000US06059099406,"Census Tract 994.06, Orange County, California",4825,4843,4676,18,-167,-149,0.37,-3.45,-3.09,Orange County
1400000US06059099407,"Census Tract 994.07, Orange County, California",2177,2200,2102,23,-98,-75,1.06,-4.45,-3.45,Orange County
1400000US06059099408,"Census Tract 994.08, Orange County, California",4272,4330,4170,58,-160,-102,1.36,-3.7,-2.39,Orange County
1400000US06059099410,"Census Tract 994.10, Orange County, California",4684,4565,4659,-119,94,-25,-2.54,2.06,-0.53,Orange County
1400000US06059099411,"Census Tract 994.11, Orange County, California",5606,5596,5562,-10,-34,-44,-0.18,-0.61,-0.78,Orange County
1400000US06059099412,"Census Tract 994.12, Orange County, California",4950,5009,4956,59,-53,6,1.19,-1.06,0.12,Orange County
1400000US06059099415,"Census Tract 994.15, Orange County, California",5018,4942,4811,-76,-131,-207,-1.51,-2.65,-4.13,Orange County
1400000US06059099416,"Census Tract 994.16, Orange County, California",6153,6096,6188,-57,92,35,-0.93,1.51,0.57,Orange County
1400000US06059099417,"Census Tract 994.17, Orange County, California",5096,5132,5187,36,55,91,0.71,1.07,1.79,Orange County
1400000US06059099418,"Census Tract 994.18, Orange County, California",3953,3904,3575,-49,-329,-378,-1.24,-8.43,-9.56,Orange County
1400000US06059099419,"Census Tract 994.19, Orange County, California",4400,4179,4081,-221,-98,-319,-5.02,-2.35,-7.25,Orange County
1400000US06059099502,"Census Tract 995.02, Orange County, California",733,792,701,59,-91,-32,8.05,-11.49,-4.37,Orange County
1400000US06059099504,"Census Tract 995.04, Orange County, California",3449,3686,3559,237,-127,110,6.87,-3.45,3.19,Orange County
1400000US06059099506,"Census Tract 995.06, Orange County, California",923,957,903,34,-54,-20,3.68,-5.64,-2.17,Orange County
1400000US06059099508,"Census Tract 995.08, Orange County, California",5065,4987,4964,-78,-23,-101,-1.54,-0.46,-1.99,Orange County
1400000US06059099509,"Census Tract 995.09, Orange County, California",3132,3283,3387,151,104,255,4.82,3.17,8.14,Orange County
1400000US06059099510,"Census Tract 995.10, Orange County, California",4494,4467,4369,-27,-98,-125,-0.6,-2.19,-2.78,Orange County
1400000US06059099511,"Census Tract 995.11, Orange County, California",2828,2709,2734,-119,25,-94,-4.21,0.92,-3.32,Orange County
1400000US06059099512,"Census Tract 995.12, Orange County, California",2756,2720,2977,-36,257,221,-1.31,9.45,8.02,Orange County
1400000US06059099513,"Census Tract 995.13, Orange County, California",1977,1638,1659,-339,21,-318,-17.15,1.28,-16.08,Orange County
1400000US06059099514,"Census Tract 995.14, Orange County, California",5299,5662,5209,363,-453,-90,6.85,-8,-1.7,Orange County
1400000US06059099601,"Census Tract 996.01, Orange County, California",7775,7510,6983,-265,-527,-792,-3.41,-7.02,-10.19,Orange County
1400000US06059099602,"Census Tract 996.02, Orange County, California",2886,2971,2882,85,-89,-4,2.95,-3,-0.14,Orange County
1400000US06059099603,"Census Tract 996.03, Orange County, California",6205,6553,6387,348,-166,182,5.61,-2.53,2.93,Orange County
1400000US06059099604,"Census Tract 996.04, Orange County, California",4161,4006,3753,-155,-253,-408,-3.73,-6.32,-9.81,Orange County
1400000US06059099605,"Census Tract 996.05, Orange County, California",5617,5564,5373,-53,-191,-244,-0.94,-3.43,-4.34,Orange County
1400000US06059099701,"Census Tract 997.01, Orange County, California",6778,6550,6184,-228,-366,-594,-3.36,-5.59,-8.76,Orange County
1400000US06059099702,"Census Tract 997.02, Orange County, California",7843,8304,8090,461,-214,247,5.88,-2.58,3.15,Orange County
1400000US06059099703,"Census Tract 997.03, Orange County, California",5774,5674,5590,-100,-84,-184,-1.73,-1.48,-3.19,Orange County
1400000US06059099801,"Census Tract 998.01, Orange County, California",6122,6260,6325,138,65,203,2.25,1.04,3.32,Orange County
1400000US06059099802,"Census Tract 998.02, Orange County, California",4938,4611,4830,-327,219,-108,-6.62,4.75,-2.19,Orange County
1400000US06059099803,"Census Tract 998.03, Orange County, California",5838,5893,5801,55,-92,-37,0.94,-1.56,-0.63,Orange County
1400000US06059099902,"Census Tract 999.02, Orange County, California",4584,4458,4743,-126,285,159,-2.75,6.39,3.47,Orange County
1400000US06059099903,"Census Tract 999.03, Orange County, California",5750,5610,5257,-140,-353,-493,-2.43,-6.29,-8.57,Orange County
1400000US06059099904,"Census Tract 999.04, Orange County, California",5711,5737,5555,26,-182,-156,0.46,-3.17,-2.73,Orange County
1400000US06059099905,"Census Tract 999.05, Orange County, California",3763,3412,3452,-351,40,-311,-9.33,1.17,-8.26,Orange County
1400000US06059099906,"Census Tract 999.06, Orange County, California",5232,5327,5520,95,193,288,1.82,3.62,5.5,Orange County
1400000US06059110001,"Census Tract 1100.01, Orange County, California",4537,4543,4605,6,62,68,0.13,1.36,1.5,Orange County
1400000US06059110003,"Census Tract 1100.03, Orange County, California",2978,2905,2887,-73,-18,-91,-2.45,-0.62,-3.06,Orange County
1400000US06059110004,"Census Tract 1100.04, Orange County, California",4753,4622,4664,-131,42,-89,-2.76,0.91,-1.87,Orange County
1400000US06059110005,"Census Tract 1100.05, Orange County, California",3166,3156,3218,-10,62,52,-0.32,1.96,1.64,Orange County
1400000US06059110006,"Census Tract 1100.06, Orange County, California",3112,3217,3273,105,56,161,3.37,1.74,5.17,Orange County
1400000US06059110007,"Census Tract 1100.07, Orange County, California",5280,5380,5243,100,-137,-37,1.89,-2.55,-0.7,Orange County
1400000US06059110008,"Census Tract 1100.08, Orange County, California",5009,4861,4878,-148,17,-131,-2.95,0.35,-2.62,Orange County
1400000US06059110010,"Census Tract 1100.10, Orange County, California",4314,4306,4311,-8,5,-3,-0.19,0.12,-0.07,Orange County
1400000US06059110011,"Census Tract 1100.11, Orange County, California",2673,2798,2870,125,72,197,4.68,2.57,7.37,Orange County
1400000US06059110012,"Census Tract 1100.12, Orange County, California",5083,5436,5233,353,-203,150,6.94,-3.73,2.95,Orange County
1400000US06059110014,"Census Tract 1100.14, Orange County, California",4805,4900,4853,95,-47,48,1.98,-0.96,1,Orange County
1400000US06059110015,"Census Tract 1100.15, Orange County, California",3611,3705,3791,94,86,180,2.6,2.32,4.98,Orange County
1400000US06059110102,"Census Tract 1101.02, Orange County, California",5966,5971,6039,5,68,73,0.08,1.14,1.22,Orange County
1400000US06059110104,"Census Tract 1101.04, Orange County, California",5673,5983,5903,310,-80,230,5.46,-1.34,4.05,Orange County
1400000US06059110106,"Census Tract 1101.06, Orange County, California",3603,3736,3698,133,-38,95,3.69,-1.02,2.64,Orange County
1400000US06059110108,"Census Tract 1101.08, Orange County, California",2891,2977,2987,86,10,96,2.97,0.34,3.32,Orange County
1400000US06059110109,"Census Tract 1101.09, Orange County, California",6376,6068,5892,-308,-176,-484,-4.83,-2.9,-7.59,Orange County
1400000US06059110110,"Census Tract 1101.10, Orange County, California",5268,5306,5431,38,125,163,0.72,2.36,3.09,Orange County
1400000US06059110111,"Census Tract 1101.11, Orange County, California",5308,5724,5603,416,-121,295,7.84,-2.11,5.56,Orange County
1400000US06059110113,"Census Tract 1101.13, Orange County, California",2058,2035,2165,-23,130,107,-1.12,6.39,5.2,Orange County
1400000US06059110114,"Census Tract 1101.14, Orange County, California",4883,5036,4865,153,-171,-18,3.13,-3.4,-0.37,Orange County
1400000US06059110115,"Census Tract 1101.15, Orange County, California",3892,3691,3463,-201,-228,-429,-5.16,-6.18,-11.02,Orange County
1400000US06059110116,"Census Tract 1101.16, Orange County, California",4612,4706,4789,94,83,177,2.04,1.76,3.84,Orange County
1400000US06059110117,"Census Tract 1101.17, Orange County, California",6785,6942,6894,157,-48,109,2.31,-0.69,1.61,Orange County
1400000US06059110118,"Census Tract 1101.18, Orange County, California",2364,2418,2364,54,-54,0,2.28,-2.23,0,Orange County
1400000US06059110201,"Census Tract 1102.01, Orange County, California",8464,8506,8372,42,-134,-92,0.5,-1.58,-1.09,Orange County
1400000US06059110202,"Census Tract 1102.02, Orange County, California",7701,7954,8028,253,74,327,3.29,0.93,4.25,Orange County
1400000US06059110203,"Census Tract 1102.03, Orange County, California",5894,5940,5906,46,-34,12,0.78,-0.57,0.2,Orange County
1400000US06059110301,"Census Tract 1103.01, Orange County, California",7178,7229,7182,51,-47,4,0.71,-0.65,0.06,Orange County
1400000US06059110302,"Census Tract 1103.02, Orange County, California",6164,6047,5999,-117,-48,-165,-1.9,-0.79,-2.68,Orange County
1400000US06059110303,"Census Tract 1103.03, Orange County, California",4780,5118,4890,338,-228,110,7.07,-4.45,2.3,Orange County
1400000US06059110304,"Census Tract 1103.04, Orange County, California",4886,4692,4649,-194,-43,-237,-3.97,-0.92,-4.85,Orange County
1400000US06059110401,"Census Tract 1104.01, Orange County, California",4677,4960,5066,283,106,389,6.05,2.14,8.32,Orange County
1400000US06059110402,"Census Tract 1104.02, Orange County, California",5776,5815,5815,39,0,39,0.68,0,0.68,Orange County
1400000US06059110500,"Census Tract 1105, Orange County, California",8357,8102,7776,-255,-326,-581,-3.05,-4.02,-6.95,Orange County
1400000US06059110603,"Census Tract 1106.03, Orange County, California",7798,7898,7933,100,35,135,1.28,0.44,1.73,Orange County
1400000US06059110604,"Census Tract 1106.04, Orange County, California",8869,9189,9226,320,37,357,3.61,0.4,4.03,Orange County
1400000US06059110605,"Census Tract 1106.05, Orange County, California",6718,6510,5981,-208,-529,-737,-3.1,-8.13,-10.97,Orange County
1400000US06059110606,"Census Tract 1106.06, Orange County, California",3945,4256,4307,311,51,362,7.88,1.2,9.18,Orange County
1400000US06059110607,"Census Tract 1106.07, Orange County, California",4084,4334,4238,250,-96,154,6.12,-2.22,3.77,Orange County
1400000US06059980000,"Census Tract 9800, Orange County, California",35,32,24,-3,-8,-11,-8.57,-25,-31.43,Orange County
1400000US06059990100,"Census Tract 9901, Orange County, California",0,0,0,0,0,0,#DIV/0!,#DIV/0!,#DIV/0!,Orange County
1400000US06061020104,"Census Tract 201.04, Placer County, California",961,983,1267,22,284,306,2.29,28.89,31.84,Placer County
1400000US06061020105,"Census Tract 201.05, Placer County, California",1451,1528,1482,77,-46,31,5.31,-3.01,2.14,Placer County
1400000US06061020106,"Census Tract 201.06, Placer County, California",1388,1341,1295,-47,-46,-93,-3.39,-3.43,-6.7,Placer County
1400000US06061020107,"Census Tract 201.07, Placer County, California",2671,2845,2465,174,-380,-206,6.51,-13.36,-7.71,Placer County
1400000US06061020200,"Census Tract 202, Placer County, California",6648,6046,6264,-602,218,-384,-9.06,3.61,-5.78,Placer County
1400000US06061020300,"Census Tract 203, Placer County, California",4439,4382,4442,-57,60,3,-1.28,1.37,0.07,Placer County
1400000US06061020401,"Census Tract 204.01, Placer County, California",2257,2422,2465,165,43,208,7.31,1.78,9.22,Placer County
1400000US06061020402,"Census Tract 204.02, Placer County, California",3709,3529,3531,-180,2,-178,-4.85,0.06,-4.8,Placer County
1400000US06061020501,"Census Tract 205.01, Placer County, California",3034,2969,2795,-65,-174,-239,-2.14,-5.86,-7.88,Placer County
1400000US06061020502,"Census Tract 205.02, Placer County, California",4662,4386,4351,-276,-35,-311,-5.92,-0.8,-6.67,Placer County
1400000US06061020601,"Census Tract 206.01, Placer County, California",7204,7368,7290,164,-78,86,2.28,-1.06,1.19,Placer County
1400000US06061020604,"Census Tract 206.04, Placer County, California",6269,5840,5999,-429,159,-270,-6.84,2.72,-4.31,Placer County
1400000US06061020605,"Census Tract 206.05, Placer County, California",6372,6053,6077,-319,24,-295,-5.01,0.4,-4.63,Placer County
1400000US06061020606,"Census Tract 206.06, Placer County, California",4305,4318,4325,13,7,20,0.3,0.16,0.46,Placer County
1400000US06061020607,"Census Tract 206.07, Placer County, California",5345,5819,5767,474,-52,422,8.87,-0.89,7.9,Placer County
1400000US06061020608,"Census Tract 206.08, Placer County, California",4272,3729,3740,-543,11,-532,-12.71,0.29,-12.45,Placer County
1400000US06061020710,"Census Tract 207.10, Placer County, California",4898,4889,4883,-9,-6,-15,-0.18,-0.12,-0.31,Placer County
1400000US06061020711,"Census Tract 207.11, Placer County, California",4450,4855,4784,405,-71,334,9.1,-1.46,7.51,Placer County
1400000US06061020712,"Census Tract 207.12, Placer County, California",3377,3402,3368,25,-34,-9,0.74,-1,-0.27,Placer County
1400000US06061020713,"Census Tract 207.13, Placer County, California",2896,3154,3265,258,111,369,8.91,3.52,12.74,Placer County
1400000US06061020714,"Census Tract 207.14, Placer County, California",3822,3777,3602,-45,-175,-220,-1.18,-4.63,-5.76,Placer County
1400000US06061020715,"Census Tract 207.15, Placer County, California",2878,2891,3023,13,132,145,0.45,4.57,5.04,Placer County
1400000US06061020717,"Census Tract 207.17, Placer County, California",4940,5337,5344,397,7,404,8.04,0.13,8.18,Placer County
1400000US06061020805,"Census Tract 208.05, Placer County, California",3827,4016,4273,189,257,446,4.94,6.4,11.65,Placer County
1400000US06061020806,"Census Tract 208.06, Placer County, California",3754,3823,3799,69,-24,45,1.84,-0.63,1.2,Placer County
1400000US06061020901,"Census Tract 209.01, Placer County, California",2363,2552,2582,189,30,219,8,1.18,9.27,Placer County
1400000US06061020908,"Census Tract 209.08, Placer County, California",7398,7567,7620,169,53,222,2.28,0.7,3,Placer County
1400000US06061021003,"Census Tract 210.03, Placer County, California",6919,7096,6996,177,-100,77,2.56,-1.41,1.11,Placer County
1400000US06061021034,"Census Tract 210.34, Placer County, California",4325,4390,4375,65,-15,50,1.5,-0.34,1.16,Placer County
1400000US06061021037,"Census Tract 210.37, Placer County, California",2301,2334,2533,33,199,232,1.43,8.53,10.08,Placer County
1400000US06061021038,"Census Tract 210.38, Placer County, California",7554,7675,7592,121,-83,38,1.6,-1.08,0.5,Placer County
1400000US06061021039,"Census Tract 210.39, Placer County, California",1529,1481,1542,-48,61,13,-3.14,4.12,0.85,Placer County
1400000US06061021040,"Census Tract 210.40, Placer County, California",3247,3426,3372,179,-54,125,5.51,-1.58,3.85,Placer County
1400000US06061021043,"Census Tract 210.43, Placer County, California",3801,4084,4113,283,29,312,7.45,0.71,8.21,Placer County
1400000US06061021044,"Census Tract 210.44, Placer County, California",5558,5695,5764,137,69,206,2.46,1.21,3.71,Placer County
1400000US06061021045,"Census Tract 210.45, Placer County, California",3047,3135,3307,88,172,260,2.89,5.49,8.53,Placer County
1400000US06061021046,"Census Tract 210.46, Placer County, California",5166,5501,5496,335,-5,330,6.48,-0.09,6.39,Placer County
1400000US06061021047,"Census Tract 210.47, Placer County, California",4318,4497,4467,179,-30,149,4.15,-0.67,3.45,Placer County
1400000US06061021048,"Census Tract 210.48, Placer County, California",3468,3334,3338,-134,4,-130,-3.86,0.12,-3.75,Placer County
1400000US06061021103,"Census Tract 211.03, Placer County, California",4226,4462,4877,236,415,651,5.58,9.3,15.4,Placer County
1400000US06061021106,"Census Tract 211.06, Placer County, California",2403,2395,2338,-8,-57,-65,-0.33,-2.38,-2.7,Placer County
1400000US06061021108,"Census Tract 211.08, Placer County, California",2982,2929,2877,-53,-52,-105,-1.78,-1.78,-3.52,Placer County
1400000US06061021109,"Census Tract 211.09, Placer County, California",6384,6582,6434,198,-148,50,3.1,-2.25,0.78,Placer County
1400000US06061021122,"Census Tract 211.22, Placer County, California",3722,3645,3511,-77,-134,-211,-2.07,-3.68,-5.67,Placer County
1400000US06061021123,"Census Tract 211.23, Placer County, California",7046,7189,7245,143,56,199,2.03,0.78,2.82,Placer County
1400000US06061021128,"Census Tract 211.28, Placer County, California",3206,3289,3297,83,8,91,2.59,0.24,2.84,Placer County
1400000US06061021129,"Census Tract 211.29, Placer County, California",3396,3336,3303,-60,-33,-93,-1.77,-0.99,-2.74,Placer County
1400000US06061021130,"Census Tract 211.30, Placer County, California",2246,2579,2652,333,73,406,14.83,2.83,18.08,Placer County
1400000US06061021131,"Census Tract 211.31, Placer County, California",4973,4825,5199,-148,374,226,-2.98,7.75,4.54,Placer County
1400000US06061021203,"Census Tract 212.03, Placer County, California",7634,7743,7740,109,-3,106,1.43,-0.04,1.39,Placer County
1400000US06061021204,"Census Tract 212.04, Placer County, California",2581,2490,2503,-91,13,-78,-3.53,0.52,-3.02,Placer County
1400000US06061021304,"Census Tract 213.04, Placer County, California",5586,5807,6033,221,226,447,3.96,3.89,8,Placer County
1400000US06061021323,"Census Tract 213.23, Placer County, California",9440,10714,11166,1274,452,1726,13.5,4.22,18.28,Placer County
1400000US06061021324,"Census Tract 213.24, Placer County, California",5914,6131,6581,217,450,667,3.67,7.34,11.28,Placer County
1400000US06061021325,"Census Tract 213.25, Placer County, California",7862,8322,8718,460,396,856,5.85,4.76,10.89,Placer County
1400000US06061021326,"Census Tract 213.26, Placer County, California",2219,3096,4035,877,939,1816,39.52,30.33,81.84,Placer County
1400000US06061021327,"Census Tract 213.27, Placer County, California",4069,4879,6086,810,1207,2017,19.91,24.74,49.57,Placer County
1400000US06061021328,"Census Tract 213.28, Placer County, California",7528,8938,9754,1410,816,2226,18.73,9.13,29.57,Placer County
1400000US06061021401,"Census Tract 214.01, Placer County, California",3289,3307,3324,18,17,35,0.55,0.51,1.06,Placer County
1400000US06061021403,"Census Tract 214.03, Placer County, California",5865,6326,5985,461,-341,120,7.86,-5.39,2.05,Placer County
1400000US06061021501,"Census Tract 215.01, Placer County, California",5493,5260,5191,-233,-69,-302,-4.24,-1.31,-5.5,Placer County
1400000US06061021502,"Census Tract 215.02, Placer County, California",4344,4277,4143,-67,-134,-201,-1.54,-3.13,-4.63,Placer County
1400000US06061021603,"Census Tract 216.03, Placer County, California",4785,4685,4642,-100,-43,-143,-2.09,-0.92,-2.99,Placer County
1400000US06061021604,"Census Tract 216.04, Placer County, California",3869,3835,3683,-34,-152,-186,-0.88,-3.96,-4.81,Placer County
1400000US06061021801,"Census Tract 218.01, Placer County, California",5005,5060,4680,55,-380,-325,1.1,-7.51,-6.49,Placer County
1400000US06061021802,"Census Tract 218.02, Placer County, California",6262,6221,6613,-41,392,351,-0.65,6.3,5.61,Placer County
1400000US06061021901,"Census Tract 219.01, Placer County, California",3473,3412,3730,-61,318,257,-1.76,9.32,7.4,Placer County
1400000US06061021902,"Census Tract 219.02, Placer County, California",5043,4983,4786,-60,-197,-257,-1.19,-3.95,-5.1,Placer County
1400000US06061022002,"Census Tract 220.02, Placer County, California",6765,6649,6644,-116,-5,-121,-1.71,-0.08,-1.79,Placer County
1400000US06061022011,"Census Tract 220.11, Placer County, California",1610,1689,1935,79,246,325,4.91,14.56,20.19,Placer County
1400000US06061022013,"Census Tract 220.13, Placer County, California",3157,3002,3060,-155,58,-97,-4.91,1.93,-3.07,Placer County
1400000US06061022014,"Census Tract 220.14, Placer County, California",1369,1454,1651,85,197,282,6.21,13.55,20.6,Placer County
1400000US06061022100,"Census Tract 221, Placer County, California",815,717,904,-98,187,89,-12.02,26.08,10.92,Placer County
1400000US06061022200,"Census Tract 222, Placer County, California",868,880,762,12,-118,-106,1.38,-13.41,-12.21,Placer County
1400000US06061022300,"Census Tract 223, Placer County, California",456,611,581,155,-30,125,33.99,-4.91,27.41,Placer County
1400000US06061022400,"Census Tract 224, Placer County, California",4590,4575,4558,-15,-17,-32,-0.33,-0.37,-0.7,Placer County
1400000US06061022500,"Census Tract 225, Placer County, California",4809,4795,4920,-14,125,111,-0.29,2.61,2.31,Placer County
1400000US06061022600,"Census Tract 226, Placer County, California",4975,5108,5060,133,-48,85,2.67,-0.94,1.71,Placer County
1400000US06061022800,"Census Tract 228, Placer County, California",4849,4950,4724,101,-226,-125,2.08,-4.57,-2.58,Placer County
1400000US06061022900,"Census Tract 229, Placer County, California",5450,5521,5730,71,209,280,1.3,3.79,5.14,Placer County
1400000US06061023000,"Census Tract 230, Placer County, California",3778,3922,3759,144,-163,-19,3.81,-4.16,-0.5,Placer County
1400000US06061023100,"Census Tract 231, Placer County, California",8371,8392,8196,21,-196,-175,0.25,-2.34,-2.09,Placer County
1400000US06061023200,"Census Tract 232, Placer County, California",5957,6052,6271,95,219,314,1.59,3.62,5.27,Placer County
1400000US06061023300,"Census Tract 233, Placer County, California",6253,6456,6611,203,155,358,3.25,2.4,5.73,Placer County
1400000US06061023400,"Census Tract 234, Placer County, California",5799,5965,6170,166,205,371,2.86,3.44,6.4,Placer County
1400000US06061023501,"Census Tract 235.01, Placer County, California",1004,1112,1134,108,22,130,10.76,1.98,12.95,Placer County
1400000US06061023502,"Census Tract 235.02, Placer County, California",5269,5536,5980,267,444,711,5.07,8.02,13.49,Placer County
1400000US06061023600,"Census Tract 236, Placer County, California",4303,4488,4635,185,147,332,4.3,3.28,7.72,Placer County
1400000US06061023700,"Census Tract 237, Placer County, California",3329,3151,3136,-178,-15,-193,-5.35,-0.48,-5.8,Placer County
1400000US06061023800,"Census Tract 238, Placer County, California",3092,2977,3005,-115,28,-87,-3.72,0.94,-2.81,Placer County
1400000US06061023900,"Census Tract 239, Placer County, California",3263,3142,3063,-121,-79,-200,-3.71,-2.51,-6.13,Placer County
1400000US06061990000,"Census Tract 9900, Placer County, California",0,0,0,0,0,0,#DIV/0!,#DIV/0!,#DIV/0!,Placer County
1400000US06063000100,"Census Tract 1, Plumas County, California",5509,5644,5525,135,-119,16,2.45,-2.11,0.29,Plumas County
1400000US06063000201,"Census Tract 2.01, Plumas County, California",1496,1567,1404,71,-163,-92,4.75,-10.4,-6.15,Plumas County
1400000US06063000202,"Census Tract 2.02, Plumas County, California",1150,1183,1175,33,-8,25,2.87,-0.68,2.17,Plumas County
1400000US06063000300,"Census Tract 3, Plumas County, California",4484,4969,5241,485,272,757,10.82,5.47,16.88,Plumas County
1400000US06063000400,"Census Tract 4, Plumas County, California",2365,2258,2158,-107,-100,-207,-4.52,-4.43,-8.75,Plumas County
1400000US06063000501,"Census Tract 5.01, Plumas County, California",2088,2242,2271,154,29,183,7.38,1.29,8.76,Plumas County
1400000US06063000502,"Census Tract 5.02, Plumas County, California",1752,1768,1876,16,108,124,0.91,6.11,7.08,Plumas County
1400000US06065030101,"Census Tract 301.01, Riverside County, California",1277,1274,1187,-3,-87,-90,-0.23,-6.83,-7.05,Riverside County
1400000US06065030103,"Census Tract 301.03, Riverside County, California",2352,2032,2155,-320,123,-197,-13.61,6.05,-8.38,Riverside County
1400000US06065030104,"Census Tract 301.04, Riverside County, California",7471,7173,7161,-298,-12,-310,-3.99,-0.17,-4.15,Riverside County
1400000US06065030200,"Census Tract 302, Riverside County, California",4338,4064,4363,-274,299,25,-6.32,7.36,0.58,Riverside County
1400000US06065030300,"Census Tract 303, Riverside County, California",4287,4316,4140,29,-176,-147,0.68,-4.08,-3.43,Riverside County
1400000US06065030400,"Census Tract 304, Riverside County, California",6984,6895,7060,-89,165,76,-1.27,2.39,1.09,Riverside County
1400000US06065030501,"Census Tract 305.01, Riverside County, California",4332,4443,4773,111,330,441,2.56,7.43,10.18,Riverside County
1400000US06065030502,"Census Tract 305.02, Riverside County, California",1911,1903,2112,-8,209,201,-0.42,10.98,10.52,Riverside County
1400000US06065030503,"Census Tract 305.03, Riverside County, California",3510,3619,3661,109,42,151,3.11,1.16,4.3,Riverside County
1400000US06065030602,"Census Tract 306.02, Riverside County, California",3239,3055,3510,-184,455,271,-5.68,14.89,8.37,Riverside County
1400000US06065030603,"Census Tract 306.03, Riverside County, California",2887,2725,2956,-162,231,69,-5.61,8.48,2.39,Riverside County
1400000US06065030604,"Census Tract 306.04, Riverside County, California",3019,2737,2719,-282,-18,-300,-9.34,-0.66,-9.94,Riverside County
1400000US06065030605,"Census Tract 306.05, Riverside County, California",2551,2503,2173,-48,-330,-378,-1.88,-13.18,-14.82,Riverside County
1400000US06065030700,"Census Tract 307, Riverside County, California",6174,6289,6457,115,168,283,1.86,2.67,4.58,Riverside County
1400000US06065030800,"Census Tract 308, Riverside County, California",7389,6982,7457,-407,475,68,-5.51,6.8,0.92,Riverside County
1400000US06065030900,"Census Tract 309, Riverside County, California",3203,3044,3050,-159,6,-153,-4.96,0.2,-4.78,Riverside County
1400000US06065031001,"Census Tract 310.01, Riverside County, California",5399,5304,4944,-95,-360,-455,-1.76,-6.79,-8.43,Riverside County
1400000US06065031002,"Census Tract 310.02, Riverside County, California",5689,5510,5278,-179,-232,-411,-3.15,-4.21,-7.22,Riverside County
1400000US06065031100,"Census Tract 311, Riverside County, California",5634,5328,4990,-306,-338,-644,-5.43,-6.34,-11.43,Riverside County
1400000US06065031200,"Census Tract 312, Riverside County, California",7026,6512,6723,-514,211,-303,-7.32,3.24,-4.31,Riverside County
1400000US06065031300,"Census Tract 313, Riverside County, California",3151,3031,2679,-120,-352,-472,-3.81,-11.61,-14.98,Riverside County
1400000US06065031401,"Census Tract 314.01, Riverside County, California",7555,7449,7334,-106,-115,-221,-1.4,-1.54,-2.93,Riverside County
1400000US06065031402,"Census Tract 314.02, Riverside County, California",8521,7814,7785,-707,-29,-736,-8.3,-0.37,-8.64,Riverside County
1400000US06065031501,"Census Tract 315.01, Riverside County, California",7748,8233,7642,485,-591,-106,6.26,-7.18,-1.37,Riverside County
1400000US06065031503,"Census Tract 315.03, Riverside County, California",4678,4556,4663,-122,107,-15,-2.61,2.35,-0.32,Riverside County
1400000US06065031504,"Census Tract 315.04, Riverside County, California",3937,4598,4109,661,-489,172,16.79,-10.64,4.37,Riverside County
1400000US06065031601,"Census Tract 316.01, Riverside County, California",4734,4569,4296,-165,-273,-438,-3.49,-5.98,-9.25,Riverside County
1400000US06065031602,"Census Tract 316.02, Riverside County, California",5730,5076,4844,-654,-232,-886,-11.41,-4.57,-15.46,Riverside County
1400000US06065031701,"Census Tract 317.01, Riverside County, California",3148,3086,3137,-62,51,-11,-1.97,1.65,-0.35,Riverside County
1400000US06065031702,"Census Tract 317.02, Riverside County, California",2183,1961,1981,-222,20,-202,-10.17,1.02,-9.25,Riverside County
1400000US06065031703,"Census Tract 317.03, Riverside County, California",3986,3803,3675,-183,-128,-311,-4.59,-3.37,-7.8,Riverside County
1400000US06065031704,"Census Tract 317.04, Riverside County, California",5520,4853,4993,-667,140,-527,-12.08,2.88,-9.55,Riverside County
1400000US06065040101,"Census Tract 401.01, Riverside County, California",3856,3730,3804,-126,74,-52,-3.27,1.98,-1.35,Riverside County
1400000US06065040102,"Census Tract 401.02, Riverside County, California",5807,6105,6503,298,398,696,5.13,6.52,11.99,Riverside County
1400000US06065040201,"Census Tract 402.01, Riverside County, California",7269,7158,7257,-111,99,-12,-1.53,1.38,-0.17,Riverside County
1400000US06065040202,"Census Tract 402.02, Riverside County, California",2984,2878,2650,-106,-228,-334,-3.55,-7.92,-11.19,Riverside County
1400000US06065040203,"Census Tract 402.03, Riverside County, California",3941,3411,3342,-530,-69,-599,-13.45,-2.02,-15.2,Riverside County
1400000US06065040204,"Census Tract 402.04, Riverside County, California",3658,3526,3518,-132,-8,-140,-3.61,-0.23,-3.83,Riverside County
1400000US06065040302,"Census Tract 403.02, Riverside County, California",9264,9444,9735,180,291,471,1.94,3.08,5.08,Riverside County
1400000US06065040303,"Census Tract 403.03, Riverside County, California",3988,3331,3222,-657,-109,-766,-16.47,-3.27,-19.21,Riverside County
1400000US06065040304,"Census Tract 403.04, Riverside County, California",3856,4244,4289,388,45,433,10.06,1.06,11.23,Riverside County
1400000US06065040305,"Census Tract 403.05, Riverside County, California",4070,3586,2929,-484,-657,-1141,-11.89,-18.32,-28.03,Riverside County
1400000US06065040402,"Census Tract 404.02, Riverside County, California",4949,4685,4718,-264,33,-231,-5.33,0.7,-4.67,Riverside County
1400000US06065040403,"Census Tract 404.03, Riverside County, California",5707,5326,5518,-381,192,-189,-6.68,3.6,-3.31,Riverside County
1400000US06065040404,"Census Tract 404.04, Riverside County, California",2930,2829,3055,-101,226,125,-3.45,7.99,4.27,Riverside County
1400000US06065040405,"Census Tract 404.05, Riverside County, California",5919,5418,5673,-501,255,-246,-8.46,4.71,-4.16,Riverside County
1400000US06065040501,"Census Tract 405.01, Riverside County, California",7325,7385,7460,60,75,135,0.82,1.02,1.84,Riverside County
1400000US06065040502,"Census Tract 405.02, Riverside County, California",6819,6953,6617,134,-336,-202,1.97,-4.83,-2.96,Riverside County
1400000US06065040503,"Census Tract 405.03, Riverside County, California",3850,3599,3689,-251,90,-161,-6.52,2.5,-4.18,Riverside County
1400000US06065040603,"Census Tract 406.03, Riverside County, California",2760,2639,2594,-121,-45,-166,-4.38,-1.71,-6.01,Riverside County
1400000US06065040604,"Census Tract 406.04, Riverside County, California",5375,5206,5119,-169,-87,-256,-3.14,-1.67,-4.76,Riverside County
1400000US06065040605,"Census Tract 406.05, Riverside County, California",2894,3121,3108,227,-13,214,7.84,-0.42,7.39,Riverside County
1400000US06065040606,"Census Tract 406.06, Riverside County, California",3905,3787,3855,-118,68,-50,-3.02,1.8,-1.28,Riverside County
1400000US06065040609,"Census Tract 406.09, Riverside County, California",16367,17444,17697,1077,253,1330,6.58,1.45,8.13,Riverside County
1400000US06065040611,"Census Tract 406.11, Riverside County, California",9308,9634,9409,326,-225,101,3.5,-2.34,1.09,Riverside County
1400000US06065040616,"Census Tract 406.16, Riverside County, California",8585,9305,9242,720,-63,657,8.39,-0.68,7.65,Riverside County
1400000US06065040617,"Census Tract 406.17, Riverside County, California",6238,6864,7069,626,205,831,10.04,2.99,13.32,Riverside County
1400000US06065040618,"Census Tract 406.18, Riverside County, California",9055,8764,10122,-291,1358,1067,-3.21,15.5,11.78,Riverside County
1400000US06065040619,"Census Tract 406.19, Riverside County, California",5402,5292,5296,-110,4,-106,-2.04,0.08,-1.96,Riverside County
1400000US06065040620,"Census Tract 406.20, Riverside County, California",6029,6937,6978,908,41,949,15.06,0.59,15.74,Riverside County
1400000US06065040621,"Census Tract 406.21, Riverside County, California",3839,4180,3836,341,-344,-3,8.88,-8.23,-0.08,Riverside County
1400000US06065040622,"Census Tract 406.22, Riverside County, California",6463,6442,6962,-21,520,499,-0.32,8.07,7.72,Riverside County
1400000US06065040701,"Census Tract 407.01, Riverside County, California",2636,2425,2459,-211,34,-177,-8,1.4,-6.71,Riverside County
1400000US06065040702,"Census Tract 407.02, Riverside County, California",2709,2659,2722,-50,63,13,-1.85,2.37,0.48,Riverside County
1400000US06065040703,"Census Tract 407.03, Riverside County, California",2754,2845,2755,91,-90,1,3.3,-3.16,0.04,Riverside County
1400000US06065040806,"Census Tract 408.06, Riverside County, California",2921,2697,2566,-224,-131,-355,-7.67,-4.86,-12.15,Riverside County
1400000US06065040807,"Census Tract 408.07, Riverside County, California",3466,3409,3437,-57,28,-29,-1.64,0.82,-0.84,Riverside County
1400000US06065040808,"Census Tract 408.08, Riverside County, California",9456,8405,7574,-1051,-831,-1882,-11.11,-9.89,-19.9,Riverside County
1400000US06065040809,"Census Tract 408.09, Riverside County, California",4031,3528,3464,-503,-64,-567,-12.48,-1.81,-14.07,Riverside County
1400000US06065040812,"Census Tract 408.12, Riverside County, California",4388,4331,4098,-57,-233,-290,-1.3,-5.38,-6.61,Riverside County
1400000US06065040813,"Census Tract 408.13, Riverside County, California",5818,5485,5460,-333,-25,-358,-5.72,-0.46,-6.15,Riverside County
1400000US06065040814,"Census Tract 408.14, Riverside County, California",5050,4825,5016,-225,191,-34,-4.46,3.96,-0.67,Riverside County
1400000US06065040815,"Census Tract 408.15, Riverside County, California",4410,3939,3919,-471,-20,-491,-10.68,-0.51,-11.13,Riverside County
1400000US06065040816,"Census Tract 408.16, Riverside County, California",2890,2640,2602,-250,-38,-288,-8.65,-1.44,-9.97,Riverside County
1400000US06065040821,"Census Tract 408.21, Riverside County, California",5975,5795,5773,-180,-22,-202,-3.01,-0.38,-3.38,Riverside County
1400000US06065040901,"Census Tract 409.01, Riverside County, California",8465,8392,8276,-73,-116,-189,-0.86,-1.38,-2.23,Riverside County
1400000US06065040902,"Census Tract 409.02, Riverside County, California",6004,5624,5191,-380,-433,-813,-6.33,-7.7,-13.54,Riverside County
1400000US06065040903,"Census Tract 409.03, Riverside County, California",2860,2755,2956,-105,201,96,-3.67,7.3,3.36,Riverside County
1400000US06065040904,"Census Tract 409.04, Riverside County, California",3994,3894,3902,-100,8,-92,-2.5,0.21,-2.3,Riverside County
1400000US06065041001,"Census Tract 410.01, Riverside County, California",3012,2846,2774,-166,-72,-238,-5.51,-2.53,-7.9,Riverside County
1400000US06065041002,"Census Tract 410.02, Riverside County, California",3294,3211,3241,-83,30,-53,-2.52,0.93,-1.61,Riverside County
1400000US06065041003,"Census Tract 410.03, Riverside County, California",2949,2602,2653,-347,51,-296,-11.77,1.96,-10.04,Riverside County
1400000US06065041004,"Census Tract 410.04, Riverside County, California",4244,3961,4208,-283,247,-36,-6.67,6.24,-0.85,Riverside County
1400000US06065041101,"Census Tract 411.01, Riverside County, California",6151,5733,5489,-418,-244,-662,-6.8,-4.26,-10.76,Riverside County
1400000US06065041102,"Census Tract 411.02, Riverside County, California",5048,4794,4657,-254,-137,-391,-5.03,-2.86,-7.75,Riverside County
1400000US06065041201,"Census Tract 412.01, Riverside County, California",4003,3648,3765,-355,117,-238,-8.87,3.21,-5.95,Riverside County
1400000US06065041202,"Census Tract 412.02, Riverside County, California",5247,5012,5036,-235,24,-211,-4.48,0.48,-4.02,Riverside County
1400000US06065041203,"Census Tract 412.03, Riverside County, California",3776,3888,3638,112,-250,-138,2.97,-6.43,-3.65,Riverside County
1400000US06065041301,"Census Tract 413.01, Riverside County, California",4296,4012,3834,-284,-178,-462,-6.61,-4.44,-10.75,Riverside County
1400000US06065041302,"Census Tract 413.02, Riverside County, California",4442,4175,4347,-267,172,-95,-6.01,4.12,-2.14,Riverside County
1400000US06065041403,"Census Tract 414.03, Riverside County, California",4381,4198,4501,-183,303,120,-4.18,7.22,2.74,Riverside County
1400000US06065041404,"Census Tract 414.04, Riverside County, California",3709,3652,3775,-57,123,66,-1.54,3.37,1.78,Riverside County
1400000US06065041405,"Census Tract 414.05, Riverside County, California",5304,5276,5542,-28,266,238,-0.53,5.04,4.49,Riverside County
1400000US06065041406,"Census Tract 414.06, Riverside County, California",6553,6331,6422,-222,91,-131,-3.39,1.44,-2,Riverside County
1400000US06065041407,"Census Tract 414.07, Riverside County, California",6085,5805,6080,-280,275,-5,-4.6,4.74,-0.08,Riverside County
1400000US06065041408,"Census Tract 414.08, Riverside County, California",4899,4648,4412,-251,-236,-487,-5.12,-5.08,-9.94,Riverside County
1400000US06065041410,"Census Tract 414.10, Riverside County, California",3019,3282,3044,263,-238,25,8.71,-7.25,0.83,Riverside County
1400000US06065041411,"Census Tract 414.11, Riverside County, California",2803,2918,3013,115,95,210,4.1,3.26,7.49,Riverside County
1400000US06065041412,"Census Tract 414.12, Riverside County, California",5529,5594,5578,65,-16,49,1.18,-0.29,0.89,Riverside County
1400000US06065041413,"Census Tract 414.13, Riverside County, California",6768,6301,5861,-467,-440,-907,-6.9,-6.98,-13.4,Riverside County
1400000US06065041414,"Census Tract 414.14, Riverside County, California",4508,4247,3928,-261,-319,-580,-5.79,-7.51,-12.87,Riverside County
1400000US06065041415,"Census Tract 414.15, Riverside County, California",4075,4238,4450,163,212,375,4,5,9.2,Riverside County
1400000US06065041500,"Census Tract 415, Riverside County, California",3424,3330,3406,-94,76,-18,-2.75,2.28,-0.53,Riverside County
1400000US06065041601,"Census Tract 416.01, Riverside County, California",2669,2547,2308,-122,-239,-361,-4.57,-9.38,-13.53,Riverside County
1400000US06065041602,"Census Tract 416.02, Riverside County, California",3955,4025,3853,70,-172,-102,1.77,-4.27,-2.58,Riverside County
1400000US06065041702,"Census Tract 417.02, Riverside County, California",5618,5298,5138,-320,-160,-480,-5.7,-3.02,-8.54,Riverside County
1400000US06065041703,"Census Tract 417.03, Riverside County, California",6609,6371,6291,-238,-80,-318,-3.6,-1.26,-4.81,Riverside County
1400000US06065041704,"Census Tract 417.04, Riverside County, California",3522,3656,3531,134,-125,9,3.8,-3.42,0.26,Riverside County
1400000US06065041803,"Census Tract 418.03, Riverside County, California",6579,5933,5909,-646,-24,-670,-9.82,-0.4,-10.18,Riverside County
1400000US06065041804,"Census Tract 418.04, Riverside County, California",5235,4833,4648,-402,-185,-587,-7.68,-3.83,-11.21,Riverside County
1400000US06065041805,"Census Tract 418.05, Riverside County, California",5925,5918,5840,-7,-78,-85,-0.12,-1.32,-1.43,Riverside County
1400000US06065041806,"Census Tract 418.06, Riverside County, California",5470,4956,4856,-514,-100,-614,-9.4,-2.02,-11.22,Riverside County
1400000US06065041807,"Census Tract 418.07, Riverside County, California",2398,2333,2567,-65,234,169,-2.71,10.03,7.05,Riverside County
1400000US06065041808,"Census Tract 418.08, Riverside County, California",7128,6815,7373,-313,558,245,-4.39,8.19,3.44,Riverside County
1400000US06065041809,"Census Tract 418.09, Riverside County, California",5176,4922,4749,-254,-173,-427,-4.91,-3.51,-8.25,Riverside County
1400000US06065041810,"Census Tract 418.10, Riverside County, California",6181,5639,5656,-542,17,-525,-8.77,0.3,-8.49,Riverside County
1400000US06065041812,"Census Tract 418.12, Riverside County, California",3215,3031,3145,-184,114,-70,-5.72,3.76,-2.18,Riverside County
1400000US06065041813,"Census Tract 418.13, Riverside County, California",7035,6700,7121,-335,421,86,-4.76,6.28,1.22,Riverside County
1400000US06065041904,"Census Tract 419.04, Riverside County, California",5508,5293,5038,-215,-255,-470,-3.9,-4.82,-8.53,Riverside County
1400000US06065041905,"Census Tract 419.05, Riverside County, California",3317,2990,2894,-327,-96,-423,-9.86,-3.21,-12.75,Riverside County
1400000US06065041906,"Census Tract 419.06, Riverside County, California",6652,6073,6289,-579,216,-363,-8.7,3.56,-5.46,Riverside County
1400000US06065041909,"Census Tract 419.09, Riverside County, California",5697,5701,5868,4,167,171,0.07,2.93,3,Riverside County
1400000US06065041910,"Census Tract 419.10, Riverside County, California",7581,7808,7643,227,-165,62,2.99,-2.11,0.82,Riverside County
1400000US06065041912,"Census Tract 419.12, Riverside County, California",6841,6417,6313,-424,-104,-528,-6.2,-1.62,-7.72,Riverside County
1400000US06065041913,"Census Tract 419.13, Riverside County, California",5404,4883,5046,-521,163,-358,-9.64,3.34,-6.62,Riverside County
1400000US06065041914,"Census Tract 419.14, Riverside County, California",6096,6100,5965,4,-135,-131,0.07,-2.21,-2.15,Riverside County
1400000US06065041915,"Census Tract 419.15, Riverside County, California",8706,8128,9023,-578,895,317,-6.64,11.01,3.64,Riverside County
1400000US06065042003,"Census Tract 420.03, Riverside County, California",6962,6561,6776,-401,215,-186,-5.76,3.28,-2.67,Riverside County
1400000US06065042004,"Census Tract 420.04, Riverside County, California",5129,4741,4733,-388,-8,-396,-7.56,-0.17,-7.72,Riverside County
1400000US06065042005,"Census Tract 420.05, Riverside County, California",6481,5602,5202,-879,-400,-1279,-13.56,-7.14,-19.73,Riverside County
1400000US06065042007,"Census Tract 420.07, Riverside County, California",5189,5162,5585,-27,423,396,-0.52,8.19,7.63,Riverside County
1400000US06065042008,"Census Tract 420.08, Riverside County, California",8180,8352,8481,172,129,301,2.1,1.54,3.68,Riverside County
1400000US06065042009,"Census Tract 420.09, Riverside County, California",8387,7865,7697,-522,-168,-690,-6.22,-2.14,-8.23,Riverside County
1400000US06065042010,"Census Tract 420.10, Riverside County, California",6102,6389,5902,287,-487,-200,4.7,-7.62,-3.28,Riverside County
1400000US06065042012,"Census Tract 420.12, Riverside County, California",6970,6676,6966,-294,290,-4,-4.22,4.34,-0.06,Riverside County
1400000US06065042015,"Census Tract 420.15, Riverside County, California",5982,5434,5648,-548,214,-334,-9.16,3.94,-5.58,Riverside County
1400000US06065042016,"Census Tract 420.16, Riverside County, California",2200,2106,2342,-94,236,142,-4.27,11.21,6.45,Riverside County
1400000US06065042017,"Census Tract 420.17, Riverside County, California",4304,3903,3624,-401,-279,-680,-9.32,-7.15,-15.8,Riverside County
1400000US06065042018,"Census Tract 420.18, Riverside County, California",6994,6537,6453,-457,-84,-541,-6.53,-1.28,-7.74,Riverside County
1400000US06065042206,"Census Tract 422.06, Riverside County, California",5881,5235,5717,-646,482,-164,-10.98,9.21,-2.79,Riverside County
1400000US06065042207,"Census Tract 422.07, Riverside County, California",2813,2642,2720,-171,78,-93,-6.08,2.95,-3.31,Riverside County
1400000US06065042208,"Census Tract 422.08, Riverside County, California",2956,2758,2897,-198,139,-59,-6.7,5.04,-2,Riverside County
1400000US06065042209,"Census Tract 422.09, Riverside County, California",5096,5033,4785,-63,-248,-311,-1.24,-4.93,-6.1,Riverside County
1400000US06065042210,"Census Tract 422.10, Riverside County, California",5048,4667,5093,-381,426,45,-7.55,9.13,0.89,Riverside County
1400000US06065042212,"Census Tract 422.12, Riverside County, California",7196,7547,8261,351,714,1065,4.88,9.46,14.8,Riverside County
1400000US06065042213,"Census Tract 422.13, Riverside County, California",3805,3344,3261,-461,-83,-544,-12.12,-2.48,-14.3,Riverside County
1400000US06065042214,"Census Tract 422.14, Riverside County, California",6596,6352,6371,-244,19,-225,-3.7,0.3,-3.41,Riverside County
1400000US06065042217,"Census Tract 422.17, Riverside County, California",4784,4171,4785,-613,614,1,-12.81,14.72,0.02,Riverside County
1400000US06065042300,"Census Tract 423, Riverside County, California",9558,9872,10183,314,311,625,3.29,3.15,6.54,Riverside County
1400000US06065042401,"Census Tract 424.01, Riverside County, California",2022,2020,2031,-2,11,9,-0.1,0.54,0.45,Riverside County
1400000US06065042402,"Census Tract 424.02, Riverside County, California",5701,5869,5658,168,-211,-43,2.95,-3.6,-0.75,Riverside County
1400000US06065042403,"Census Tract 424.03, Riverside County, California",4800,4703,5395,-97,692,595,-2.02,14.71,12.4,Riverside County
1400000US06065042404,"Census Tract 424.04, Riverside County, California",2203,2247,2408,44,161,205,2,7.17,9.31,Riverside County
1400000US06065042405,"Census Tract 424.05, Riverside County, California",4945,4931,4778,-14,-153,-167,-0.28,-3.1,-3.38,Riverside County
1400000US06065042406,"Census Tract 424.06, Riverside County, California",4927,4922,4778,-5,-144,-149,-0.1,-2.93,-3.02,Riverside County
1400000US06065042407,"Census Tract 424.07, Riverside County, California",3459,3504,3358,45,-146,-101,1.3,-4.17,-2.92,Riverside County
1400000US06065042408,"Census Tract 424.08, Riverside County, California",3085,2985,3037,-100,52,-48,-3.24,1.74,-1.56,Riverside County
1400000US06065042409,"Census Tract 424.09, Riverside County, California",4168,4110,4036,-58,-74,-132,-1.39,-1.8,-3.17,Riverside County
1400000US06065042410,"Census Tract 424.10, Riverside County, California",5580,5748,5940,168,192,360,3.01,3.34,6.45,Riverside County
1400000US06065042411,"Census Tract 424.11, Riverside County, California",2414,2663,2614,249,-49,200,10.31,-1.84,8.29,Riverside County
1400000US06065042412,"Census Tract 424.12, Riverside County, California",4438,4582,4646,144,64,208,3.24,1.4,4.69,Riverside County
1400000US06065042505,"Census Tract 425.05, Riverside County, California",3170,3221,3279,51,58,109,1.61,1.8,3.44,Riverside County
1400000US06065042507,"Census Tract 425.07, Riverside County, California",5126,5521,5425,395,-96,299,7.71,-1.74,5.83,Riverside County
1400000US06065042508,"Census Tract 425.08, Riverside County, California",5676,5873,6109,197,236,433,3.47,4.02,7.63,Riverside County
1400000US06065042509,"Census Tract 425.09, Riverside County, California",3015,3124,3237,109,113,222,3.62,3.62,7.36,Riverside County
1400000US06065042510,"Census Tract 425.10, Riverside County, California",5640,5382,5458,-258,76,-182,-4.57,1.41,-3.23,Riverside County
1400000US06065042511,"Census Tract 425.11, Riverside County, California",3881,3883,3913,2,30,32,0.05,0.77,0.82,Riverside County
1400000US06065042512,"Census Tract 425.12, Riverside County, California",3624,3740,3723,116,-17,99,3.2,-0.45,2.73,Riverside County
1400000US06065042513,"Census Tract 425.13, Riverside County, California",2768,2926,2986,158,60,218,5.71,2.05,7.88,Riverside County
1400000US06065042514,"Census Tract 425.14, Riverside County, California",3489,3431,3420,-58,-11,-69,-1.66,-0.32,-1.98,Riverside County
1400000US06065042515,"Census Tract 425.15, Riverside County, California",3881,3456,3454,-425,-2,-427,-10.95,-0.06,-11,Riverside County
1400000US06065042516,"Census Tract 425.16, Riverside County, California",3614,3509,3639,-105,130,25,-2.91,3.7,0.69,Riverside County
1400000US06065042517,"Census Tract 425.17, Riverside County, California",3553,3369,3323,-184,-46,-230,-5.18,-1.37,-6.47,Riverside County
1400000US06065042518,"Census Tract 425.18, Riverside County, California",3237,3226,3196,-11,-30,-41,-0.34,-0.93,-1.27,Riverside County
1400000US06065042519,"Census Tract 425.19, Riverside County, California",1929,1992,1981,63,-11,52,3.27,-0.55,2.7,Riverside County
1400000US06065042520,"Census Tract 425.20, Riverside County, California",5320,5145,5253,-175,108,-67,-3.29,2.1,-1.26,Riverside County
1400000US06065042521,"Census Tract 425.21, Riverside County, California",5334,5413,5585,79,172,251,1.48,3.18,4.71,Riverside County
1400000US06065042522,"Census Tract 425.22, Riverside County, California",2753,3074,3559,321,485,806,11.66,15.78,29.28,Riverside County
1400000US06065042523,"Census Tract 425.23, Riverside County, California",5045,5187,5360,142,173,315,2.81,3.34,6.24,Riverside County
1400000US06065042621,"Census Tract 426.21, Riverside County, California",8703,8304,8231,-399,-73,-472,-4.58,-0.88,-5.42,Riverside County
1400000US06065042622,"Census Tract 426.22, Riverside County, California",5153,5422,4977,269,-445,-176,5.22,-8.21,-3.42,Riverside County
1400000US06065042623,"Census Tract 426.23, Riverside County, California",4175,4116,3737,-59,-379,-438,-1.41,-9.21,-10.49,Riverside County
1400000US06065042624,"Census Tract 426.24, Riverside County, California",5300,5053,5110,-247,57,-190,-4.66,1.13,-3.58,Riverside County
1400000US06065042625,"Census Tract 426.25, Riverside County, California",5898,5567,6432,-331,865,534,-5.61,15.54,9.05,Riverside County
1400000US06065042626,"Census Tract 426.26, Riverside County, California",8314,8293,9239,-21,946,925,-0.25,11.41,11.13,Riverside County
1400000US06065042627,"Census Tract 426.27, Riverside County, California",4587,4746,4877,159,131,290,3.47,2.76,6.32,Riverside County
1400000US06065042628,"Census Tract 426.28, Riverside County, California",5461,5089,4919,-372,-170,-542,-6.81,-3.34,-9.92,Riverside County
1400000US06065042629,"Census Tract 426.29, Riverside County, California",6560,6671,6361,111,-310,-199,1.69,-4.65,-3.03,Riverside County
1400000US06065042630,"Census Tract 426.30, Riverside County, California",7701,7467,7249,-234,-218,-452,-3.04,-2.92,-5.87,Riverside County
1400000US06065042631,"Census Tract 426.31, Riverside County, California",5383,5369,5101,-14,-268,-282,-0.26,-4.99,-5.24,Riverside County
1400000US06065042632,"Census Tract 426.32, Riverside County, California",3757,3751,3589,-6,-162,-168,-0.16,-4.32,-4.47,Riverside County
1400000US06065042708,"Census Tract 427.08, Riverside County, California",5138,5624,5515,486,-109,377,9.46,-1.94,7.34,Riverside County
1400000US06065042709,"Census Tract 427.09, Riverside County, California",4659,4940,4781,281,-159,122,6.03,-3.22,2.62,Riverside County
1400000US06065042711,"Census Tract 427.11, Riverside County, California",3860,3825,4000,-35,175,140,-0.91,4.58,3.63,Riverside County
1400000US06065042714,"Census Tract 427.14, Riverside County, California",3170,3085,3238,-85,153,68,-2.68,4.96,2.15,Riverside County
1400000US06065042716,"Census Tract 427.16, Riverside County, California",5563,5406,5995,-157,589,432,-2.82,10.9,7.77,Riverside County
1400000US06065042717,"Census Tract 427.17, Riverside County, California",5976,6209,6334,233,125,358,3.9,2.01,5.99,Riverside County
1400000US06065042719,"Census Tract 427.19, Riverside County, California",5362,5822,5598,460,-224,236,8.58,-3.85,4.4,Riverside County
1400000US06065042720,"Census Tract 427.20, Riverside County, California",6287,5695,5308,-592,-387,-979,-9.42,-6.8,-15.57,Riverside County
1400000US06065042723,"Census Tract 427.23, Riverside County, California",7167,7288,7436,121,148,269,1.69,2.03,3.75,Riverside County
1400000US06065042724,"Census Tract 427.24, Riverside County, California",4691,5217,5403,526,186,712,11.21,3.57,15.18,Riverside County
1400000US06065042726,"Census Tract 427.26, Riverside County, California",9627,11239,11414,1612,175,1787,16.74,1.56,18.56,Riverside County
1400000US06065042728,"Census Tract 427.28, Riverside County, California",2289,2355,2433,66,78,144,2.88,3.31,6.29,Riverside County
1400000US06065042730,"Census Tract 427.30, Riverside County, California",5249,5753,5821,504,68,572,9.6,1.18,10.9,Riverside County
1400000US06065042731,"Census Tract 427.31, Riverside County, California",8369,8868,8792,499,-76,423,5.96,-0.86,5.05,Riverside County
1400000US06065042732,"Census Tract 427.32, Riverside County, California",6710,6936,6941,226,5,231,3.37,0.07,3.44,Riverside County
1400000US06065042733,"Census Tract 427.33, Riverside County, California",11880,13107,13747,1227,640,1867,10.33,4.88,15.72,Riverside County
1400000US06065042737,"Census Tract 427.37, Riverside County, California",2912,3452,3758,540,306,846,18.54,8.86,29.05,Riverside County
1400000US06065042738,"Census Tract 427.38, Riverside County, California",8508,8980,8664,472,-316,156,5.55,-3.52,1.83,Riverside County
1400000US06065042739,"Census Tract 427.39, Riverside County, California",6906,7942,8714,1036,772,1808,15,9.72,26.18,Riverside County
1400000US06065042740,"Census Tract 427.40, Riverside County, California",1673,1781,1877,108,96,204,6.46,5.39,12.19,Riverside County
1400000US06065042741,"Census Tract 427.41, Riverside County, California",2218,2381,2340,163,-41,122,7.35,-1.72,5.5,Riverside County
1400000US06065042742,"Census Tract 427.42, Riverside County, California",5071,6097,6726,1026,629,1655,20.23,10.32,32.64,Riverside County
1400000US06065042743,"Census Tract 427.43, Riverside County, California",3762,4305,4498,543,193,736,14.43,4.48,19.56,Riverside County
1400000US06065042744,"Census Tract 427.44, Riverside County, California",4555,4611,4504,56,-107,-51,1.23,-2.32,-1.12,Riverside County
1400000US06065042745,"Census Tract 427.45, Riverside County, California",6015,6274,6804,259,530,789,4.31,8.45,13.12,Riverside County
1400000US06065042746,"Census Tract 427.46, Riverside County, California",4107,4101,4128,-6,27,21,-0.15,0.66,0.51,Riverside County
1400000US06065042747,"Census Tract 427.47, Riverside County, California",4529,4459,4373,-70,-86,-156,-1.55,-1.93,-3.44,Riverside County
1400000US06065042748,"Census Tract 427.48, Riverside County, California",4222,5133,5462,911,329,1240,21.58,6.41,29.37,Riverside County
1400000US06065042749,"Census Tract 427.49, Riverside County, California",5192,5101,4659,-91,-442,-533,-1.75,-8.66,-10.27,Riverside County
1400000US06065042750,"Census Tract 427.50, Riverside County, California",3813,3812,3380,-1,-432,-433,-0.03,-11.33,-11.36,Riverside County
1400000US06065042751,"Census Tract 427.51, Riverside County, California",5775,6258,6134,483,-124,359,8.36,-1.98,6.22,Riverside County
1400000US06065042752,"Census Tract 427.52, Riverside County, California",4869,4855,4718,-14,-137,-151,-0.29,-2.82,-3.1,Riverside County
1400000US06065042801,"Census Tract 428.01, Riverside County, California",4608,4782,4724,174,-58,116,3.78,-1.21,2.52,Riverside County
1400000US06065042802,"Census Tract 428.02, Riverside County, California",5415,5636,5847,221,211,432,4.08,3.74,7.98,Riverside County
1400000US06065042902,"Census Tract 429.02, Riverside County, California",5021,4646,4334,-375,-312,-687,-7.47,-6.72,-13.68,Riverside County
1400000US06065042903,"Census Tract 429.03, Riverside County, California",5353,5248,5593,-105,345,240,-1.96,6.57,4.48,Riverside County
1400000US06065042905,"Census Tract 429.05, Riverside County, California",4602,5630,4900,1028,-730,298,22.34,-12.97,6.48,Riverside County
1400000US06065042906,"Census Tract 429.06, Riverside County, California",6372,5669,6111,-703,442,-261,-11.03,7.8,-4.1,Riverside County
1400000US06065042907,"Census Tract 429.07, Riverside County, California",4110,3908,4308,-202,400,198,-4.91,10.24,4.82,Riverside County
1400000US06065042908,"Census Tract 429.08, Riverside County, California",4400,4119,4192,-281,73,-208,-6.39,1.77,-4.73,Riverside County
1400000US06065043001,"Census Tract 430.01, Riverside County, California",9262,10670,11689,1408,1019,2427,15.2,9.55,26.2,Riverside County
1400000US06065043003,"Census Tract 430.03, Riverside County, California",7137,7350,7353,213,3,216,2.98,0.04,3.03,Riverside County
1400000US06065043005,"Census Tract 430.05, Riverside County, California",5556,5936,5877,380,-59,321,6.84,-0.99,5.78,Riverside County
1400000US06065043006,"Census Tract 430.06, Riverside County, California",4599,4675,4760,76,85,161,1.65,1.82,3.5,Riverside County
1400000US06065043007,"Census Tract 430.07, Riverside County, California",7468,7304,7421,-164,117,-47,-2.2,1.6,-0.63,Riverside County
1400000US06065043008,"Census Tract 430.08, Riverside County, California",6748,6541,5588,-207,-953,-1160,-3.07,-14.57,-17.19,Riverside County
1400000US06065043009,"Census Tract 430.09, Riverside County, California",5049,5439,5216,390,-223,167,7.72,-4.1,3.31,Riverside County
1400000US06065043010,"Census Tract 430.10, Riverside County, California",4976,5178,5257,202,79,281,4.06,1.53,5.65,Riverside County
1400000US06065043201,"Census Tract 432.01, Riverside County, California",3708,3741,3588,33,-153,-120,0.89,-4.09,-3.24,Riverside County
1400000US06065043202,"Census Tract 432.02, Riverside County, California",5971,5917,5943,-54,26,-28,-0.9,0.44,-0.47,Riverside County
1400000US06065043203,"Census Tract 432.03, Riverside County, California",3425,3226,2904,-199,-322,-521,-5.81,-9.98,-15.21,Riverside County
1400000US06065043204,"Census Tract 432.04, Riverside County, California",7420,8648,8221,1228,-427,801,16.55,-4.94,10.8,Riverside County
1400000US06065043205,"Census Tract 432.05, Riverside County, California",5493,5452,5503,-41,51,10,-0.75,0.94,0.18,Riverside County
1400000US06065043206,"Census Tract 432.06, Riverside County, California",7827,7588,7821,-239,233,-6,-3.05,3.07,-0.08,Riverside County
1400000US06065043207,"Census Tract 432.07, Riverside County, California",4677,4549,4430,-128,-119,-247,-2.74,-2.62,-5.28,Riverside County
1400000US06065043208,"Census Tract 432.08, Riverside County, California",5234,4546,5232,-688,686,-2,-13.14,15.09,-0.04,Riverside County
1400000US06065043209,"Census Tract 432.09, Riverside County, California",3887,3752,3481,-135,-271,-406,-3.47,-7.22,-10.45,Riverside County
1400000US06065043210,"Census Tract 432.10, Riverside County, California",4690,4282,4322,-408,40,-368,-8.7,0.93,-7.85,Riverside County
1400000US06065043211,"Census Tract 432.11, Riverside County, California",7303,7306,7289,3,-17,-14,0.04,-0.23,-0.19,Riverside County
1400000US06065043216,"Census Tract 432.16, Riverside County, California",6323,6527,6763,204,236,440,3.23,3.62,6.96,Riverside County
1400000US06065043217,"Census Tract 432.17, Riverside County, California",3448,3259,3358,-189,99,-90,-5.48,3.04,-2.61,Riverside County
1400000US06065043218,"Census Tract 432.18, Riverside County, California",5111,5031,5258,-80,227,147,-1.57,4.51,2.88,Riverside County
1400000US06065043220,"Census Tract 432.20, Riverside County, California",4340,4510,4576,170,66,236,3.92,1.46,5.44,Riverside County
1400000US06065043222,"Census Tract 432.22, Riverside County, California",5132,4953,5104,-179,151,-28,-3.49,3.05,-0.55,Riverside County
1400000US06065043227,"Census Tract 432.27, Riverside County, California",8619,8254,8370,-365,116,-249,-4.23,1.41,-2.89,Riverside County
1400000US06065043228,"Census Tract 432.28, Riverside County, California",4251,4526,4619,275,93,368,6.47,2.05,8.66,Riverside County
1400000US06065043229,"Census Tract 432.29, Riverside County, California",4948,4709,4378,-239,-331,-570,-4.83,-7.03,-11.52,Riverside County
1400000US06065043235,"Census Tract 432.35, Riverside County, California",11253,11503,11937,250,434,684,2.22,3.77,6.08,Riverside County
1400000US06065043246,"Census Tract 432.46, Riverside County, California",6770,6688,6318,-82,-370,-452,-1.21,-5.53,-6.68,Riverside County
1400000US06065043248,"Census Tract 432.48, Riverside County, California",4616,4383,4235,-233,-148,-381,-5.05,-3.38,-8.25,Riverside County
1400000US06065043252,"Census Tract 432.52, Riverside County, California",9517,9944,10006,427,62,489,4.49,0.62,5.14,Riverside County
1400000US06065043254,"Census Tract 432.54, Riverside County, California",5506,5184,5201,-322,17,-305,-5.85,0.33,-5.54,Riverside County
1400000US06065043256,"Census Tract 432.56, Riverside County, California",3751,3454,3440,-297,-14,-311,-7.92,-0.41,-8.29,Riverside County
1400000US06065043262,"Census Tract 432.62, Riverside County, California",5143,5003,4802,-140,-201,-341,-2.72,-4.02,-6.63,Riverside County
1400000US06065043264,"Census Tract 432.64, Riverside County, California",7978,8025,8096,47,71,118,0.59,0.88,1.48,Riverside County
1400000US06065043265,"Census Tract 432.65, Riverside County, California",8222,8017,7779,-205,-238,-443,-2.49,-2.97,-5.39,Riverside County
1400000US06065043266,"Census Tract 432.66, Riverside County, California",5898,5704,5698,-194,-6,-200,-3.29,-0.11,-3.39,Riverside County
1400000US06065043267,"Census Tract 432.67, Riverside County, California",5723,5176,5525,-547,349,-198,-9.56,6.74,-3.46,Riverside County
1400000US06065043270,"Census Tract 432.70, Riverside County, California",6045,5967,5771,-78,-196,-274,-1.29,-3.28,-4.53,Riverside County
1400000US06065043271,"Census Tract 432.71, Riverside County, California",4617,4909,4969,292,60,352,6.32,1.22,7.62,Riverside County
1400000US06065043272,"Census Tract 432.72, Riverside County, California",5150,5373,5370,223,-3,220,4.33,-0.06,4.27,Riverside County
1400000US06065043274,"Census Tract 432.74, Riverside County, California",2134,2366,2381,232,15,247,10.87,0.63,11.57,Riverside County
1400000US06065043276,"Census Tract 432.76, Riverside County, California",3391,3338,3118,-53,-220,-273,-1.56,-6.59,-8.05,Riverside County
1400000US06065043278,"Census Tract 432.78, Riverside County, California",6257,6148,6248,-109,100,-9,-1.74,1.63,-0.14,Riverside County
1400000US06065043279,"Census Tract 432.79, Riverside County, California",5195,5293,5166,98,-127,-29,1.89,-2.4,-0.56,Riverside County
1400000US06065043292,"Census Tract 432.92, Riverside County, California",4326,3998,4104,-328,106,-222,-7.58,2.65,-5.13,Riverside County
1400000US06065043293,"Census Tract 432.93, Riverside County, California",3543,3600,2990,57,-610,-553,1.61,-16.94,-15.61,Riverside County
1400000US06065043294,"Census Tract 432.94, Riverside County, California",5110,4662,4707,-448,45,-403,-8.77,0.97,-7.89,Riverside County
1400000US06065043295,"Census Tract 432.95, Riverside County, California",5140,4812,5119,-328,307,-21,-6.38,6.38,-0.41,Riverside County
1400000US06065043296,"Census Tract 432.96, Riverside County, California",4922,5315,5419,393,104,497,7.98,1.96,10.1,Riverside County
1400000US06065043297,"Census Tract 432.97, Riverside County, California",10237,10171,9896,-66,-275,-341,-0.64,-2.7,-3.33,Riverside County
1400000US06065043298,"Census Tract 432.98, Riverside County, California",6349,5747,5722,-602,-25,-627,-9.48,-0.44,-9.88,Riverside County
1400000US06065043304,"Census Tract 433.04, Riverside County, California",8782,9067,8796,285,-271,14,3.25,-2.99,0.16,Riverside County
1400000US06065043306,"Census Tract 433.06, Riverside County, California",4873,4973,5387,100,414,514,2.05,8.32,10.55,Riverside County
1400000US06065043307,"Census Tract 433.07, Riverside County, California",6228,6279,6755,51,476,527,0.82,7.58,8.46,Riverside County
1400000US06065043308,"Census Tract 433.08, Riverside County, California",2676,2535,2550,-141,15,-126,-5.27,0.59,-4.71,Riverside County
1400000US06065043309,"Census Tract 433.09, Riverside County, California",2483,2876,3008,393,132,525,15.83,4.59,21.14,Riverside County
1400000US06065043310,"Census Tract 433.10, Riverside County, California",3633,3583,3674,-50,91,41,-1.38,2.54,1.13,Riverside County
1400000US06065043311,"Census Tract 433.11, Riverside County, California",2313,2263,2390,-50,127,77,-2.16,5.61,3.33,Riverside County
1400000US06065043312,"Census Tract 433.12, Riverside County, California",4448,4660,4698,212,38,250,4.77,0.82,5.62,Riverside County
1400000US06065043313,"Census Tract 433.13, Riverside County, California",3725,3730,3599,5,-131,-126,0.13,-3.51,-3.38,Riverside County
1400000US06065043314,"Census Tract 433.14, Riverside County, California",3755,4090,4236,335,146,481,8.92,3.57,12.81,Riverside County
1400000US06065043315,"Census Tract 433.15, Riverside County, California",2900,2835,2538,-65,-297,-362,-2.24,-10.48,-12.48,Riverside County
1400000US06065043316,"Census Tract 433.16, Riverside County, California",3515,3331,3524,-184,193,9,-5.23,5.79,0.26,Riverside County
1400000US06065043318,"Census Tract 433.18, Riverside County, California",5681,5525,6041,-156,516,360,-2.75,9.34,6.34,Riverside County
1400000US06065043319,"Census Tract 433.19, Riverside County, California",4506,5191,5742,685,551,1236,15.2,10.61,27.43,Riverside County
1400000US06065043401,"Census Tract 434.01, Riverside County, California",6702,6792,6635,90,-157,-67,1.34,-2.31,-1,Riverside County
1400000US06065043403,"Census Tract 434.03, Riverside County, California",2976,2950,3037,-26,87,61,-0.87,2.95,2.05,Riverside County
1400000US06065043404,"Census Tract 434.04, Riverside County, California",2353,2488,2506,135,18,153,5.74,0.72,6.5,Riverside County
1400000US06065043405,"Census Tract 434.05, Riverside County, California",4463,4787,4907,324,120,444,7.26,2.51,9.95,Riverside County
1400000US06065043503,"Census Tract 435.03, Riverside County, California",3623,3703,3873,80,170,250,2.21,4.59,6.9,Riverside County
1400000US06065043505,"Census Tract 435.05, Riverside County, California",3340,3363,3536,23,173,196,0.69,5.14,5.87,Riverside County
1400000US06065043506,"Census Tract 435.06, Riverside County, California",7417,8061,8192,644,131,775,8.68,1.63,10.45,Riverside County
1400000US06065043509,"Census Tract 435.09, Riverside County, California",5394,5572,5220,178,-352,-174,3.3,-6.32,-3.23,Riverside County
1400000US06065043512,"Census Tract 435.12, Riverside County, California",6802,7627,7543,825,-84,741,12.13,-1.1,10.89,Riverside County
1400000US06065043513,"Census Tract 435.13, Riverside County, California",3232,3358,3176,126,-182,-56,3.9,-5.42,-1.73,Riverside County
1400000US06065043517,"Census Tract 435.17, Riverside County, California",7868,8495,8706,627,211,838,7.97,2.48,10.65,Riverside County
1400000US06065043518,"Census Tract 435.18, Riverside County, California",5589,5667,5456,78,-211,-133,1.4,-3.72,-2.38,Riverside County
1400000US06065043519,"Census Tract 435.19, Riverside County, California",1119,1179,1221,60,42,102,5.36,3.56,9.12,Riverside County
1400000US06065043520,"Census Tract 435.20, Riverside County, California",2210,2290,2651,80,361,441,3.62,15.76,19.95,Riverside County
1400000US06065043521,"Census Tract 435.21, Riverside County, California",3121,3489,4025,368,536,904,11.79,15.36,28.97,Riverside County
1400000US06065043522,"Census Tract 435.22, Riverside County, California",2845,2904,2610,59,-294,-235,2.07,-10.12,-8.26,Riverside County
1400000US06065043523,"Census Tract 435.23, Riverside County, California",3086,3403,3255,317,-148,169,10.27,-4.35,5.48,Riverside County
1400000US06065043524,"Census Tract 435.24, Riverside County, California",4060,4557,4877,497,320,817,12.24,7.02,20.12,Riverside County
1400000US06065043601,"Census Tract 436.01, Riverside County, California",5167,5599,5444,432,-155,277,8.36,-2.77,5.36,Riverside County
1400000US06065043602,"Census Tract 436.02, Riverside County, California",3378,3982,3382,604,-600,4,17.88,-15.07,0.12,Riverside County
1400000US06065043701,"Census Tract 437.01, Riverside County, California",4317,4376,4113,59,-263,-204,1.37,-6.01,-4.73,Riverside County
1400000US06065043702,"Census Tract 437.02, Riverside County, California",4918,4889,4812,-29,-77,-106,-0.59,-1.57,-2.16,Riverside County
1400000US06065043703,"Census Tract 437.03, Riverside County, California",3344,3294,3339,-50,45,-5,-1.5,1.37,-0.15,Riverside County
1400000US06065043802,"Census Tract 438.02, Riverside County, California",6681,7341,7232,660,-109,551,9.88,-1.48,8.25,Riverside County
1400000US06065043807,"Census Tract 438.07, Riverside County, California",7132,7116,7050,-16,-66,-82,-0.22,-0.93,-1.15,Riverside County
1400000US06065043809,"Census Tract 438.09, Riverside County, California",5295,6098,6730,803,632,1435,15.17,10.36,27.1,Riverside County
1400000US06065043810,"Census Tract 438.10, Riverside County, California",4493,4850,4912,357,62,419,7.95,1.28,9.33,Riverside County
1400000US06065043812,"Census Tract 438.12, Riverside County, California",6129,6129,6375,0,246,246,0,4.01,4.01,Riverside County
1400000US06065043813,"Census Tract 438.13, Riverside County, California",4511,4233,3983,-278,-250,-528,-6.16,-5.91,-11.7,Riverside County
1400000US06065043818,"Census Tract 438.18, Riverside County, California",3788,4138,4162,350,24,374,9.24,0.58,9.87,Riverside County
1400000US06065043820,"Census Tract 438.20, Riverside County, California",5617,5779,5932,162,153,315,2.88,2.65,5.61,Riverside County
1400000US06065043821,"Census Tract 438.21, Riverside County, California",5198,5435,5569,237,134,371,4.56,2.47,7.14,Riverside County
1400000US06065043822,"Census Tract 438.22, Riverside County, California",2824,2975,3290,151,315,466,5.35,10.59,16.5,Riverside County
1400000US06065043823,"Census Tract 438.23, Riverside County, California",10846,11503,12388,657,885,1542,6.06,7.69,14.22,Riverside County
1400000US06065043824,"Census Tract 438.24, Riverside County, California",5359,5432,5394,73,-38,35,1.36,-0.7,0.65,Riverside County
1400000US06065043900,"Census Tract 439, Riverside County, California",6374,6981,6622,607,-359,248,9.52,-5.14,3.89,Riverside County
1400000US06065044000,"Census Tract 440, Riverside County, California",1762,1923,1939,161,16,177,9.14,0.83,10.05,Riverside County
1400000US06065044101,"Census Tract 441.01, Riverside County, California",3240,3111,2682,-129,-429,-558,-3.98,-13.79,-17.22,Riverside County
1400000US06065044102,"Census Tract 441.02, Riverside County, California",3480,3497,3389,17,-108,-91,0.49,-3.09,-2.61,Riverside County
1400000US06065044103,"Census Tract 441.03, Riverside County, California",5592,5554,6256,-38,702,664,-0.68,12.64,11.87,Riverside County
1400000US06065044104,"Census Tract 441.04, Riverside County, California",2876,2821,2926,-55,105,50,-1.91,3.72,1.74,Riverside County
1400000US06065044200,"Census Tract 442, Riverside County, California",5820,5894,6077,74,183,257,1.27,3.1,4.42,Riverside County
1400000US06065044300,"Census Tract 443, Riverside County, California",5247,5138,4799,-109,-339,-448,-2.08,-6.6,-8.54,Riverside County
1400000US06065044403,"Census Tract 444.03, Riverside County, California",4529,3924,3663,-605,-261,-866,-13.36,-6.65,-19.12,Riverside County
1400000US06065044404,"Census Tract 444.04, Riverside County, California",1749,1791,2278,42,487,529,2.4,27.19,30.25,Riverside County
1400000US06065044405,"Census Tract 444.05, Riverside County, California",1306,1178,1425,-128,247,119,-9.8,20.97,9.11,Riverside County
1400000US06065044406,"Census Tract 444.06, Riverside County, California",1985,2022,2067,37,45,82,1.86,2.23,4.13,Riverside County
1400000US06065044407,"Census Tract 444.07, Riverside County, California",2633,3278,2694,645,-584,61,24.5,-17.82,2.32,Riverside County
1400000US06065044505,"Census Tract 445.05, Riverside County, California",7115,7149,7432,34,283,317,0.48,3.96,4.46,Riverside County
1400000US06065044507,"Census Tract 445.07, Riverside County, California",6928,7498,7212,570,-286,284,8.23,-3.81,4.1,Riverside County
1400000US06065044509,"Census Tract 445.09, Riverside County, California",5208,5464,5527,256,63,319,4.92,1.15,6.13,Riverside County
1400000US06065044510,"Census Tract 445.10, Riverside County, California",5713,6048,6340,335,292,627,5.86,4.83,10.97,Riverside County
1400000US06065044515,"Census Tract 445.15, Riverside County, California",4014,3914,4101,-100,187,87,-2.49,4.78,2.17,Riverside County
1400000US06065044516,"Census Tract 445.16, Riverside County, California",5513,5814,6827,301,1013,1314,5.46,17.42,23.83,Riverside County
1400000US06065044517,"Census Tract 445.17, Riverside County, California",2414,2950,2784,536,-166,370,22.2,-5.63,15.33,Riverside County
1400000US06065044518,"Census Tract 445.18, Riverside County, California",6003,6862,7440,859,578,1437,14.31,8.42,23.94,Riverside County
1400000US06065044520,"Census Tract 445.20, Riverside County, California",1435,1265,1163,-170,-102,-272,-11.85,-8.06,-18.95,Riverside County
1400000US06065044521,"Census Tract 445.21, Riverside County, California",1386,1206,1295,-180,89,-91,-12.99,7.38,-6.57,Riverside County
1400000US06065044523,"Census Tract 445.23, Riverside County, California",2042,1796,1811,-246,15,-231,-12.05,0.84,-11.31,Riverside County
1400000US06065044524,"Census Tract 445.24, Riverside County, California",1896,2204,2573,308,369,677,16.24,16.74,35.71,Riverside County
1400000US06065044602,"Census Tract 446.02, Riverside County, California",2953,2691,2728,-262,37,-225,-8.87,1.37,-7.62,Riverside County
1400000US06065044604,"Census Tract 446.04, Riverside County, California",3954,3188,3292,-766,104,-662,-19.37,3.26,-16.74,Riverside County
1400000US06065044605,"Census Tract 446.05, Riverside County, California",5879,5728,5927,-151,199,48,-2.57,3.47,0.82,Riverside County
1400000US06065044606,"Census Tract 446.06, Riverside County, California",2917,3022,2938,105,-84,21,3.6,-2.78,0.72,Riverside County
1400000US06065044701,"Census Tract 447.01, Riverside County, California",3856,3042,3171,-814,129,-685,-21.11,4.24,-17.76,Riverside County
1400000US06065044702,"Census Tract 447.02, Riverside County, California",2289,2201,2149,-88,-52,-140,-3.84,-2.36,-6.12,Riverside County
1400000US06065044804,"Census Tract 448.04, Riverside County, California",2979,2618,2675,-361,57,-304,-12.12,2.18,-10.2,Riverside County
1400000US06065044805,"Census Tract 448.05, Riverside County, California",1620,1662,1628,42,-34,8,2.59,-2.05,0.49,Riverside County
1400000US06065044806,"Census Tract 448.06, Riverside County, California",1965,1754,1754,-211,0,-211,-10.74,0,-10.74,Riverside County
1400000US06065044807,"Census Tract 448.07, Riverside County, California",1583,1466,1361,-117,-105,-222,-7.39,-7.16,-14.02,Riverside County
1400000US06065044904,"Census Tract 449.04, Riverside County, California",5821,5335,5685,-486,350,-136,-8.35,6.56,-2.34,Riverside County
1400000US06065044907,"Census Tract 449.07, Riverside County, California",5143,4759,5101,-384,342,-42,-7.47,7.19,-0.82,Riverside County
1400000US06065044911,"Census Tract 449.11, Riverside County, California",4174,4149,4703,-25,554,529,-0.6,13.35,12.67,Riverside County
1400000US06065044916,"Census Tract 449.16, Riverside County, California",5382,5176,5198,-206,22,-184,-3.83,0.43,-3.42,Riverside County
1400000US06065044917,"Census Tract 449.17, Riverside County, California",4567,4180,3980,-387,-200,-587,-8.47,-4.78,-12.85,Riverside County
1400000US06065044918,"Census Tract 449.18, Riverside County, California",2646,2498,2378,-148,-120,-268,-5.59,-4.8,-10.13,Riverside County
1400000US06065044919,"Census Tract 449.19, Riverside County, California",4907,4762,4850,-145,88,-57,-2.95,1.85,-1.16,Riverside County
1400000US06065044921,"Census Tract 449.21, Riverside County, California",2991,2734,2842,-257,108,-149,-8.59,3.95,-4.98,Riverside County
1400000US06065044922,"Census Tract 449.22, Riverside County, California",6419,6349,6407,-70,58,-12,-1.09,0.91,-0.19,Riverside County
1400000US06065044923,"Census Tract 449.23, Riverside County, California",3688,3370,3249,-318,-121,-439,-8.62,-3.59,-11.9,Riverside County
1400000US06065044924,"Census Tract 449.24, Riverside County, California",3574,3114,3018,-460,-96,-556,-12.87,-3.08,-15.56,Riverside County
1400000US06065044925,"Census Tract 449.25, Riverside County, California",4331,3984,3866,-347,-118,-465,-8.01,-2.96,-10.74,Riverside County
1400000US06065044926,"Census Tract 449.26, Riverside County, California",5407,5167,5051,-240,-116,-356,-4.44,-2.25,-6.58,Riverside County
1400000US06065044927,"Census Tract 449.27, Riverside County, California",3597,3634,3587,37,-47,-10,1.03,-1.29,-0.28,Riverside County
1400000US06065044928,"Census Tract 449.28, Riverside County, California",3741,3831,4043,90,212,302,2.41,5.53,8.07,Riverside County
1400000US06065044929,"Census Tract 449.29, Riverside County, California",4442,4501,4294,59,-207,-148,1.33,-4.6,-3.33,Riverside County
1400000US06065044930,"Census Tract 449.30, Riverside County, California",3914,3604,3443,-310,-161,-471,-7.92,-4.47,-12.03,Riverside County
1400000US06065044931,"Census Tract 449.31, Riverside County, California",2249,2456,2477,207,21,228,9.2,0.86,10.14,Riverside County
1400000US06065044932,"Census Tract 449.32, Riverside County, California",2942,2996,2704,54,-292,-238,1.84,-9.75,-8.09,Riverside County
1400000US06065044933,"Census Tract 449.33, Riverside County, California",3559,3480,3525,-79,45,-34,-2.22,1.29,-0.96,Riverside County
1400000US06065044934,"Census Tract 449.34, Riverside County, California",2581,2702,2419,121,-283,-162,4.69,-10.47,-6.28,Riverside County
1400000US06065045000,"Census Tract 450, Riverside County, California",3241,2790,2931,-451,141,-310,-13.92,5.05,-9.56,Riverside County
1400000US06065045103,"Census Tract 451.03, Riverside County, California",3493,3112,3170,-381,58,-323,-10.91,1.86,-9.25,Riverside County
1400000US06065045109,"Census Tract 451.09, Riverside County, California",4766,4161,4262,-605,101,-504,-12.69,2.43,-10.57,Riverside County
1400000US06065045110,"Census Tract 451.10, Riverside County, California",5616,5098,5099,-518,1,-517,-9.22,0.02,-9.21,Riverside County
1400000US06065045114,"Census Tract 451.14, Riverside County, California",1793,1616,1871,-177,255,78,-9.87,15.78,4.35,Riverside County
1400000US06065045115,"Census Tract 451.15, Riverside County, California",1847,1722,1781,-125,59,-66,-6.77,3.43,-3.57,Riverside County
1400000US06065045116,"Census Tract 451.16, Riverside County, California",1373,1439,1521,66,82,148,4.81,5.7,10.78,Riverside County
1400000US06065045117,"Census Tract 451.17, Riverside County, California",4084,4082,3589,-2,-493,-495,-0.05,-12.08,-12.12,Riverside County
1400000US06065045118,"Census Tract 451.18, Riverside County, California",2755,2457,2448,-298,-9,-307,-10.82,-0.37,-11.14,Riverside County
1400000US06065045119,"Census Tract 451.19, Riverside County, California",2437,2606,2458,169,-148,21,6.93,-5.68,0.86,Riverside County
1400000US06065045120,"Census Tract 451.20, Riverside County, California",4543,4207,4171,-336,-36,-372,-7.4,-0.86,-8.19,Riverside County
1400000US06065045122,"Census Tract 451.22, Riverside County, California",1387,1233,1380,-154,147,-7,-11.1,11.92,-0.5,Riverside County
1400000US06065045123,"Census Tract 451.23, Riverside County, California",2250,2192,2422,-58,230,172,-2.58,10.49,7.64,Riverside County
1400000US06065045124,"Census Tract 451.24, Riverside County, California",1231,1363,1440,132,77,209,10.72,5.65,16.98,Riverside County
1400000US06065045125,"Census Tract 451.25, Riverside County, California",3160,2441,2258,-719,-183,-902,-22.75,-7.5,-28.54,Riverside County
1400000US06065045126,"Census Tract 451.26, Riverside County, California",3899,3758,3392,-141,-366,-507,-3.62,-9.74,-13,Riverside County
1400000US06065045127,"Census Tract 451.27, Riverside County, California",3406,2074,1960,-1332,-114,-1446,-39.11,-5.5,-42.45,Riverside County
1400000US06065045128,"Census Tract 451.28, Riverside County, California",1460,1262,1533,-198,271,73,-13.56,21.47,5,Riverside County
1400000US06065045129,"Census Tract 451.29, Riverside County, California",5696,5196,5054,-500,-142,-642,-8.78,-2.73,-11.27,Riverside County
1400000US06065045207,"Census Tract 452.07, Riverside County, California",5315,4821,5029,-494,208,-286,-9.29,4.31,-5.38,Riverside County
1400000US06065045209,"Census Tract 452.09, Riverside County, California",5308,5502,5640,194,138,332,3.65,2.51,6.25,Riverside County
1400000US06065045212,"Census Tract 452.12, Riverside County, California",2270,2354,2247,84,-107,-23,3.7,-4.55,-1.01,Riverside County
1400000US06065045213,"Census Tract 452.13, Riverside County, California",7590,6960,5798,-630,-1162,-1792,-8.3,-16.7,-23.61,Riverside County
1400000US06065045214,"Census Tract 452.14, Riverside County, California",5246,5256,5657,10,401,411,0.19,7.63,7.83,Riverside County
1400000US06065045216,"Census Tract 452.16, Riverside County, California",2587,2695,2441,108,-254,-146,4.17,-9.42,-5.64,Riverside County
1400000US06065045217,"Census Tract 452.17, Riverside County, California",7986,7098,7703,-888,605,-283,-11.12,8.52,-3.54,Riverside County
1400000US06065045222,"Census Tract 452.22, Riverside County, California",2216,2040,2263,-176,223,47,-7.94,10.93,2.12,Riverside County
1400000US06065045224,"Census Tract 452.24, Riverside County, California",6314,6226,5607,-88,-619,-707,-1.39,-9.94,-11.2,Riverside County
1400000US06065045226,"Census Tract 452.26, Riverside County, California",8293,7422,5874,-871,-1548,-2419,-10.5,-20.86,-29.17,Riverside County
1400000US06065045228,"Census Tract 452.28, Riverside County, California",7043,7273,7321,230,48,278,3.27,0.66,3.95,Riverside County
1400000US06065045233,"Census Tract 452.33, Riverside County, California",4431,4630,4788,199,158,357,4.49,3.41,8.06,Riverside County
1400000US06065045234,"Census Tract 452.34, Riverside County, California",5539,4826,4962,-713,136,-577,-12.87,2.82,-10.42,Riverside County
1400000US06065045235,"Census Tract 452.35, Riverside County, California",3954,3704,3346,-250,-358,-608,-6.32,-9.67,-15.38,Riverside County
1400000US06065045302,"Census Tract 453.02, Riverside County, California",3989,4123,4129,134,6,140,3.36,0.15,3.51,Riverside County
1400000US06065045303,"Census Tract 453.03, Riverside County, California",1999,1931,2320,-68,389,321,-3.4,20.15,16.06,Riverside County
1400000US06065045305,"Census Tract 453.05, Riverside County, California",5746,5477,5424,-269,-53,-322,-4.68,-0.97,-5.6,Riverside County
1400000US06065045306,"Census Tract 453.06, Riverside County, California",6066,6131,6172,65,41,106,1.07,0.67,1.75,Riverside County
1400000US06065045501,"Census Tract 455.01, Riverside County, California",5878,6097,6676,219,579,798,3.73,9.5,13.58,Riverside County
1400000US06065045502,"Census Tract 455.02, Riverside County, California",3644,3781,3859,137,78,215,3.76,2.06,5.9,Riverside County
1400000US06065045606,"Census Tract 456.06, Riverside County, California",2616,2724,3220,108,496,604,4.13,18.21,23.09,Riverside County
1400000US06065045610,"Census Tract 456.10, Riverside County, California",2920,1986,3306,-934,1320,386,-31.99,66.47,13.22,Riverside County
1400000US06065045611,"Census Tract 456.11, Riverside County, California",3202,2350,2946,-852,596,-256,-26.61,25.36,-8,Riverside County
1400000US06065045612,"Census Tract 456.12, Riverside County, California",3383,3410,3485,27,75,102,0.8,2.2,3.02,Riverside County
1400000US06065045613,"Census Tract 456.13, Riverside County, California",1495,1400,1530,-95,130,35,-6.35,9.29,2.34,Riverside County
1400000US06065045614,"Census Tract 456.14, Riverside County, California",1355,1292,1260,-63,-32,-95,-4.65,-2.48,-7.01,Riverside County
1400000US06065045615,"Census Tract 456.15, Riverside County, California",2636,2270,2872,-366,602,236,-13.88,26.52,8.95,Riverside County
1400000US06065045616,"Census Tract 456.16, Riverside County, California",996,1303,1711,307,408,715,30.82,31.31,71.79,Riverside County
1400000US06065045617,"Census Tract 456.17, Riverside County, California",2208,1993,1707,-215,-286,-501,-9.74,-14.35,-22.69,Riverside County
1400000US06065045618,"Census Tract 456.18, Riverside County, California",947,1103,1501,156,398,554,16.47,36.08,58.5,Riverside County
1400000US06065045619,"Census Tract 456.19, Riverside County, California",3305,2918,3964,-387,1046,659,-11.71,35.85,19.94,Riverside County
1400000US06065045703,"Census Tract 457.03, Riverside County, California",6406,6654,6645,248,-9,239,3.87,-0.14,3.73,Riverside County
1400000US06065045704,"Census Tract 457.04, Riverside County, California",2905,2772,3036,-133,264,131,-4.58,9.52,4.51,Riverside County
1400000US06065045706,"Census Tract 457.06, Riverside County, California",4915,4502,5105,-413,603,190,-8.4,13.39,3.87,Riverside County
1400000US06065045707,"Census Tract 457.07, Riverside County, California",7122,6126,6608,-996,482,-514,-13.98,7.87,-7.22,Riverside County
1400000US06065045708,"Census Tract 457.08, Riverside County, California",3813,3628,4190,-185,562,377,-4.85,15.49,9.89,Riverside County
1400000US06065045709,"Census Tract 457.09, Riverside County, California",5325,4535,4613,-790,78,-712,-14.84,1.72,-13.37,Riverside County
1400000US06065045900,"Census Tract 459, Riverside County, California",1568,1791,1789,223,-2,221,14.22,-0.11,14.09,Riverside County
1400000US06065046101,"Census Tract 461.01, Riverside County, California",3023,2557,2867,-466,310,-156,-15.42,12.12,-5.16,Riverside County
1400000US06065046102,"Census Tract 461.02, Riverside County, California",1859,1644,1932,-215,288,73,-11.57,17.52,3.93,Riverside County
1400000US06065046103,"Census Tract 461.03, Riverside County, California",3575,3003,3109,-572,106,-466,-16,3.53,-13.03,Riverside County
1400000US06065046200,"Census Tract 462, Riverside County, California",3093,2601,3007,-492,406,-86,-15.91,15.61,-2.78,Riverside County
1400000US06065046401,"Census Tract 464.01, Riverside County, California",4311,4212,4192,-99,-20,-119,-2.3,-0.47,-2.76,Riverside County
1400000US06065046402,"Census Tract 464.02, Riverside County, California",6090,5757,5304,-333,-453,-786,-5.47,-7.87,-12.91,Riverside County
1400000US06065046403,"Census Tract 464.03, Riverside County, California",7412,8012,7941,600,-71,529,8.09,-0.89,7.14,Riverside County
1400000US06065046404,"Census Tract 464.04, Riverside County, California",5866,6380,6321,514,-59,455,8.76,-0.92,7.76,Riverside County
1400000US06065046405,"Census Tract 464.05, Riverside County, California",3685,3792,3843,107,51,158,2.9,1.34,4.29,Riverside County
1400000US06065046501,"Census Tract 465.01, Riverside County, California",6059,6723,6264,664,-459,205,10.96,-6.83,3.38,Riverside County
1400000US06065046502,"Census Tract 465.02, Riverside County, California",4149,3733,3839,-416,106,-310,-10.03,2.84,-7.47,Riverside County
1400000US06065046601,"Census Tract 466.01, Riverside County, California",3577,3531,3068,-46,-463,-509,-1.29,-13.11,-14.23,Riverside County
1400000US06065046602,"Census Tract 466.02, Riverside County, California",4085,3857,3894,-228,37,-191,-5.58,0.96,-4.68,Riverside County
1400000US06065046700,"Census Tract 467, Riverside County, California",4791,4483,4366,-308,-117,-425,-6.43,-2.61,-8.87,Riverside County
1400000US06065046800,"Census Tract 468, Riverside County, California",6302,6347,6043,45,-304,-259,0.71,-4.79,-4.11,Riverside County
1400000US06065046900,"Census Tract 469, Riverside County, California",1676,1693,1835,17,142,159,1.01,8.39,9.49,Riverside County
1400000US06065047000,"Census Tract 470, Riverside County, California",1738,1586,1601,-152,15,-137,-8.75,0.95,-7.88,Riverside County
1400000US06065047201,"Census Tract 472.01, Riverside County, California",1767,1884,2000,117,116,233,6.62,6.16,13.19,Riverside County
1400000US06065047202,"Census Tract 472.02, Riverside County, California",1725,1758,1961,33,203,236,1.91,11.55,13.68,Riverside County
1400000US06065047901,"Census Tract 479.01, Riverside County, California",5139,4327,4328,-812,1,-811,-15.8,0.02,-15.78,Riverside County
1400000US06065047902,"Census Tract 479.02, Riverside County, California",7130,6731,6746,-399,15,-384,-5.6,0.22,-5.39,Riverside County
1400000US06065048100,"Census Tract 481, Riverside County, California",7077,6602,6832,-475,230,-245,-6.71,3.48,-3.46,Riverside County
1400000US06065048200,"Census Tract 482, Riverside County, California",4757,4731,4726,-26,-5,-31,-0.55,-0.11,-0.65,Riverside County
1400000US06065048300,"Census Tract 483, Riverside County, California",6334,6469,6688,135,219,354,2.13,3.39,5.59,Riverside County
1400000US06065048700,"Census Tract 487, Riverside County, California",4980,4663,4299,-317,-364,-681,-6.37,-7.81,-13.67,Riverside County
1400000US06065048800,"Census Tract 488, Riverside County, California",4730,4817,4487,87,-330,-243,1.84,-6.85,-5.14,Riverside County
1400000US06065048901,"Census Tract 489.01, Riverside County, California",4269,4270,4189,1,-81,-80,0.02,-1.9,-1.87,Riverside County
1400000US06065048902,"Census Tract 489.02, Riverside County, California",7452,7413,7916,-39,503,464,-0.52,6.79,6.23,Riverside County
1400000US06065049001,"Census Tract 490.01, Riverside County, California",7123,7143,7175,20,32,52,0.28,0.45,0.73,Riverside County
1400000US06065049002,"Census Tract 490.02, Riverside County, California",2593,2925,2768,332,-157,175,12.8,-5.37,6.75,Riverside County
1400000US06065049101,"Census Tract 491.01, Riverside County, California",2252,2019,2139,-233,120,-113,-10.35,5.94,-5.02,Riverside County
1400000US06065049102,"Census Tract 491.02, Riverside County, California",3066,3184,3368,118,184,302,3.85,5.78,9.85,Riverside County
1400000US06065049400,"Census Tract 494, Riverside County, California",3235,2970,3060,-265,90,-175,-8.19,3.03,-5.41,Riverside County
1400000US06065049501,"Census Tract 495.01, Riverside County, California",3792,3894,3998,102,104,206,2.69,2.67,5.43,Riverside County
1400000US06065049502,"Census Tract 495.02, Riverside County, California",3382,3173,3182,-209,9,-200,-6.18,0.28,-5.91,Riverside County
1400000US06065049600,"Census Tract 496, Riverside County, California",8086,6851,6674,-1235,-177,-1412,-15.27,-2.58,-17.46,Riverside County
1400000US06065049701,"Census Tract 497.01, Riverside County, California",3423,3144,3655,-279,511,232,-8.15,16.25,6.78,Riverside County
1400000US06065049702,"Census Tract 497.02, Riverside County, California",5675,5781,5875,106,94,200,1.87,1.63,3.52,Riverside County
1400000US06065049800,"Census Tract 498, Riverside County, California",4583,4379,4101,-204,-278,-482,-4.45,-6.35,-10.52,Riverside County
1400000US06065050301,"Census Tract 503.01, Riverside County, California",6865,6595,6425,-270,-170,-440,-3.93,-2.58,-6.41,Riverside County
1400000US06065050302,"Census Tract 503.02, Riverside County, California",6312,6314,6451,2,137,139,0.03,2.17,2.2,Riverside County
1400000US06065050401,"Census Tract 504.01, Riverside County, California",5869,5508,5161,-361,-347,-708,-6.15,-6.3,-12.06,Riverside County
1400000US06065050402,"Census Tract 504.02, Riverside County, California",5239,5151,5112,-88,-39,-127,-1.68,-0.76,-2.42,Riverside County
1400000US06065050501,"Census Tract 505.01, Riverside County, California",6058,5762,6445,-296,683,387,-4.89,11.85,6.39,Riverside County
1400000US06065050502,"Census Tract 505.02, Riverside County, California",3613,3120,3221,-493,101,-392,-13.65,3.24,-10.85,Riverside County
1400000US06065050503,"Census Tract 505.03, Riverside County, California",5920,5726,5384,-194,-342,-536,-3.28,-5.97,-9.05,Riverside County
1400000US06065050600,"Census Tract 506, Riverside County, California",7691,7852,8387,161,535,696,2.09,6.81,9.05,Riverside County
1400000US06065050701,"Census Tract 507.01, Riverside County, California",8320,8481,8860,161,379,540,1.94,4.47,6.49,Riverside County
1400000US06065050702,"Census Tract 507.02, Riverside County, California",4779,4585,4504,-194,-81,-275,-4.06,-1.77,-5.75,Riverside County
1400000US06065050901,"Census Tract 509.01, Riverside County, California",2040,1974,1740,-66,-234,-300,-3.24,-11.85,-14.71,Riverside County
1400000US06065050902,"Census Tract 509.02, Riverside County, California",2634,2444,2394,-190,-50,-240,-7.21,-2.05,-9.11,Riverside County
1400000US06065051100,"Census Tract 511, Riverside County, California",7629,7068,7372,-561,304,-257,-7.35,4.3,-3.37,Riverside County
1400000US06065051200,"Census Tract 512, Riverside County, California",5229,5347,5313,118,-34,84,2.26,-0.64,1.61,Riverside County
1400000US06065051301,"Census Tract 513.01, Riverside County, California",4922,5194,5347,272,153,425,5.53,2.95,8.63,Riverside County
1400000US06065051302,"Census Tract 513.02, Riverside County, California",5102,5599,5932,497,333,830,9.74,5.95,16.27,Riverside County
1400000US06065051401,"Census Tract 514.01, Riverside County, California",3308,3075,3243,-233,168,-65,-7.04,5.46,-1.96,Riverside County
1400000US06065051402,"Census Tract 514.02, Riverside County, California",3291,3150,3171,-141,21,-120,-4.28,0.67,-3.65,Riverside County
1400000US06065940100,"Census Tract 9401, Riverside County, California",186,185,147,-1,-38,-39,-0.54,-20.54,-20.97,Riverside County
1400000US06065940400,"Census Tract 9404, Riverside County, California",6652,6098,5985,-554,-113,-667,-8.33,-1.85,-10.03,Riverside County
1400000US06065940500,"Census Tract 9405, Riverside County, California",2314,2206,2277,-108,71,-37,-4.67,3.22,-1.6,Riverside County
1400000US06065940600,"Census Tract 9406, Riverside County, California",3655,3477,3907,-178,430,252,-4.87,12.37,6.89,Riverside County
1400000US06065940700,"Census Tract 9407, Riverside County, California",3066,2863,2657,-203,-206,-409,-6.62,-7.2,-13.34,Riverside County
1400000US06065940800,"Census Tract 9408, Riverside County, California",2948,2764,2882,-184,118,-66,-6.24,4.27,-2.24,Riverside County
1400000US06065940900,"Census Tract 9409, Riverside County, California",2216,2045,2071,-171,26,-145,-7.72,1.27,-6.54,Riverside County
1400000US06065941001,"Census Tract 9410.01, Riverside County, California",1794,1853,1840,59,-13,46,3.29,-0.7,2.56,Riverside County
1400000US06065941002,"Census Tract 9410.02, Riverside County, California",2203,2236,2380,33,144,177,1.5,6.44,8.03,Riverside County
1400000US06065941100,"Census Tract 9411, Riverside County, California",2314,2249,2248,-65,-1,-66,-2.81,-0.04,-2.85,Riverside County
1400000US06065941200,"Census Tract 9412, Riverside County, California",2962,2808,2835,-154,27,-127,-5.2,0.96,-4.29,Riverside County
1400000US06065941300,"Census Tract 9413, Riverside County, California",3366,3094,2896,-272,-198,-470,-8.08,-6.4,-13.96,Riverside County
1400000US06065941400,"Census Tract 9414, Riverside County, California",3987,3766,3842,-221,76,-145,-5.54,2.02,-3.64,Riverside County
1400000US06065941500,"Census Tract 9415, Riverside County, California",5392,5362,5205,-30,-157,-187,-0.56,-2.93,-3.47,Riverside County
1400000US06065980004,"Census Tract 9800.04, Riverside County, California",0,12,0,12,-12,0,#DIV/0!,-100,#DIV/0!,Riverside County
1400000US06065981000,"Census Tract 9810, Riverside County, California",6474,6758,5654,284,-1104,-820,4.39,-16.34,-12.67,Riverside County
1400000US06067000100,"Census Tract 1, Sacramento County, California",3944,4037,4051,93,14,107,2.36,0.35,2.71,Sacramento County
1400000US06067000200,"Census Tract 2, Sacramento County, California",3728,3707,3694,-21,-13,-34,-0.56,-0.35,-0.91,Sacramento County
1400000US06067000300,"Census Tract 3, Sacramento County, California",3497,3502,3528,5,26,31,0.14,0.74,0.89,Sacramento County
1400000US06067000400,"Census Tract 4, Sacramento County, California",3879,3862,3711,-17,-151,-168,-0.44,-3.91,-4.33,Sacramento County
1400000US06067000501,"Census Tract 5.01, Sacramento County, California",2107,2125,2026,18,-99,-81,0.85,-4.66,-3.84,Sacramento County
1400000US06067000502,"Census Tract 5.02, Sacramento County, California",1345,1572,1671,227,99,326,16.88,6.3,24.24,Sacramento County
1400000US06067000600,"Census Tract 6, Sacramento County, California",1255,1315,1468,60,153,213,4.78,11.63,16.97,Sacramento County
1400000US06067000700,"Census Tract 7, Sacramento County, California",2790,2866,2614,76,-252,-176,2.72,-8.79,-6.31,Sacramento County
1400000US06067000800,"Census Tract 8, Sacramento County, California",1882,1746,1732,-136,-14,-150,-7.23,-0.8,-7.97,Sacramento County
1400000US06067001102,"Census Tract 11.02, Sacramento County, California",1340,1448,1627,108,179,287,8.06,12.36,21.42,Sacramento County
1400000US06067001103,"Census Tract 11.03, Sacramento County, California",1207,1372,1308,165,-64,101,13.67,-4.66,8.37,Sacramento County
1400000US06067001201,"Census Tract 12.01, Sacramento County, California",1805,1852,2073,47,221,268,2.6,11.93,14.85,Sacramento County
1400000US06067001202,"Census Tract 12.02, Sacramento County, California",2069,2124,2119,55,-5,50,2.66,-0.24,2.42,Sacramento County
1400000US06067001300,"Census Tract 13, Sacramento County, California",3159,3376,3535,217,159,376,6.87,4.71,11.9,Sacramento County
1400000US06067001400,"Census Tract 14, Sacramento County, California",2423,2458,2451,35,-7,28,1.44,-0.28,1.16,Sacramento County
1400000US06067001500,"Census Tract 15, Sacramento County, California",4683,4860,4927,177,67,244,3.78,1.38,5.21,Sacramento County
1400000US06067001601,"Census Tract 16.01, Sacramento County, California",3401,3595,3677,194,82,276,5.7,2.28,8.12,Sacramento County
1400000US06067001602,"Census Tract 16.02, Sacramento County, California",2724,2401,2219,-323,-182,-505,-11.86,-7.58,-18.54,Sacramento County
1400000US06067001701,"Census Tract 17.01, Sacramento County, California",1829,1897,2207,68,310,378,3.72,16.34,20.67,Sacramento County
1400000US06067001702,"Census Tract 17.02, Sacramento County, California",3600,3532,3715,-68,183,115,-1.89,5.18,3.19,Sacramento County
1400000US06067001800,"Census Tract 18, Sacramento County, California",5273,5616,5745,343,129,472,6.5,2.3,8.95,Sacramento County
1400000US06067001900,"Census Tract 19, Sacramento County, California",3173,3208,3541,35,333,368,1.1,10.38,11.6,Sacramento County
1400000US06067002000,"Census Tract 20, Sacramento County, California",2709,2736,2910,27,174,201,1,6.36,7.42,Sacramento County
1400000US06067002100,"Census Tract 21, Sacramento County, California",2310,2313,2607,3,294,297,0.13,12.71,12.86,Sacramento County
1400000US06067002200,"Census Tract 22, Sacramento County, California",4791,5079,5278,288,199,487,6.01,3.92,10.16,Sacramento County
1400000US06067002300,"Census Tract 23, Sacramento County, California",3359,3514,3565,155,51,206,4.61,1.45,6.13,Sacramento County
1400000US06067002400,"Census Tract 24, Sacramento County, California",4936,5110,4980,174,-130,44,3.53,-2.54,0.89,Sacramento County
1400000US06067002500,"Census Tract 25, Sacramento County, California",1796,1840,1967,44,127,171,2.45,6.9,9.52,Sacramento County
1400000US06067002600,"Census Tract 26, Sacramento County, California",2445,2566,2598,121,32,153,4.95,1.25,6.26,Sacramento County
1400000US06067002700,"Census Tract 27, Sacramento County, California",3559,3714,3616,155,-98,57,4.36,-2.64,1.6,Sacramento County
1400000US06067002800,"Census Tract 28, Sacramento County, California",3733,3577,3339,-156,-238,-394,-4.18,-6.65,-10.55,Sacramento County
1400000US06067002900,"Census Tract 29, Sacramento County, California",4784,5356,5188,572,-168,404,11.96,-3.14,8.44,Sacramento County
1400000US06067003001,"Census Tract 30.01, Sacramento County, California",3070,2863,2971,-207,108,-99,-6.74,3.77,-3.22,Sacramento County
1400000US06067003002,"Census Tract 30.02, Sacramento County, California",3705,3912,3611,207,-301,-94,5.59,-7.69,-2.54,Sacramento County
1400000US06067003101,"Census Tract 31.01, Sacramento County, California",3590,3503,3487,-87,-16,-103,-2.42,-0.46,-2.87,Sacramento County
1400000US06067003102,"Census Tract 31.02, Sacramento County, California",3046,3097,3109,51,12,63,1.67,0.39,2.07,Sacramento County
1400000US06067003202,"Census Tract 32.02, Sacramento County, California",4832,5004,4990,172,-14,158,3.56,-0.28,3.27,Sacramento County
1400000US06067003203,"Census Tract 32.03, Sacramento County, California",2810,3146,2974,336,-172,164,11.96,-5.47,5.84,Sacramento County
1400000US06067003204,"Census Tract 32.04, Sacramento County, California",4967,5258,5251,291,-7,284,5.86,-0.13,5.72,Sacramento County
1400000US06067003300,"Census Tract 33, Sacramento County, California",4580,4720,4666,140,-54,86,3.06,-1.14,1.88,Sacramento County
1400000US06067003400,"Census Tract 34, Sacramento County, California",4056,4353,4430,297,77,374,7.32,1.77,9.22,Sacramento County
1400000US06067003501,"Census Tract 35.01, Sacramento County, California",2355,2522,2447,167,-75,92,7.09,-2.97,3.91,Sacramento County
1400000US06067003502,"Census Tract 35.02, Sacramento County, California",2675,2704,3067,29,363,392,1.08,13.42,14.65,Sacramento County
1400000US06067003600,"Census Tract 36, Sacramento County, California",2613,2561,2523,-52,-38,-90,-1.99,-1.48,-3.44,Sacramento County
1400000US06067003700,"Census Tract 37, Sacramento County, California",4312,4615,4721,303,106,409,7.03,2.3,9.49,Sacramento County
1400000US06067003800,"Census Tract 38, Sacramento County, California",5697,6035,5429,338,-606,-268,5.93,-10.04,-4.7,Sacramento County
1400000US06067003900,"Census Tract 39, Sacramento County, California",3369,3592,3696,223,104,327,6.62,2.9,9.71,Sacramento County
1400000US06067004005,"Census Tract 40.05, Sacramento County, California",4360,4413,4375,53,-38,15,1.22,-0.86,0.34,Sacramento County
1400000US06067004006,"Census Tract 40.06, Sacramento County, California",5670,5690,5222,20,-468,-448,0.35,-8.22,-7.9,Sacramento County
1400000US06067004008,"Census Tract 40.08, Sacramento County, California",3201,3296,3337,95,41,136,2.97,1.24,4.25,Sacramento County
1400000US06067004011,"Census Tract 40.11, Sacramento County, California",3156,3240,3260,84,20,104,2.66,0.62,3.3,Sacramento County
1400000US06067004012,"Census Tract 40.12, Sacramento County, California",3818,3888,4084,70,196,266,1.83,5.04,6.97,Sacramento County
1400000US06067004013,"Census Tract 40.13, Sacramento County, California",3893,3667,3911,-226,244,18,-5.81,6.65,0.46,Sacramento County
1400000US06067004014,"Census Tract 40.14, Sacramento County, California",2335,2493,2327,158,-166,-8,6.77,-6.66,-0.34,Sacramento County
1400000US06067004015,"Census Tract 40.15, Sacramento County, California",3775,3554,3986,-221,432,211,-5.85,12.16,5.59,Sacramento County
1400000US06067004016,"Census Tract 40.16, Sacramento County, California",1773,1794,1819,21,25,46,1.18,1.39,2.59,Sacramento County
1400000US06067004017,"Census Tract 40.17, Sacramento County, California",2632,2648,2585,16,-63,-47,0.61,-2.38,-1.79,Sacramento County
1400000US06067004018,"Census Tract 40.18, Sacramento County, California",2919,3108,3050,189,-58,131,6.47,-1.87,4.49,Sacramento County
1400000US06067004019,"Census Tract 40.19, Sacramento County, California",2981,3134,3228,153,94,247,5.13,3,8.29,Sacramento County
1400000US06067004020,"Census Tract 40.20, Sacramento County, California",2537,2572,2416,35,-156,-121,1.38,-6.07,-4.77,Sacramento County
1400000US06067004100,"Census Tract 41, Sacramento County, California",5127,5239,5514,112,275,387,2.18,5.25,7.55,Sacramento County
1400000US06067004201,"Census Tract 42.01, Sacramento County, California",6134,6013,6109,-121,96,-25,-1.97,1.6,-0.41,Sacramento County
1400000US06067004202,"Census Tract 42.02, Sacramento County, California",5690,5700,6043,10,343,353,0.18,6.02,6.2,Sacramento County
1400000US06067004203,"Census Tract 42.03, Sacramento County, California",5899,6122,6334,223,212,435,3.78,3.46,7.37,Sacramento County
1400000US06067004301,"Census Tract 43.01, Sacramento County, California",5657,6506,6497,849,-9,840,15.01,-0.14,14.85,Sacramento County
1400000US06067004302,"Census Tract 43.02, Sacramento County, California",4697,4831,4616,134,-215,-81,2.85,-4.45,-1.72,Sacramento County
1400000US06067004401,"Census Tract 44.01, Sacramento County, California",3840,4046,3846,206,-200,6,5.36,-4.94,0.16,Sacramento County
1400000US06067004402,"Census Tract 44.02, Sacramento County, California",4313,4076,4282,-237,206,-31,-5.5,5.05,-0.72,Sacramento County
1400000US06067004501,"Census Tract 45.01, Sacramento County, California",3813,3797,3709,-16,-88,-104,-0.42,-2.32,-2.73,Sacramento County
1400000US06067004502,"Census Tract 45.02, Sacramento County, California",5336,5258,5069,-78,-189,-267,-1.46,-3.59,-5,Sacramento County
1400000US06067004602,"Census Tract 46.02, Sacramento County, California",5775,5637,5847,-138,210,72,-2.39,3.73,1.25,Sacramento County
1400000US06067004603,"Census Tract 46.03, Sacramento County, California",2675,2864,2966,189,102,291,7.07,3.56,10.88,Sacramento County
1400000US06067004604,"Census Tract 46.04, Sacramento County, California",5124,4968,4938,-156,-30,-186,-3.04,-0.6,-3.63,Sacramento County
1400000US06067004701,"Census Tract 47.01, Sacramento County, California",3659,3947,3902,288,-45,243,7.87,-1.14,6.64,Sacramento County
1400000US06067004702,"Census Tract 47.02, Sacramento County, California",5084,4778,4907,-306,129,-177,-6.02,2.7,-3.48,Sacramento County
1400000US06067004801,"Census Tract 48.01, Sacramento County, California",5840,6000,5839,160,-161,-1,2.74,-2.68,-0.02,Sacramento County
1400000US06067004802,"Census Tract 48.02, Sacramento County, California",5735,5515,5271,-220,-244,-464,-3.84,-4.42,-8.09,Sacramento County
1400000US06067004904,"Census Tract 49.04, Sacramento County, California",6082,6126,6245,44,119,163,0.72,1.94,2.68,Sacramento County
1400000US06067004906,"Census Tract 49.06, Sacramento County, California",3233,3588,3497,355,-91,264,10.98,-2.54,8.17,Sacramento County
1400000US06067004907,"Census Tract 49.07, Sacramento County, California",2145,2316,2435,171,119,290,7.97,5.14,13.52,Sacramento County
1400000US06067004908,"Census Tract 49.08, Sacramento County, California",5131,4970,5080,-161,110,-51,-3.14,2.21,-0.99,Sacramento County
1400000US06067004909,"Census Tract 49.09, Sacramento County, California",2538,2550,2560,12,10,22,0.47,0.39,0.87,Sacramento County
1400000US06067004910,"Census Tract 49.10, Sacramento County, California",4704,4690,4750,-14,60,46,-0.3,1.28,0.98,Sacramento County
1400000US06067005002,"Census Tract 50.02, Sacramento County, California",7049,7916,7061,867,-855,12,12.3,-10.8,0.17,Sacramento County
1400000US06067005003,"Census Tract 50.03, Sacramento County, California",4006,4203,4374,197,171,368,4.92,4.07,9.19,Sacramento County
1400000US06067005004,"Census Tract 50.04, Sacramento County, California",3943,4479,4636,536,157,693,13.59,3.51,17.58,Sacramento County
1400000US06067005101,"Census Tract 51.01, Sacramento County, California",4394,5030,5034,636,4,640,14.47,0.08,14.57,Sacramento County
1400000US06067005102,"Census Tract 51.02, Sacramento County, California",4526,4674,4515,148,-159,-11,3.27,-3.4,-0.24,Sacramento County
1400000US06067005201,"Census Tract 52.01, Sacramento County, California",3756,3725,3510,-31,-215,-246,-0.83,-5.77,-6.55,Sacramento County
1400000US06067005202,"Census Tract 52.02, Sacramento County, California",3583,3681,3581,98,-100,-2,2.74,-2.72,-0.06,Sacramento County
1400000US06067005204,"Census Tract 52.04, Sacramento County, California",4396,4634,4579,238,-55,183,5.41,-1.19,4.16,Sacramento County
1400000US06067005205,"Census Tract 52.05, Sacramento County, California",2913,3301,3376,388,75,463,13.32,2.27,15.89,Sacramento County
1400000US06067005301,"Census Tract 53.01, Sacramento County, California",1566,1697,2077,131,380,511,8.37,22.39,32.63,Sacramento County
1400000US06067005402,"Census Tract 54.02, Sacramento County, California",2621,2604,3032,-17,428,411,-0.65,16.44,15.68,Sacramento County
1400000US06067005403,"Census Tract 54.03, Sacramento County, California",2445,2263,2208,-182,-55,-237,-7.44,-2.43,-9.69,Sacramento County
1400000US06067005404,"Census Tract 54.04, Sacramento County, California",5539,5923,5887,384,-36,348,6.93,-0.61,6.28,Sacramento County
1400000US06067005502,"Census Tract 55.02, Sacramento County, California",5792,5820,5796,28,-24,4,0.48,-0.41,0.07,Sacramento County
1400000US06067005505,"Census Tract 55.05, Sacramento County, California",5654,5134,4906,-520,-228,-748,-9.2,-4.44,-13.23,Sacramento County
1400000US06067005506,"Census Tract 55.06, Sacramento County, California",4020,4161,3965,141,-196,-55,3.51,-4.71,-1.37,Sacramento County
1400000US06067005508,"Census Tract 55.08, Sacramento County, California",3851,4032,4218,181,186,367,4.7,4.61,9.53,Sacramento County
1400000US06067005509,"Census Tract 55.09, Sacramento County, California",2075,2242,2171,167,-71,96,8.05,-3.17,4.63,Sacramento County
1400000US06067005510,"Census Tract 55.10, Sacramento County, California",5467,5577,5638,110,61,171,2.01,1.09,3.13,Sacramento County
1400000US06067005601,"Census Tract 56.01, Sacramento County, California",6465,6939,7143,474,204,678,7.33,2.94,10.49,Sacramento County
1400000US06067005605,"Census Tract 56.05, Sacramento County, California",3855,3784,3661,-71,-123,-194,-1.84,-3.25,-5.03,Sacramento County
1400000US06067005606,"Census Tract 56.06, Sacramento County, California",4450,4802,4845,352,43,395,7.91,0.9,8.88,Sacramento County
1400000US06067005701,"Census Tract 57.01, Sacramento County, California",3594,3860,3914,266,54,320,7.4,1.4,8.9,Sacramento County
1400000US06067005702,"Census Tract 57.02, Sacramento County, California",4703,4671,4631,-32,-40,-72,-0.68,-0.86,-1.53,Sacramento County
1400000US06067005801,"Census Tract 58.01, Sacramento County, California",5610,5494,5558,-116,64,-52,-2.07,1.16,-0.93,Sacramento County
1400000US06067005803,"Census Tract 58.03, Sacramento County, California",3818,3767,3812,-51,45,-6,-1.34,1.19,-0.16,Sacramento County
1400000US06067005804,"Census Tract 58.04, Sacramento County, California",2326,2418,2554,92,136,228,3.96,5.62,9.8,Sacramento County
1400000US06067005901,"Census Tract 59.01, Sacramento County, California",6814,6796,6211,-18,-585,-603,-0.26,-8.61,-8.85,Sacramento County
1400000US06067005903,"Census Tract 59.03, Sacramento County, California",2800,2790,2879,-10,89,79,-0.36,3.19,2.82,Sacramento County
1400000US06067005904,"Census Tract 59.04, Sacramento County, California",5203,5291,5564,88,273,361,1.69,5.16,6.94,Sacramento County
1400000US06067006002,"Census Tract 60.02, Sacramento County, California",4798,5133,5021,335,-112,223,6.98,-2.18,4.65,Sacramento County
1400000US06067006003,"Census Tract 60.03, Sacramento County, California",5014,4762,4895,-252,133,-119,-5.03,2.79,-2.37,Sacramento County
1400000US06067006004,"Census Tract 60.04, Sacramento County, California",2538,2482,2557,-56,75,19,-2.21,3.02,0.75,Sacramento County
1400000US06067006101,"Census Tract 61.01, Sacramento County, California",4632,4801,4528,169,-273,-104,3.65,-5.69,-2.25,Sacramento County
1400000US06067006102,"Census Tract 61.02, Sacramento County, California",3688,3914,3928,226,14,240,6.13,0.36,6.51,Sacramento County
1400000US06067006202,"Census Tract 62.02, Sacramento County, California",3955,4042,4187,87,145,232,2.2,3.59,5.87,Sacramento County
1400000US06067006203,"Census Tract 62.03, Sacramento County, California",3747,3994,3992,247,-2,245,6.59,-0.05,6.54,Sacramento County
1400000US06067006204,"Census Tract 62.04, Sacramento County, California",3219,3695,3462,476,-233,243,14.79,-6.31,7.55,Sacramento County
1400000US06067006300,"Census Tract 63, Sacramento County, California",4922,5086,4625,164,-461,-297,3.33,-9.06,-6.03,Sacramento County
1400000US06067006400,"Census Tract 64, Sacramento County, California",5208,5458,5505,250,47,297,4.8,0.86,5.7,Sacramento County
1400000US06067006501,"Census Tract 65.01, Sacramento County, California",4176,4371,4610,195,239,434,4.67,5.47,10.39,Sacramento County
1400000US06067006502,"Census Tract 65.02, Sacramento County, California",2561,2538,2568,-23,30,7,-0.9,1.18,0.27,Sacramento County
1400000US06067006600,"Census Tract 66, Sacramento County, California",7291,7557,7566,266,9,275,3.65,0.12,3.77,Sacramento County
1400000US06067006703,"Census Tract 67.03, Sacramento County, California",5794,5644,5599,-150,-45,-195,-2.59,-0.8,-3.37,Sacramento County
1400000US06067006704,"Census Tract 67.04, Sacramento County, California",3747,3849,3953,102,104,206,2.72,2.7,5.5,Sacramento County
1400000US06067006705,"Census Tract 67.05, Sacramento County, California",5288,5426,5462,138,36,174,2.61,0.66,3.29,Sacramento County
1400000US06067006706,"Census Tract 67.06, Sacramento County, California",3177,3318,3520,141,202,343,4.44,6.09,10.8,Sacramento County
1400000US06067006801,"Census Tract 68.01, Sacramento County, California",1262,1415,1588,153,173,326,12.12,12.23,25.83,Sacramento County
1400000US06067006802,"Census Tract 68.02, Sacramento County, California",2172,1948,1939,-224,-9,-233,-10.31,-0.46,-10.73,Sacramento County
1400000US06067006803,"Census Tract 68.03, Sacramento County, California",3453,3693,3547,240,-146,94,6.95,-3.95,2.72,Sacramento County
1400000US06067006901,"Census Tract 69.01, Sacramento County, California",1728,1425,1637,-303,212,-91,-17.53,14.88,-5.27,Sacramento County
1400000US06067006902,"Census Tract 69.02, Sacramento County, California",3417,3511,3387,94,-124,-30,2.75,-3.53,-0.88,Sacramento County
1400000US06067007001,"Census Tract 70.01, Sacramento County, California",4635,4513,4536,-122,23,-99,-2.63,0.51,-2.14,Sacramento County
1400000US06067007007,"Census Tract 70.07, Sacramento County, California",5674,5933,5965,259,32,291,4.56,0.54,5.13,Sacramento County
1400000US06067007010,"Census Tract 70.10, Sacramento County, California",3861,4199,3973,338,-226,112,8.75,-5.38,2.9,Sacramento County
1400000US06067007011,"Census Tract 70.11, Sacramento County, California",6998,6873,6930,-125,57,-68,-1.79,0.83,-0.97,Sacramento County
1400000US06067007012,"Census Tract 70.12, Sacramento County, California",3507,3715,3841,208,126,334,5.93,3.39,9.52,Sacramento County
1400000US06067007013,"Census Tract 70.13, Sacramento County, California",2980,3001,2968,21,-33,-12,0.7,-1.1,-0.4,Sacramento County
1400000US06067007016,"Census Tract 70.16, Sacramento County, California",5312,5384,5308,72,-76,-4,1.36,-1.41,-0.08,Sacramento County
1400000US06067007017,"Census Tract 70.17, Sacramento County, California",3394,3519,3569,125,50,175,3.68,1.42,5.16,Sacramento County
1400000US06067007019,"Census Tract 70.19, Sacramento County, California",1990,2382,2897,392,515,907,19.7,21.62,45.58,Sacramento County
1400000US06067007020,"Census Tract 70.20, Sacramento County, California",4558,4700,4854,142,154,296,3.12,3.28,6.49,Sacramento County
1400000US06067007021,"Census Tract 70.21, Sacramento County, California",4264,4759,5364,495,605,1100,11.61,12.71,25.8,Sacramento County
1400000US06067007022,"Census Tract 70.22, Sacramento County, California",3479,3240,3226,-239,-14,-253,-6.87,-0.43,-7.27,Sacramento County
1400000US06067007023,"Census Tract 70.23, Sacramento County, California",4772,4695,4703,-77,8,-69,-1.61,0.17,-1.45,Sacramento County
1400000US06067007024,"Census Tract 70.24, Sacramento County, California",2133,2041,2049,-92,8,-84,-4.31,0.39,-3.94,Sacramento County
1400000US06067007025,"Census Tract 70.25, Sacramento County, California",3150,2989,2939,-161,-50,-211,-5.11,-1.67,-6.7,Sacramento County
1400000US06067007026,"Census Tract 70.26, Sacramento County, California",4725,5285,5514,560,229,789,11.85,4.33,16.7,Sacramento County
1400000US06067007027,"Census Tract 70.27, Sacramento County, California",2300,2465,2515,165,50,215,7.17,2.03,9.35,Sacramento County
1400000US06067007028,"Census Tract 70.28, Sacramento County, California",3737,4283,4649,546,366,912,14.61,8.55,24.4,Sacramento County
1400000US06067007101,"Census Tract 71.01, Sacramento County, California",340,326,200,-14,-126,-140,-4.12,-38.65,-41.18,Sacramento County
1400000US06067007103,"Census Tract 71.03, Sacramento County, California",4231,4334,4377,103,43,146,2.43,0.99,3.45,Sacramento County
1400000US06067007105,"Census Tract 71.05, Sacramento County, California",6723,6852,6626,129,-226,-97,1.92,-3.3,-1.44,Sacramento County
1400000US06067007106,"Census Tract 71.06, Sacramento County, California",7278,7097,6785,-181,-312,-493,-2.49,-4.4,-6.77,Sacramento County
1400000US06067007107,"Census Tract 71.07, Sacramento County, California",4112,4127,4017,15,-110,-95,0.36,-2.67,-2.31,Sacramento County
1400000US06067007108,"Census Tract 71.08, Sacramento County, California",4880,5703,5776,823,73,896,16.86,1.28,18.36,Sacramento County
1400000US06067007109,"Census Tract 71.09, Sacramento County, California",3344,3484,3777,140,293,433,4.19,8.41,12.95,Sacramento County
1400000US06067007110,"Census Tract 71.10, Sacramento County, California",4664,5058,5021,394,-37,357,8.45,-0.73,7.65,Sacramento County
1400000US06067007111,"Census Tract 71.11, Sacramento County, California",4246,4408,4593,162,185,347,3.82,4.2,8.17,Sacramento County
1400000US06067007202,"Census Tract 72.02, Sacramento County, California",4174,4388,4062,214,-326,-112,5.13,-7.43,-2.68,Sacramento County
1400000US06067007204,"Census Tract 72.04, Sacramento County, California",5796,6084,5941,288,-143,145,4.97,-2.35,2.5,Sacramento County
1400000US06067007206,"Census Tract 72.06, Sacramento County, California",4276,4171,3959,-105,-212,-317,-2.46,-5.08,-7.41,Sacramento County
1400000US06067007207,"Census Tract 72.07, Sacramento County, California",4749,4812,4858,63,46,109,1.33,0.96,2.3,Sacramento County
1400000US06067007208,"Census Tract 72.08, Sacramento County, California",4628,4992,4795,364,-197,167,7.87,-3.95,3.61,Sacramento County
1400000US06067007209,"Census Tract 72.09, Sacramento County, California",3523,3922,4024,399,102,501,11.33,2.6,14.22,Sacramento County
1400000US06067007301,"Census Tract 73.01, Sacramento County, California",5040,5022,5411,-18,389,371,-0.36,7.75,7.36,Sacramento County
1400000US06067007402,"Census Tract 74.02, Sacramento County, California",7436,7628,7466,192,-162,30,2.58,-2.12,0.4,Sacramento County
1400000US06067007403,"Census Tract 74.03, Sacramento County, California",5486,4998,5367,-488,369,-119,-8.9,7.38,-2.17,Sacramento County
1400000US06067007413,"Census Tract 74.13, Sacramento County, California",6255,6652,6438,397,-214,183,6.35,-3.22,2.93,Sacramento County
1400000US06067007414,"Census Tract 74.14, Sacramento County, California",4468,4757,4615,289,-142,147,6.47,-2.99,3.29,Sacramento County
1400000US06067007415,"Census Tract 74.15, Sacramento County, California",3127,3169,3177,42,8,50,1.34,0.25,1.6,Sacramento County
1400000US06067007416,"Census Tract 74.16, Sacramento County, California",3984,3867,4124,-117,257,140,-2.94,6.65,3.51,Sacramento County
1400000US06067007417,"Census Tract 74.17, Sacramento County, California",3257,3303,3474,46,171,217,1.41,5.18,6.66,Sacramento County
1400000US06067007422,"Census Tract 74.22, Sacramento County, California",2511,2745,2827,234,82,316,9.32,2.99,12.58,Sacramento County
1400000US06067007423,"Census Tract 74.23, Sacramento County, California",6378,6768,6770,390,2,392,6.11,0.03,6.15,Sacramento County
1400000US06067007424,"Census Tract 74.24, Sacramento County, California",4103,3939,3802,-164,-137,-301,-4,-3.48,-7.34,Sacramento County
1400000US06067007426,"Census Tract 74.26, Sacramento County, California",2561,2438,2577,-123,139,16,-4.8,5.7,0.62,Sacramento County
1400000US06067007427,"Census Tract 74.27, Sacramento County, California",7974,8206,8042,232,-164,68,2.91,-2,0.85,Sacramento County
1400000US06067007428,"Census Tract 74.28, Sacramento County, California",3267,3430,3475,163,45,208,4.99,1.31,6.37,Sacramento County
1400000US06067007429,"Census Tract 74.29, Sacramento County, California",5626,5921,5769,295,-152,143,5.24,-2.57,2.54,Sacramento County
1400000US06067007430,"Census Tract 74.30, Sacramento County, California",8314,8755,8189,441,-566,-125,5.3,-6.46,-1.5,Sacramento County
1400000US06067007431,"Census Tract 74.31, Sacramento County, California",3249,3108,3208,-141,100,-41,-4.34,3.22,-1.26,Sacramento County
1400000US06067007432,"Census Tract 74.32, Sacramento County, California",5129,5075,4940,-54,-135,-189,-1.05,-2.66,-3.68,Sacramento County
1400000US06067007434,"Census Tract 74.34, Sacramento County, California",6298,6338,5949,40,-389,-349,0.64,-6.14,-5.54,Sacramento County
1400000US06067007435,"Census Tract 74.35, Sacramento County, California",3127,2802,2897,-325,95,-230,-10.39,3.39,-7.36,Sacramento County
1400000US06067007436,"Census Tract 74.36, Sacramento County, California",2285,2308,2350,23,42,65,1.01,1.82,2.84,Sacramento County
1400000US06067007437,"Census Tract 74.37, Sacramento County, California",6697,6352,6366,-345,14,-331,-5.15,0.22,-4.94,Sacramento County
1400000US06067007438,"Census Tract 74.38, Sacramento County, California",3329,3231,3091,-98,-140,-238,-2.94,-4.33,-7.15,Sacramento County
1400000US06067007439,"Census Tract 74.39, Sacramento County, California",4983,4998,4656,15,-342,-327,0.3,-6.84,-6.56,Sacramento County
1400000US06067007501,"Census Tract 75.01, Sacramento County, California",6932,7581,7559,649,-22,627,9.36,-0.29,9.05,Sacramento County
1400000US06067007503,"Census Tract 75.03, Sacramento County, California",5292,5509,5499,217,-10,207,4.1,-0.18,3.91,Sacramento County
1400000US06067007504,"Census Tract 75.04, Sacramento County, California",1895,1921,1932,26,11,37,1.37,0.57,1.95,Sacramento County
1400000US06067007602,"Census Tract 76.02, Sacramento County, California",4851,4909,5000,58,91,149,1.2,1.85,3.07,Sacramento County
1400000US06067007603,"Census Tract 76.03, Sacramento County, California",2777,2951,3007,174,56,230,6.27,1.9,8.28,Sacramento County
1400000US06067007604,"Census Tract 76.04, Sacramento County, California",3865,4020,4505,155,485,640,4.01,12.06,16.56,Sacramento County
1400000US06067007701,"Census Tract 77.01, Sacramento County, California",7062,7194,7259,132,65,197,1.87,0.9,2.79,Sacramento County
1400000US06067007702,"Census Tract 77.02, Sacramento County, California",4412,4108,3956,-304,-152,-456,-6.89,-3.7,-10.34,Sacramento County
1400000US06067007801,"Census Tract 78.01, Sacramento County, California",5470,5692,5765,222,73,295,4.06,1.28,5.39,Sacramento County
1400000US06067007802,"Census Tract 78.02, Sacramento County, California",4611,5010,4996,399,-14,385,8.65,-0.28,8.35,Sacramento County
1400000US06067007903,"Census Tract 79.03, Sacramento County, California",4645,4703,4772,58,69,127,1.25,1.47,2.73,Sacramento County
1400000US06067007904,"Census Tract 79.04, Sacramento County, California",5895,5993,5893,98,-100,-2,1.66,-1.67,-0.03,Sacramento County
1400000US06067007905,"Census Tract 79.05, Sacramento County, California",4274,4469,4548,195,79,274,4.56,1.77,6.41,Sacramento County
1400000US06067007906,"Census Tract 79.06, Sacramento County, California",3470,3666,3560,196,-106,90,5.65,-2.89,2.59,Sacramento County
1400000US06067008005,"Census Tract 80.05, Sacramento County, California",4447,4559,4650,112,91,203,2.52,2,4.56,Sacramento County
1400000US06067008006,"Census Tract 80.06, Sacramento County, California",4869,4863,4930,-6,67,61,-0.12,1.38,1.25,Sacramento County
1400000US06067008007,"Census Tract 80.07, Sacramento County, California",3478,3354,3422,-124,68,-56,-3.57,2.03,-1.61,Sacramento County
1400000US06067008008,"Census Tract 80.08, Sacramento County, California",4899,5030,5038,131,8,139,2.67,0.16,2.84,Sacramento County
1400000US06067008009,"Census Tract 80.09, Sacramento County, California",4266,4305,4362,39,57,96,0.91,1.32,2.25,Sacramento County
1400000US06067008010,"Census Tract 80.10, Sacramento County, California",5507,6028,6498,521,470,991,9.46,7.8,18,Sacramento County
1400000US06067008111,"Census Tract 81.11, Sacramento County, California",6032,5931,5873,-101,-58,-159,-1.67,-0.98,-2.64,Sacramento County
1400000US06067008113,"Census Tract 81.13, Sacramento County, California",3647,3576,3793,-71,217,146,-1.95,6.07,4,Sacramento County
1400000US06067008117,"Census Tract 81.17, Sacramento County, California",2593,2577,2410,-16,-167,-183,-0.62,-6.48,-7.06,Sacramento County
1400000US06067008119,"Census Tract 81.19, Sacramento County, California",6607,6915,6421,308,-494,-186,4.66,-7.14,-2.82,Sacramento County
1400000US06067008120,"Census Tract 81.20, Sacramento County, California",5355,5228,5330,-127,102,-25,-2.37,1.95,-0.47,Sacramento County
1400000US06067008122,"Census Tract 81.22, Sacramento County, California",3314,3479,3694,165,215,380,4.98,6.18,11.47,Sacramento County
1400000US06067008124,"Census Tract 81.24, Sacramento County, California",4866,4794,4975,-72,181,109,-1.48,3.78,2.24,Sacramento County
1400000US06067008125,"Census Tract 81.25, Sacramento County, California",4983,4922,5265,-61,343,282,-1.22,6.97,5.66,Sacramento County
1400000US06067008127,"Census Tract 81.27, Sacramento County, California",4603,4425,4575,-178,150,-28,-3.87,3.39,-0.61,Sacramento County
1400000US06067008128,"Census Tract 81.28, Sacramento County, California",2240,2211,2274,-29,63,34,-1.29,2.85,1.52,Sacramento County
1400000US06067008129,"Census Tract 81.29, Sacramento County, California",2968,2796,2898,-172,102,-70,-5.8,3.65,-2.36,Sacramento County
1400000US06067008130,"Census Tract 81.30, Sacramento County, California",4157,3952,4010,-205,58,-147,-4.93,1.47,-3.54,Sacramento County
1400000US06067008131,"Census Tract 81.31, Sacramento County, California",4928,4996,4903,68,-93,-25,1.38,-1.86,-0.51,Sacramento County
1400000US06067008132,"Census Tract 81.32, Sacramento County, California",3913,4188,4172,275,-16,259,7.03,-0.38,6.62,Sacramento County
1400000US06067008133,"Census Tract 81.33, Sacramento County, California",2302,2426,2465,124,39,163,5.39,1.61,7.08,Sacramento County
1400000US06067008134,"Census Tract 81.34, Sacramento County, California",5199,5489,5215,290,-274,16,5.58,-4.99,0.31,Sacramento County
1400000US06067008135,"Census Tract 81.35, Sacramento County, California",4766,4886,4831,120,-55,65,2.52,-1.13,1.36,Sacramento County
1400000US06067008136,"Census Tract 81.36, Sacramento County, California",2865,2881,3114,16,233,249,0.56,8.09,8.69,Sacramento County
1400000US06067008137,"Census Tract 81.37, Sacramento County, California",2344,2309,2404,-35,95,60,-1.49,4.11,2.56,Sacramento County
1400000US06067008138,"Census Tract 81.38, Sacramento County, California",5121,5053,5062,-68,9,-59,-1.33,0.18,-1.15,Sacramento County
1400000US06067008139,"Census Tract 81.39, Sacramento County, California",3538,3498,3424,-40,-74,-114,-1.13,-2.12,-3.22,Sacramento County
1400000US06067008140,"Census Tract 81.40, Sacramento County, California",2563,2545,2295,-18,-250,-268,-0.7,-9.82,-10.46,Sacramento County
1400000US06067008141,"Census Tract 81.41, Sacramento County, California",7029,7126,7127,97,1,98,1.38,0.01,1.39,Sacramento County
1400000US06067008142,"Census Tract 81.42, Sacramento County, California",3496,3407,3567,-89,160,71,-2.55,4.7,2.03,Sacramento County
1400000US06067008143,"Census Tract 81.43, Sacramento County, California",3912,3900,3888,-12,-12,-24,-0.31,-0.31,-0.61,Sacramento County
1400000US06067008144,"Census Tract 81.44, Sacramento County, California",3132,3212,3318,80,106,186,2.55,3.3,5.94,Sacramento County
1400000US06067008145,"Census Tract 81.45, Sacramento County, California",7453,7471,7771,18,300,318,0.24,4.02,4.27,Sacramento County
1400000US06067008203,"Census Tract 82.03, Sacramento County, California",4946,5133,5075,187,-58,129,3.78,-1.13,2.61,Sacramento County
1400000US06067008204,"Census Tract 82.04, Sacramento County, California",4499,4652,4969,153,317,470,3.4,6.81,10.45,Sacramento County
1400000US06067008206,"Census Tract 82.06, Sacramento County, California",6469,6477,6197,8,-280,-272,0.12,-4.32,-4.2,Sacramento County
1400000US06067008207,"Census Tract 82.07, Sacramento County, California",4386,4416,4334,30,-82,-52,0.68,-1.86,-1.19,Sacramento County
1400000US06067008208,"Census Tract 82.08, Sacramento County, California",4376,4345,4213,-31,-132,-163,-0.71,-3.04,-3.72,Sacramento County
1400000US06067008209,"Census Tract 82.09, Sacramento County, California",4600,4519,4617,-81,98,17,-1.76,2.17,0.37,Sacramento County
1400000US06067008210,"Census Tract 82.10, Sacramento County, California",5924,5742,5773,-182,31,-151,-3.07,0.54,-2.55,Sacramento County
1400000US06067008211,"Census Tract 82.11, Sacramento County, California",2689,2757,2661,68,-96,-28,2.53,-3.48,-1.04,Sacramento County
1400000US06067008402,"Census Tract 84.02, Sacramento County, California",5801,5850,5876,49,26,75,0.84,0.44,1.29,Sacramento County
1400000US06067008403,"Census Tract 84.03, Sacramento County, California",5686,5569,5686,-117,117,0,-2.06,2.1,0,Sacramento County
1400000US06067008404,"Census Tract 84.04, Sacramento County, California",4584,4222,4427,-362,205,-157,-7.9,4.86,-3.42,Sacramento County
1400000US06067008501,"Census Tract 85.01, Sacramento County, California",7128,7257,7733,129,476,605,1.81,6.56,8.49,Sacramento County
1400000US06067008504,"Census Tract 85.04, Sacramento County, California",5047,5039,5304,-8,265,257,-0.16,5.26,5.09,Sacramento County
1400000US06067008505,"Census Tract 85.05, Sacramento County, California",2074,1990,1939,-84,-51,-135,-4.05,-2.56,-6.51,Sacramento County
1400000US06067008506,"Census Tract 85.06, Sacramento County, California",2871,2766,2920,-105,154,49,-3.66,5.57,1.71,Sacramento County
1400000US06067008507,"Census Tract 85.07, Sacramento County, California",4118,3793,3865,-325,72,-253,-7.89,1.9,-6.14,Sacramento County
1400000US06067008508,"Census Tract 85.08, Sacramento County, California",8555,8849,9356,294,507,801,3.44,5.73,9.36,Sacramento County
1400000US06067008509,"Census Tract 85.09, Sacramento County, California",4842,4743,4748,-99,5,-94,-2.04,0.11,-1.94,Sacramento County
1400000US06067008510,"Census Tract 85.10, Sacramento County, California",4810,4875,5036,65,161,226,1.35,3.3,4.7,Sacramento County
1400000US06067008512,"Census Tract 85.12, Sacramento County, California",4764,4775,4938,11,163,174,0.23,3.41,3.65,Sacramento County
1400000US06067008513,"Census Tract 85.13, Sacramento County, California",3946,3826,4381,-120,555,435,-3.04,14.51,11.02,Sacramento County
1400000US06067008601,"Census Tract 86.01, Sacramento County, California",5403,5581,5452,178,-129,49,3.29,-2.31,0.91,Sacramento County
1400000US06067008602,"Census Tract 86.02, Sacramento County, California",1563,1741,1683,178,-58,120,11.39,-3.33,7.68,Sacramento County
1400000US06067008702,"Census Tract 87.02, Sacramento County, California",3187,3412,3147,225,-265,-40,7.06,-7.77,-1.26,Sacramento County
1400000US06067008703,"Census Tract 87.03, Sacramento County, California",4902,4654,4970,-248,316,68,-5.06,6.79,1.39,Sacramento County
1400000US06067008704,"Census Tract 87.04, Sacramento County, California",3162,3405,3311,243,-94,149,7.69,-2.76,4.71,Sacramento County
1400000US06067008706,"Census Tract 87.06, Sacramento County, California",817,1223,1699,406,476,882,49.69,38.92,107.96,Sacramento County
1400000US06067008707,"Census Tract 87.07, Sacramento County, California",5894,6277,6699,383,422,805,6.5,6.72,13.66,Sacramento County
1400000US06067008708,"Census Tract 87.08, Sacramento County, California",2611,2916,2967,305,51,356,11.68,1.75,13.63,Sacramento County
1400000US06067008802,"Census Tract 88.02, Sacramento County, California",2958,2976,2938,18,-38,-20,0.61,-1.28,-0.68,Sacramento County
1400000US06067008803,"Census Tract 88.03, Sacramento County, California",1376,1830,2016,454,186,640,32.99,10.16,46.51,Sacramento County
1400000US06067008905,"Census Tract 89.05, Sacramento County, California",4802,5087,5009,285,-78,207,5.94,-1.53,4.31,Sacramento County
1400000US06067008907,"Census Tract 89.07, Sacramento County, California",6097,6258,6245,161,-13,148,2.64,-0.21,2.43,Sacramento County
1400000US06067008908,"Census Tract 89.08, Sacramento County, California",4695,5067,4796,372,-271,101,7.92,-5.35,2.15,Sacramento County
1400000US06067008909,"Census Tract 89.09, Sacramento County, California",2362,2391,2387,29,-4,25,1.23,-0.17,1.06,Sacramento County
1400000US06067008910,"Census Tract 89.10, Sacramento County, California",3485,3510,3332,25,-178,-153,0.72,-5.07,-4.39,Sacramento County
1400000US06067008911,"Census Tract 89.11, Sacramento County, California",2629,2834,2884,205,50,255,7.8,1.76,9.7,Sacramento County
1400000US06067008912,"Census Tract 89.12, Sacramento County, California",3256,3282,3234,26,-48,-22,0.8,-1.46,-0.68,Sacramento County
1400000US06067008913,"Census Tract 89.13, Sacramento County, California",4228,4430,4426,202,-4,198,4.78,-0.09,4.68,Sacramento County
1400000US06067009004,"Census Tract 90.04, Sacramento County, California",3984,3700,3856,-284,156,-128,-7.13,4.22,-3.21,Sacramento County
1400000US06067009005,"Census Tract 90.05, Sacramento County, California",3370,3383,3413,13,30,43,0.39,0.89,1.28,Sacramento County
1400000US06067009006,"Census Tract 90.06, Sacramento County, California",4995,5305,5058,310,-247,63,6.21,-4.66,1.26,Sacramento County
1400000US06067009007,"Census Tract 90.07, Sacramento County, California",2281,2296,2316,15,20,35,0.66,0.87,1.53,Sacramento County
1400000US06067009008,"Census Tract 90.08, Sacramento County, California",5625,5642,5704,17,62,79,0.3,1.1,1.4,Sacramento County
1400000US06067009010,"Census Tract 90.10, Sacramento County, California",5997,6701,6744,704,43,747,11.74,0.64,12.46,Sacramento County
1400000US06067009011,"Census Tract 90.11, Sacramento County, California",4855,5228,5364,373,136,509,7.68,2.6,10.48,Sacramento County
1400000US06067009103,"Census Tract 91.03, Sacramento County, California",3206,3317,3211,111,-106,5,3.46,-3.2,0.16,Sacramento County
1400000US06067009105,"Census Tract 91.05, Sacramento County, California",2448,2589,2801,141,212,353,5.76,8.19,14.42,Sacramento County
1400000US06067009106,"Census Tract 91.06, Sacramento County, California",4196,4336,4147,140,-189,-49,3.34,-4.36,-1.17,Sacramento County
1400000US06067009107,"Census Tract 91.07, Sacramento County, California",4226,4185,4143,-41,-42,-83,-0.97,-1,-1.96,Sacramento County
1400000US06067009108,"Census Tract 91.08, Sacramento County, California",3902,3971,3857,69,-114,-45,1.77,-2.87,-1.15,Sacramento County
1400000US06067009109,"Census Tract 91.09, Sacramento County, California",4953,5099,4977,146,-122,24,2.95,-2.39,0.48,Sacramento County
1400000US06067009110,"Census Tract 91.10, Sacramento County, California",1953,1992,2070,39,78,117,2,3.92,5.99,Sacramento County
1400000US06067009111,"Census Tract 91.11, Sacramento County, California",5670,5955,5647,285,-308,-23,5.03,-5.17,-0.41,Sacramento County
1400000US06067009112,"Census Tract 91.12, Sacramento County, California",4071,4009,4083,-62,74,12,-1.52,1.85,0.29,Sacramento County
1400000US06067009201,"Census Tract 92.01, Sacramento County, California",5549,6098,6251,549,153,702,9.89,2.51,12.65,Sacramento County
1400000US06067009307,"Census Tract 93.07, Sacramento County, California",5678,5653,5709,-25,56,31,-0.44,0.99,0.55,Sacramento County
1400000US06067009308,"Census Tract 93.08, Sacramento County, California",6973,7002,7047,29,45,74,0.42,0.64,1.06,Sacramento County
1400000US06067009309,"Census Tract 93.09, Sacramento County, California",2297,2300,2412,3,112,115,0.13,4.87,5.01,Sacramento County
1400000US06067009310,"Census Tract 93.10, Sacramento County, California",6526,6831,6629,305,-202,103,4.67,-2.96,1.58,Sacramento County
1400000US06067009311,"Census Tract 93.11, Sacramento County, California",6316,6716,6937,400,221,621,6.33,3.29,9.83,Sacramento County
1400000US06067009312,"Census Tract 93.12, Sacramento County, California",6774,7171,7317,397,146,543,5.86,2.04,8.02,Sacramento County
1400000US06067009314,"Census Tract 93.14, Sacramento County, California",6239,6904,6227,665,-677,-12,10.66,-9.81,-0.19,Sacramento County
1400000US06067009316,"Census Tract 93.16, Sacramento County, California",4805,5050,5087,245,37,282,5.1,0.73,5.87,Sacramento County
1400000US06067009317,"Census Tract 93.17, Sacramento County, California",5874,6167,6372,293,205,498,4.99,3.32,8.48,Sacramento County
1400000US06067009318,"Census Tract 93.18, Sacramento County, California",2086,1995,1984,-91,-11,-102,-4.36,-0.55,-4.89,Sacramento County
1400000US06067009319,"Census Tract 93.19, Sacramento County, California",4327,4324,4706,-3,382,379,-0.07,8.83,8.76,Sacramento County
1400000US06067009320,"Census Tract 93.20, Sacramento County, California",4521,4614,4266,93,-348,-255,2.06,-7.54,-5.64,Sacramento County
1400000US06067009321,"Census Tract 93.21, Sacramento County, California",5556,5998,5672,442,-326,116,7.96,-5.44,2.09,Sacramento County
1400000US06067009323,"Census Tract 93.23, Sacramento County, California",5799,5940,5747,141,-193,-52,2.43,-3.25,-0.9,Sacramento County
1400000US06067009326,"Census Tract 93.26, Sacramento County, California",4607,4496,4401,-111,-95,-206,-2.41,-2.11,-4.47,Sacramento County
1400000US06067009328,"Census Tract 93.28, Sacramento County, California",5466,5650,6033,184,383,567,3.37,6.78,10.37,Sacramento County
1400000US06067009329,"Census Tract 93.29, Sacramento County, California",2419,2413,2388,-6,-25,-31,-0.25,-1.04,-1.28,Sacramento County
1400000US06067009330,"Census Tract 93.30, Sacramento County, California",4658,4923,5261,265,338,603,5.69,6.87,12.95,Sacramento County
1400000US06067009331,"Census Tract 93.31, Sacramento County, California",7463,7660,7722,197,62,259,2.64,0.81,3.47,Sacramento County
1400000US06067009332,"Census Tract 93.32, Sacramento County, California",1556,1605,1648,49,43,92,3.15,2.68,5.91,Sacramento County
1400000US06067009333,"Census Tract 93.33, Sacramento County, California",2704,2736,2512,32,-224,-192,1.18,-8.19,-7.1,Sacramento County
1400000US06067009334,"Census Tract 93.34, Sacramento County, California",6087,5934,5634,-153,-300,-453,-2.51,-5.06,-7.44,Sacramento County
1400000US06067009335,"Census Tract 93.35, Sacramento County, California",6265,6229,6675,-36,446,410,-0.57,7.16,6.54,Sacramento County
1400000US06067009336,"Census Tract 93.36, Sacramento County, California",4237,4166,4238,-71,72,1,-1.68,1.73,0.02,Sacramento County
1400000US06067009403,"Census Tract 94.03, Sacramento County, California",1921,2044,2122,123,78,201,6.4,3.82,10.46,Sacramento County
1400000US06067009404,"Census Tract 94.04, Sacramento County, California",5811,6414,6799,603,385,988,10.38,6,17,Sacramento County
1400000US06067009406,"Census Tract 94.06, Sacramento County, California",2318,2381,2483,63,102,165,2.72,4.28,7.12,Sacramento County
1400000US06067009408,"Census Tract 94.08, Sacramento County, California",1932,1771,1776,-161,5,-156,-8.33,0.28,-8.07,Sacramento County
1400000US06067009409,"Census Tract 94.09, Sacramento County, California",4046,4217,4170,171,-47,124,4.23,-1.11,3.06,Sacramento County
1400000US06067009410,"Census Tract 94.10, Sacramento County, California",6803,6487,6385,-316,-102,-418,-4.65,-1.57,-6.14,Sacramento County
1400000US06067009501,"Census Tract 95.01, Sacramento County, California",2740,2690,2614,-50,-76,-126,-1.82,-2.83,-4.6,Sacramento County
1400000US06067009502,"Census Tract 95.02, Sacramento County, California",7930,7973,8052,43,79,122,0.54,0.99,1.54,Sacramento County
1400000US06067009503,"Census Tract 95.03, Sacramento County, California",2946,2748,2642,-198,-106,-304,-6.72,-3.86,-10.32,Sacramento County
1400000US06067009504,"Census Tract 95.04, Sacramento County, California",2887,3061,3204,174,143,317,6.03,4.67,10.98,Sacramento County
1400000US06067009601,"Census Tract 96.01, Sacramento County, California",6444,6555,6899,111,344,455,1.72,5.25,7.06,Sacramento County
1400000US06067009608,"Census Tract 96.08, Sacramento County, California",9829,9928,10353,99,425,524,1.01,4.28,5.33,Sacramento County
1400000US06067009609,"Census Tract 96.09, Sacramento County, California",5873,6080,5807,207,-273,-66,3.52,-4.49,-1.12,Sacramento County
1400000US06067009610,"Census Tract 96.10, Sacramento County, California",7266,7101,7064,-165,-37,-202,-2.27,-0.52,-2.78,Sacramento County
1400000US06067009611,"Census Tract 96.11, Sacramento County, California",3881,3969,3975,88,6,94,2.27,0.15,2.42,Sacramento County
1400000US06067009612,"Census Tract 96.12, Sacramento County, California",5189,5227,5253,38,26,64,0.73,0.5,1.23,Sacramento County
1400000US06067009614,"Census Tract 96.14, Sacramento County, California",6474,6436,6363,-38,-73,-111,-0.59,-1.13,-1.71,Sacramento County
1400000US06067009616,"Census Tract 96.16, Sacramento County, California",6532,6433,6724,-99,291,192,-1.52,4.52,2.94,Sacramento County
1400000US06067009617,"Census Tract 96.17, Sacramento County, California",4007,3959,4026,-48,67,19,-1.2,1.69,0.47,Sacramento County
1400000US06067009618,"Census Tract 96.18, Sacramento County, California",5053,4968,4977,-85,9,-76,-1.68,0.18,-1.5,Sacramento County
1400000US06067009622,"Census Tract 96.22, Sacramento County, California",8274,8265,7986,-9,-279,-288,-0.11,-3.38,-3.48,Sacramento County
1400000US06067009632,"Census Tract 96.32, Sacramento County, California",7411,6926,6932,-485,6,-479,-6.54,0.09,-6.46,Sacramento County
1400000US06067009633,"Census Tract 96.33, Sacramento County, California",3678,3808,3961,130,153,283,3.53,4.02,7.69,Sacramento County
1400000US06067009634,"Census Tract 96.34, Sacramento County, California",4694,5025,5120,331,95,426,7.05,1.89,9.08,Sacramento County
1400000US06067009635,"Census Tract 96.35, Sacramento County, California",5954,5993,5841,39,-152,-113,0.66,-2.54,-1.9,Sacramento County
1400000US06067009637,"Census Tract 96.37, Sacramento County, California",6807,6630,6542,-177,-88,-265,-2.6,-1.33,-3.89,Sacramento County
1400000US06067009639,"Census Tract 96.39, Sacramento County, California",3604,3475,3495,-129,20,-109,-3.58,0.58,-3.02,Sacramento County
1400000US06067009640,"Census Tract 96.40, Sacramento County, California",4814,5157,4897,343,-260,83,7.13,-5.04,1.72,Sacramento County
1400000US06067009641,"Census Tract 96.41, Sacramento County, California",3611,3636,3947,25,311,336,0.69,8.55,9.3,Sacramento County
1400000US06067009642,"Census Tract 96.42, Sacramento County, California",1528,1562,1553,34,-9,25,2.23,-0.58,1.64,Sacramento County
1400000US06067009643,"Census Tract 96.43, Sacramento County, California",6784,6720,6526,-64,-194,-258,-0.94,-2.89,-3.8,Sacramento County
1400000US06067009644,"Census Tract 96.44, Sacramento County, California",3284,3312,3372,28,60,88,0.85,1.81,2.68,Sacramento County
1400000US06067009645,"Census Tract 96.45, Sacramento County, California",4502,4339,4371,-163,32,-131,-3.62,0.74,-2.91,Sacramento County
1400000US06067009646,"Census Tract 96.46, Sacramento County, California",4048,4056,3856,8,-200,-192,0.2,-4.93,-4.74,Sacramento County
1400000US06067009647,"Census Tract 96.47, Sacramento County, California",5907,6035,6411,128,376,504,2.17,6.23,8.53,Sacramento County
1400000US06067009648,"Census Tract 96.48, Sacramento County, California",3662,3822,3951,160,129,289,4.37,3.38,7.89,Sacramento County
1400000US06067009649,"Census Tract 96.49, Sacramento County, California",4714,4984,5093,270,109,379,5.73,2.19,8.04,Sacramento County
1400000US06067009650,"Census Tract 96.50, Sacramento County, California",2890,2735,2912,-155,177,22,-5.36,6.47,0.76,Sacramento County
1400000US06067009651,"Census Tract 96.51, Sacramento County, California",5478,5516,5439,38,-77,-39,0.69,-1.4,-0.71,Sacramento County
1400000US06067009652,"Census Tract 96.52, Sacramento County, California",1244,2036,3102,792,1066,1858,63.67,52.36,149.36,Sacramento County
1400000US06067009653,"Census Tract 96.53, Sacramento County, California",3541,3364,3071,-177,-293,-470,-5,-8.71,-13.27,Sacramento County
1400000US06067009800,"Census Tract 98, Sacramento County, California",1476,1477,1513,1,36,37,0.07,2.44,2.51,Sacramento County
1400000US06067009900,"Census Tract 99, Sacramento County, California",3597,3747,3502,150,-245,-95,4.17,-6.54,-2.64,Sacramento County
1400000US06067988300,"Census Tract 9883, Sacramento County, California",4834,5386,4478,552,-908,-356,11.42,-16.86,-7.36,Sacramento County
1400000US06069000100,"Census Tract 1, San Benito County, California",4923,5421,5504,498,83,581,10.12,1.53,11.8,San Benito County
1400000US06069000200,"Census Tract 2, San Benito County, California",6928,6903,6584,-25,-319,-344,-0.36,-4.62,-4.97,San Benito County
1400000US06069000300,"Census Tract 3, San Benito County, California",4787,4857,5656,70,799,869,1.46,16.45,18.15,San Benito County
1400000US06069000400,"Census Tract 4, San Benito County, California",7059,7076,6960,17,-116,-99,0.24,-1.64,-1.4,San Benito County
1400000US06069000501,"Census Tract 5.01, San Benito County, California",4945,4888,5163,-57,275,218,-1.15,5.63,4.41,San Benito County
1400000US06069000502,"Census Tract 5.02, San Benito County, California",7380,7570,7535,190,-35,155,2.57,-0.46,2.1,San Benito County
1400000US06069000601,"Census Tract 6.01, San Benito County, California",5147,5289,5087,142,-202,-60,2.76,-3.82,-1.17,San Benito County
1400000US06069000602,"Census Tract 6.02, San Benito County, California",3849,4045,4079,196,34,230,5.09,0.84,5.98,San Benito County
1400000US06069000701,"Census Tract 7.01, San Benito County, California",4790,4648,4719,-142,71,-71,-2.96,1.53,-1.48,San Benito County
1400000US06069000702,"Census Tract 7.02, San Benito County, California",5567,5860,6199,293,339,632,5.26,5.78,11.35,San Benito County
1400000US06069000801,"Census Tract 8.01, San Benito County, California",2637,2901,3048,264,147,411,10.01,5.07,15.59,San Benito County
1400000US06069000802,"Census Tract 8.02, San Benito County, California",3535,3871,4219,336,348,684,9.5,8.99,19.35,San Benito County
1400000US06071000103,"Census Tract 1.03, San Bernardino County, California",4558,4370,4149,-188,-221,-409,-4.12,-5.06,-8.97,San Bernardino County
1400000US06071000104,"Census Tract 1.04, San Bernardino County, California",7557,6952,6753,-605,-199,-804,-8.01,-2.86,-10.64,San Bernardino County
1400000US06071000105,"Census Tract 1.05, San Bernardino County, California",5837,5431,5375,-406,-56,-462,-6.96,-1.03,-7.92,San Bernardino County
1400000US06071000107,"Census Tract 1.07, San Bernardino County, California",2786,2759,2835,-27,76,49,-0.97,2.75,1.76,San Bernardino County
1400000US06071000108,"Census Tract 1.08, San Bernardino County, California",6935,6346,6482,-589,136,-453,-8.49,2.14,-6.53,San Bernardino County
1400000US06071000109,"Census Tract 1.09, San Bernardino County, California",7597,7025,7094,-572,69,-503,-7.53,0.98,-6.62,San Bernardino County
1400000US06071000111,"Census Tract 1.11, San Bernardino County, California",2748,2650,2822,-98,172,74,-3.57,6.49,2.69,San Bernardino County
1400000US06071000115,"Census Tract 1.15, San Bernardino County, California",8632,8327,8568,-305,241,-64,-3.53,2.89,-0.74,San Bernardino County
1400000US06071000117,"Census Tract 1.17, San Bernardino County, California",6602,6343,6187,-259,-156,-415,-3.92,-2.46,-6.29,San Bernardino County
1400000US06071000118,"Census Tract 1.18, San Bernardino County, California",4841,4571,4475,-270,-96,-366,-5.58,-2.1,-7.56,San Bernardino County
1400000US06071000119,"Census Tract 1.19, San Bernardino County, California",3400,3766,3878,366,112,478,10.76,2.97,14.06,San Bernardino County
1400000US06071000120,"Census Tract 1.20, San Bernardino County, California",8254,7676,7841,-578,165,-413,-7,2.15,-5,San Bernardino County
1400000US06071000121,"Census Tract 1.21, San Bernardino County, California",9357,8710,8578,-647,-132,-779,-6.91,-1.52,-8.33,San Bernardino County
1400000US06071000122,"Census Tract 1.22, San Bernardino County, California",4464,4075,4148,-389,73,-316,-8.71,1.79,-7.08,San Bernardino County
1400000US06071000201,"Census Tract 2.01, San Bernardino County, California",4756,4708,5177,-48,469,421,-1.01,9.96,8.85,San Bernardino County
1400000US06071000203,"Census Tract 2.03, San Bernardino County, California",4630,4160,4167,-470,7,-463,-10.15,0.17,-10,San Bernardino County
1400000US06071000205,"Census Tract 2.05, San Bernardino County, California",5130,4994,4755,-136,-239,-375,-2.65,-4.79,-7.31,San Bernardino County
1400000US06071000207,"Census Tract 2.07, San Bernardino County, California",5494,5223,5135,-271,-88,-359,-4.93,-1.68,-6.53,San Bernardino County
1400000US06071000208,"Census Tract 2.08, San Bernardino County, California",4021,3736,3718,-285,-18,-303,-7.09,-0.48,-7.54,San Bernardino County
1400000US06071000304,"Census Tract 3.04, San Bernardino County, California",7433,6885,7342,-548,457,-91,-7.37,6.64,-1.22,San Bernardino County
1400000US06071000305,"Census Tract 3.05, San Bernardino County, California",5987,5677,5543,-310,-134,-444,-5.18,-2.36,-7.42,San Bernardino County
1400000US06071000306,"Census Tract 3.06, San Bernardino County, California",3322,3421,3051,99,-370,-271,2.98,-10.82,-8.16,San Bernardino County
1400000US06071000307,"Census Tract 3.07, San Bernardino County, California",2803,2766,2680,-37,-86,-123,-1.32,-3.11,-4.39,San Bernardino County
1400000US06071000308,"Census Tract 3.08, San Bernardino County, California",4244,4152,4009,-92,-143,-235,-2.17,-3.44,-5.54,San Bernardino County
1400000US06071000401,"Census Tract 4.01, San Bernardino County, California",6712,6527,6762,-185,235,50,-2.76,3.6,0.74,San Bernardino County
1400000US06071000403,"Census Tract 4.03, San Bernardino County, California",4042,4083,4407,41,324,365,1.01,7.94,9.03,San Bernardino County
1400000US06071000404,"Census Tract 4.04, San Bernardino County, California",4204,4622,5009,418,387,805,9.94,8.37,19.15,San Bernardino County
1400000US06071000501,"Census Tract 5.01, San Bernardino County, California",6192,6658,7080,466,422,888,7.53,6.34,14.34,San Bernardino County
1400000US06071000503,"Census Tract 5.03, San Bernardino County, California",4449,4450,4609,1,159,160,0.02,3.57,3.6,San Bernardino County
1400000US06071000504,"Census Tract 5.04, San Bernardino County, California",4812,4886,5134,74,248,322,1.54,5.08,6.69,San Bernardino County
1400000US06071000603,"Census Tract 6.03, San Bernardino County, California",4464,4764,5191,300,427,727,6.72,8.96,16.29,San Bernardino County
1400000US06071000604,"Census Tract 6.04, San Bernardino County, California",5861,6033,6042,172,9,181,2.93,0.15,3.09,San Bernardino County
1400000US06071000605,"Census Tract 6.05, San Bernardino County, California",5117,4899,5182,-218,283,65,-4.26,5.78,1.27,San Bernardino County
1400000US06071000606,"Census Tract 6.06, San Bernardino County, California",3736,3960,4026,224,66,290,6,1.67,7.76,San Bernardino County
1400000US06071000804,"Census Tract 8.04, San Bernardino County, California",3113,3111,3294,-2,183,181,-0.06,5.88,5.81,San Bernardino County
1400000US06071000808,"Census Tract 8.08, San Bernardino County, California",6046,5829,5874,-217,45,-172,-3.59,0.77,-2.84,San Bernardino County
1400000US06071000812,"Census Tract 8.12, San Bernardino County, California",3856,3739,3816,-117,77,-40,-3.03,2.06,-1.04,San Bernardino County
1400000US06071000813,"Census Tract 8.13, San Bernardino County, California",3076,2923,2966,-153,43,-110,-4.97,1.47,-3.58,San Bernardino County
1400000US06071000814,"Census Tract 8.14, San Bernardino County, California",3577,3649,3730,72,81,153,2.01,2.22,4.28,San Bernardino County
1400000US06071000815,"Census Tract 8.15, San Bernardino County, California",3420,3423,3323,3,-100,-97,0.09,-2.92,-2.84,San Bernardino County
1400000US06071000816,"Census Tract 8.16, San Bernardino County, California",4754,4949,4634,195,-315,-120,4.1,-6.36,-2.52,San Bernardino County
1400000US06071000817,"Census Tract 8.17, San Bernardino County, California",3922,3832,3862,-90,30,-60,-2.29,0.78,-1.53,San Bernardino County
1400000US06071000818,"Census Tract 8.18, San Bernardino County, California",5663,5873,5985,210,112,322,3.71,1.91,5.69,San Bernardino County
1400000US06071000819,"Census Tract 8.19, San Bernardino County, California",5545,5523,5654,-22,131,109,-0.4,2.37,1.97,San Bernardino County
1400000US06071000820,"Census Tract 8.20, San Bernardino County, California",3408,3584,3688,176,104,280,5.16,2.9,8.22,San Bernardino County
1400000US06071000821,"Census Tract 8.21, San Bernardino County, California",4264,4781,5023,517,242,759,12.12,5.06,17.8,San Bernardino County
1400000US06071000823,"Census Tract 8.23, San Bernardino County, California",6522,6775,6637,253,-138,115,3.88,-2.04,1.76,San Bernardino County
1400000US06071000824,"Census Tract 8.24, San Bernardino County, California",5460,5864,5774,404,-90,314,7.4,-1.53,5.75,San Bernardino County
1400000US06071000825,"Census Tract 8.25, San Bernardino County, California",3978,3970,3874,-8,-96,-104,-0.2,-2.42,-2.61,San Bernardino County
1400000US06071000826,"Census Tract 8.26, San Bernardino County, California",4215,4210,4347,-5,137,132,-0.12,3.25,3.13,San Bernardino County
1400000US06071000901,"Census Tract 9.01, San Bernardino County, California",5451,5515,5420,64,-95,-31,1.17,-1.72,-0.57,San Bernardino County
1400000US06071000903,"Census Tract 9.03, San Bernardino County, California",4062,4091,4135,29,44,73,0.71,1.08,1.8,San Bernardino County
1400000US06071000904,"Census Tract 9.04, San Bernardino County, California",3985,3833,3921,-152,88,-64,-3.81,2.3,-1.61,San Bernardino County
1400000US06071001001,"Census Tract 10.01, San Bernardino County, California",5618,5687,5583,69,-104,-35,1.23,-1.83,-0.62,San Bernardino County
1400000US06071001002,"Census Tract 10.02, San Bernardino County, California",5932,5713,5652,-219,-61,-280,-3.69,-1.07,-4.72,San Bernardino County
1400000US06071001101,"Census Tract 11.01, San Bernardino County, California",3899,3843,3699,-56,-144,-200,-1.44,-3.75,-5.13,San Bernardino County
1400000US06071001103,"Census Tract 11.03, San Bernardino County, California",4431,4126,3941,-305,-185,-490,-6.88,-4.48,-11.06,San Bernardino County
1400000US06071001104,"Census Tract 11.04, San Bernardino County, California",6101,5915,5901,-186,-14,-200,-3.05,-0.24,-3.28,San Bernardino County
1400000US06071001200,"Census Tract 12, San Bernardino County, California",4724,4713,4400,-11,-313,-324,-0.23,-6.64,-6.86,San Bernardino County
1400000US06071001305,"Census Tract 13.05, San Bernardino County, California",6188,6019,6024,-169,5,-164,-2.73,0.08,-2.65,San Bernardino County
1400000US06071001307,"Census Tract 13.07, San Bernardino County, California",3874,3757,3675,-117,-82,-199,-3.02,-2.18,-5.14,San Bernardino County
1400000US06071001308,"Census Tract 13.08, San Bernardino County, California",5021,4900,4630,-121,-270,-391,-2.41,-5.51,-7.79,San Bernardino County
1400000US06071001309,"Census Tract 13.09, San Bernardino County, California",5180,5237,5490,57,253,310,1.1,4.83,5.98,San Bernardino County
1400000US06071001310,"Census Tract 13.10, San Bernardino County, California",5413,5415,4718,2,-697,-695,0.04,-12.87,-12.84,San Bernardino County
1400000US06071001311,"Census Tract 13.11, San Bernardino County, California",3696,3763,3892,67,129,196,1.81,3.43,5.3,San Bernardino County
1400000US06071001312,"Census Tract 13.12, San Bernardino County, California",5384,5550,5788,166,238,404,3.08,4.29,7.5,San Bernardino County
1400000US06071001400,"Census Tract 14, San Bernardino County, California",3182,3162,3215,-20,53,33,-0.63,1.68,1.04,San Bernardino County
1400000US06071001501,"Census Tract 15.01, San Bernardino County, California",3861,3536,3643,-325,107,-218,-8.42,3.03,-5.65,San Bernardino County
1400000US06071001503,"Census Tract 15.03, San Bernardino County, California",4432,4432,4216,0,-216,-216,0,-4.87,-4.87,San Bernardino County
1400000US06071001504,"Census Tract 15.04, San Bernardino County, California",6256,6009,5569,-247,-440,-687,-3.95,-7.32,-10.98,San Bernardino County
1400000US06071001600,"Census Tract 16, San Bernardino County, California",5435,5648,5552,213,-96,117,3.92,-1.7,2.15,San Bernardino County
1400000US06071001702,"Census Tract 17.02, San Bernardino County, California",6018,5836,6295,-182,459,277,-3.02,7.86,4.6,San Bernardino County
1400000US06071001703,"Census Tract 17.03, San Bernardino County, California",4727,4885,5013,158,128,286,3.34,2.62,6.05,San Bernardino County
1400000US06071001704,"Census Tract 17.04, San Bernardino County, California",4870,4565,4515,-305,-50,-355,-6.26,-1.1,-7.29,San Bernardino County
1400000US06071001706,"Census Tract 17.06, San Bernardino County, California",6602,6301,6152,-301,-149,-450,-4.56,-2.36,-6.82,San Bernardino County
1400000US06071001707,"Census Tract 17.07, San Bernardino County, California",6282,5382,5300,-900,-82,-982,-14.33,-1.52,-15.63,San Bernardino County
1400000US06071001803,"Census Tract 18.03, San Bernardino County, California",3444,3490,3474,46,-16,30,1.34,-0.46,0.87,San Bernardino County
1400000US06071001804,"Census Tract 18.04, San Bernardino County, California",5873,5823,5916,-50,93,43,-0.85,1.6,0.73,San Bernardino County
1400000US06071001806,"Census Tract 18.06, San Bernardino County, California",4836,4715,4575,-121,-140,-261,-2.5,-2.97,-5.4,San Bernardino County
1400000US06071001808,"Census Tract 18.08, San Bernardino County, California",4363,4035,4593,-328,558,230,-7.52,13.83,5.27,San Bernardino County
1400000US06071001809,"Census Tract 18.09, San Bernardino County, California",4470,4286,4215,-184,-71,-255,-4.12,-1.66,-5.7,San Bernardino County
1400000US06071001810,"Census Tract 18.10, San Bernardino County, California",5390,5219,5010,-171,-209,-380,-3.17,-4,-7.05,San Bernardino County
1400000US06071001812,"Census Tract 18.12, San Bernardino County, California",3087,3107,3679,20,572,592,0.65,18.41,19.18,San Bernardino County
1400000US06071001813,"Census Tract 18.13, San Bernardino County, California",5435,5096,4953,-339,-143,-482,-6.24,-2.81,-8.87,San Bernardino County
1400000US06071001901,"Census Tract 19.01, San Bernardino County, California",4564,4888,5226,324,338,662,7.1,6.91,14.5,San Bernardino County
1400000US06071001906,"Census Tract 19.06, San Bernardino County, California",9872,10578,11311,706,733,1439,7.15,6.93,14.58,San Bernardino County
1400000US06071001907,"Census Tract 19.07, San Bernardino County, California",10423,11563,12884,1140,1321,2461,10.94,11.42,23.61,San Bernardino County
1400000US06071001908,"Census Tract 19.08, San Bernardino County, California",2558,2874,4005,316,1131,1447,12.35,39.35,56.57,San Bernardino County
1400000US06071001909,"Census Tract 19.09, San Bernardino County, California",2391,2440,2811,49,371,420,2.05,15.2,17.57,San Bernardino County
1400000US06071001910,"Census Tract 19.10, San Bernardino County, California",1867,1933,2020,66,87,153,3.54,4.5,8.19,San Bernardino County
1400000US06071001911,"Census Tract 19.11, San Bernardino County, California",5675,5709,5797,34,88,122,0.6,1.54,2.15,San Bernardino County
1400000US06071002011,"Census Tract 20.11, San Bernardino County, California",4662,4378,4527,-284,149,-135,-6.09,3.4,-2.9,San Bernardino County
1400000US06071002013,"Census Tract 20.13, San Bernardino County, California",4172,3878,3698,-294,-180,-474,-7.05,-4.64,-11.36,San Bernardino County
1400000US06071002014,"Census Tract 20.14, San Bernardino County, California",4379,4342,4486,-37,144,107,-0.84,3.32,2.44,San Bernardino County
1400000US06071002015,"Census Tract 20.15, San Bernardino County, California",4199,4259,4382,60,123,183,1.43,2.89,4.36,San Bernardino County
1400000US06071002016,"Census Tract 20.16, San Bernardino County, California",4018,3928,3985,-90,57,-33,-2.24,1.45,-0.82,San Bernardino County
1400000US06071002017,"Census Tract 20.17, San Bernardino County, California",5747,5737,5493,-10,-244,-254,-0.17,-4.25,-4.42,San Bernardino County
1400000US06071002018,"Census Tract 20.18, San Bernardino County, California",4453,4345,4625,-108,280,172,-2.43,6.44,3.86,San Bernardino County
1400000US06071002019,"Census Tract 20.19, San Bernardino County, California",5269,5146,4818,-123,-328,-451,-2.33,-6.37,-8.56,San Bernardino County
1400000US06071002021,"Census Tract 20.21, San Bernardino County, California",4943,4928,4815,-15,-113,-128,-0.3,-2.29,-2.59,San Bernardino County
1400000US06071002023,"Census Tract 20.23, San Bernardino County, California",5494,5315,5247,-179,-68,-247,-3.26,-1.28,-4.5,San Bernardino County
1400000US06071002025,"Census Tract 20.25, San Bernardino County, California",5444,5311,5362,-133,51,-82,-2.44,0.96,-1.51,San Bernardino County
1400000US06071002027,"Census Tract 20.27, San Bernardino County, California",5552,5354,5252,-198,-102,-300,-3.57,-1.91,-5.4,San Bernardino County
1400000US06071002028,"Census Tract 20.28, San Bernardino County, California",6355,6192,6177,-163,-15,-178,-2.56,-0.24,-2.8,San Bernardino County
1400000US06071002029,"Census Tract 20.29, San Bernardino County, California",5870,5867,5588,-3,-279,-282,-0.05,-4.76,-4.8,San Bernardino County
1400000US06071002031,"Census Tract 20.31, San Bernardino County, California",6625,6702,6905,77,203,280,1.16,3.03,4.23,San Bernardino County
1400000US06071002035,"Census Tract 20.35, San Bernardino County, California",7635,7530,7770,-105,240,135,-1.38,3.19,1.77,San Bernardino County
1400000US06071002037,"Census Tract 20.37, San Bernardino County, California",8158,7707,7473,-451,-234,-685,-5.53,-3.04,-8.4,San Bernardino County
1400000US06071002038,"Census Tract 20.38, San Bernardino County, California",5706,5632,5466,-74,-166,-240,-1.3,-2.95,-4.21,San Bernardino County
1400000US06071002039,"Census Tract 20.39, San Bernardino County, California",5110,5032,5970,-78,938,860,-1.53,18.64,16.83,San Bernardino County
1400000US06071002040,"Census Tract 20.40, San Bernardino County, California",5353,5245,5364,-108,119,11,-2.02,2.27,0.21,San Bernardino County
1400000US06071002041,"Census Tract 20.41, San Bernardino County, California",5595,5425,5702,-170,277,107,-3.04,5.11,1.91,San Bernardino County
1400000US06071002042,"Census Tract 20.42, San Bernardino County, California",2526,2450,2470,-76,20,-56,-3.01,0.82,-2.22,San Bernardino County
1400000US06071002043,"Census Tract 20.43, San Bernardino County, California",6351,6270,6234,-81,-36,-117,-1.28,-0.57,-1.84,San Bernardino County
1400000US06071002044,"Census Tract 20.44, San Bernardino County, California",4543,4420,4318,-123,-102,-225,-2.71,-2.31,-4.95,San Bernardino County
1400000US06071002045,"Census Tract 20.45, San Bernardino County, California",2446,2392,2393,-54,1,-53,-2.21,0.04,-2.17,San Bernardino County
1400000US06071002046,"Census Tract 20.46, San Bernardino County, California",7117,7286,7141,169,-145,24,2.37,-1.99,0.34,San Bernardino County
1400000US06071002047,"Census Tract 20.47, San Bernardino County, California",3686,3495,3401,-191,-94,-285,-5.18,-2.69,-7.73,San Bernardino County
1400000US06071002048,"Census Tract 20.48, San Bernardino County, California",3688,3368,3547,-320,179,-141,-8.68,5.31,-3.82,San Bernardino County
1400000US06071002049,"Census Tract 20.49, San Bernardino County, California",3149,2976,3084,-173,108,-65,-5.49,3.63,-2.06,San Bernardino County
1400000US06071002050,"Census Tract 20.50, San Bernardino County, California",6568,5716,5931,-852,215,-637,-12.97,3.76,-9.7,San Bernardino County
1400000US06071002051,"Census Tract 20.51, San Bernardino County, California",4372,4562,4435,190,-127,63,4.35,-2.78,1.44,San Bernardino County
1400000US06071002101,"Census Tract 21.01, San Bernardino County, California",4973,4813,4770,-160,-43,-203,-3.22,-0.89,-4.08,San Bernardino County
1400000US06071002103,"Census Tract 21.03, San Bernardino County, California",5629,5290,5053,-339,-237,-576,-6.02,-4.48,-10.23,San Bernardino County
1400000US06071002105,"Census Tract 21.05, San Bernardino County, California",6527,6332,6277,-195,-55,-250,-2.99,-0.87,-3.83,San Bernardino County
1400000US06071002107,"Census Tract 21.07, San Bernardino County, California",5174,4985,5311,-189,326,137,-3.65,6.54,2.65,San Bernardino County
1400000US06071002109,"Census Tract 21.09, San Bernardino County, California",6700,6776,6856,76,80,156,1.13,1.18,2.33,San Bernardino County
1400000US06071002111,"Census Tract 21.11, San Bernardino County, California",3758,3664,3796,-94,132,38,-2.5,3.6,1.01,San Bernardino County
1400000US06071002112,"Census Tract 21.12, San Bernardino County, California",3754,3696,4147,-58,451,393,-1.55,12.2,10.47,San Bernardino County
1400000US06071002204,"Census Tract 22.04, San Bernardino County, California",6372,6106,5942,-266,-164,-430,-4.17,-2.69,-6.75,San Bernardino County
1400000US06071002206,"Census Tract 22.06, San Bernardino County, California",7490,7224,7313,-266,89,-177,-3.55,1.23,-2.36,San Bernardino County
1400000US06071002207,"Census Tract 22.07, San Bernardino County, California",5835,6092,5848,257,-244,13,4.4,-4.01,0.22,San Bernardino County
1400000US06071002306,"Census Tract 23.06, San Bernardino County, California",3997,3953,3789,-44,-164,-208,-1.1,-4.15,-5.2,San Bernardino County
1400000US06071002307,"Census Tract 23.07, San Bernardino County, California",5619,5697,5639,78,-58,20,1.39,-1.02,0.36,San Bernardino County
1400000US06071002308,"Census Tract 23.08, San Bernardino County, California",8227,8880,9245,653,365,1018,7.94,4.11,12.37,San Bernardino County
1400000US06071002309,"Census Tract 23.09, San Bernardino County, California",3426,3451,3371,25,-80,-55,0.73,-2.32,-1.61,San Bernardino County
1400000US06071002310,"Census Tract 23.10, San Bernardino County, California",5508,5043,5316,-465,273,-192,-8.44,5.41,-3.49,San Bernardino County
1400000US06071002311,"Census Tract 23.11, San Bernardino County, California",6633,5497,5965,-1136,468,-668,-17.13,8.51,-10.07,San Bernardino County
1400000US06071002312,"Census Tract 23.12, San Bernardino County, California",5199,5532,5646,333,114,447,6.41,2.06,8.6,San Bernardino County
1400000US06071002313,"Census Tract 23.13, San Bernardino County, California",6540,6683,6550,143,-133,10,2.19,-1.99,0.15,San Bernardino County
1400000US06071002314,"Census Tract 23.14, San Bernardino County, California",6021,5649,5634,-372,-15,-387,-6.18,-0.27,-6.43,San Bernardino County
1400000US06071002315,"Census Tract 23.15, San Bernardino County, California",3359,3644,3509,285,-135,150,8.48,-3.7,4.47,San Bernardino County
1400000US06071002403,"Census Tract 24.03, San Bernardino County, California",5373,5257,4913,-116,-344,-460,-2.16,-6.54,-8.56,San Bernardino County
1400000US06071002404,"Census Tract 24.04, San Bernardino County, California",3738,3677,3791,-61,114,53,-1.63,3.1,1.42,San Bernardino County
1400000US06071002405,"Census Tract 24.05, San Bernardino County, California",5552,5498,5394,-54,-104,-158,-0.97,-1.89,-2.85,San Bernardino County
1400000US06071002406,"Census Tract 24.06, San Bernardino County, California",2544,2708,2546,164,-162,2,6.45,-5.98,0.08,San Bernardino County
1400000US06071002501,"Census Tract 25.01, San Bernardino County, California",6563,6392,5777,-171,-615,-786,-2.61,-9.62,-11.98,San Bernardino County
1400000US06071002503,"Census Tract 25.03, San Bernardino County, California",4527,4387,4413,-140,26,-114,-3.09,0.59,-2.52,San Bernardino County
1400000US06071002504,"Census Tract 25.04, San Bernardino County, California",4441,4422,4162,-19,-260,-279,-0.43,-5.88,-6.28,San Bernardino County
1400000US06071002602,"Census Tract 26.02, San Bernardino County, California",6928,7168,7010,240,-158,82,3.46,-2.2,1.18,San Bernardino County
1400000US06071002604,"Census Tract 26.04, San Bernardino County, California",6006,5861,6297,-145,436,291,-2.41,7.44,4.85,San Bernardino County
1400000US06071002606,"Census Tract 26.06, San Bernardino County, California",7333,6767,6893,-566,126,-440,-7.72,1.86,-6,San Bernardino County
1400000US06071002608,"Census Tract 26.08, San Bernardino County, California",6531,6480,6372,-51,-108,-159,-0.78,-1.67,-2.43,San Bernardino County
1400000US06071002609,"Census Tract 26.09, San Bernardino County, California",4100,4037,3547,-63,-490,-553,-1.54,-12.14,-13.49,San Bernardino County
1400000US06071002610,"Census Tract 26.10, San Bernardino County, California",4012,3630,3527,-382,-103,-485,-9.52,-2.84,-12.09,San Bernardino County
1400000US06071002611,"Census Tract 26.11, San Bernardino County, California",5320,5125,4904,-195,-221,-416,-3.67,-4.31,-7.82,San Bernardino County
1400000US06071002703,"Census Tract 27.03, San Bernardino County, California",5266,5361,5460,95,99,194,1.8,1.85,3.68,San Bernardino County
1400000US06071002705,"Census Tract 27.05, San Bernardino County, California",5632,6166,6116,534,-50,484,9.48,-0.81,8.59,San Bernardino County
1400000US06071002706,"Census Tract 27.06, San Bernardino County, California",13931,14541,14511,610,-30,580,4.38,-0.21,4.16,San Bernardino County
1400000US06071002707,"Census Tract 27.07, San Bernardino County, California",2823,2901,3164,78,263,341,2.76,9.07,12.08,San Bernardino County
1400000US06071002708,"Census Tract 27.08, San Bernardino County, California",6721,6913,6929,192,16,208,2.86,0.23,3.09,San Bernardino County
1400000US06071002709,"Census Tract 27.09, San Bernardino County, California",3508,3726,4781,218,1055,1273,6.21,28.31,36.29,San Bernardino County
1400000US06071002801,"Census Tract 28.01, San Bernardino County, California",5119,5029,4684,-90,-345,-435,-1.76,-6.86,-8.5,San Bernardino County
1400000US06071002803,"Census Tract 28.03, San Bernardino County, California",4142,4082,4273,-60,191,131,-1.45,4.68,3.16,San Bernardino County
1400000US06071002804,"Census Tract 28.04, San Bernardino County, California",6310,6106,6434,-204,328,124,-3.23,5.37,1.97,San Bernardino County
1400000US06071002901,"Census Tract 29.01, San Bernardino County, California",4574,4674,4772,100,98,198,2.19,2.1,4.33,San Bernardino County
1400000US06071002902,"Census Tract 29.02, San Bernardino County, California",6375,6177,5892,-198,-285,-483,-3.11,-4.61,-7.58,San Bernardino County
1400000US06071003000,"Census Tract 30, San Bernardino County, California",3412,3219,3119,-193,-100,-293,-5.66,-3.11,-8.59,San Bernardino County
1400000US06071003101,"Census Tract 31.01, San Bernardino County, California",5349,4895,4742,-454,-153,-607,-8.49,-3.13,-11.35,San Bernardino County
1400000US06071003102,"Census Tract 31.02, San Bernardino County, California",6351,5916,6021,-435,105,-330,-6.85,1.77,-5.2,San Bernardino County
1400000US06071003201,"Census Tract 32.01, San Bernardino County, California",3422,3228,3474,-194,246,52,-5.67,7.62,1.52,San Bernardino County
1400000US06071003202,"Census Tract 32.02, San Bernardino County, California",4490,4230,4684,-260,454,194,-5.79,10.73,4.32,San Bernardino County
1400000US06071003301,"Census Tract 33.01, San Bernardino County, California",4923,5082,5245,159,163,322,3.23,3.21,6.54,San Bernardino County
1400000US06071003302,"Census Tract 33.02, San Bernardino County, California",7189,6743,7147,-446,404,-42,-6.2,5.99,-0.58,San Bernardino County
1400000US06071003401,"Census Tract 34.01, San Bernardino County, California",7287,7340,6982,53,-358,-305,0.73,-4.88,-4.19,San Bernardino County
1400000US06071003403,"Census Tract 34.03, San Bernardino County, California",4353,4458,4155,105,-303,-198,2.41,-6.8,-4.55,San Bernardino County
1400000US06071003404,"Census Tract 34.04, San Bernardino County, California",5409,5487,5539,78,52,130,1.44,0.95,2.4,San Bernardino County
1400000US06071003405,"Census Tract 34.05, San Bernardino County, California",5631,5553,5757,-78,204,126,-1.39,3.67,2.24,San Bernardino County
1400000US06071003503,"Census Tract 35.03, San Bernardino County, California",5292,5166,4974,-126,-192,-318,-2.38,-3.72,-6.01,San Bernardino County
1400000US06071003505,"Census Tract 35.05, San Bernardino County, California",7827,8036,7861,209,-175,34,2.67,-2.18,0.43,San Bernardino County
1400000US06071003506,"Census Tract 35.06, San Bernardino County, California",5245,5091,5123,-154,32,-122,-2.94,0.63,-2.33,San Bernardino County
1400000US06071003507,"Census Tract 35.07, San Bernardino County, California",4356,4442,4615,86,173,259,1.97,3.89,5.95,San Bernardino County
1400000US06071003509,"Census Tract 35.09, San Bernardino County, California",4785,5084,5101,299,17,316,6.25,0.33,6.6,San Bernardino County
1400000US06071003510,"Census Tract 35.10, San Bernardino County, California",4878,4820,4560,-58,-260,-318,-1.19,-5.39,-6.52,San Bernardino County
1400000US06071003603,"Census Tract 36.03, San Bernardino County, California",4338,4553,4459,215,-94,121,4.96,-2.06,2.79,San Bernardino County
1400000US06071003605,"Census Tract 36.05, San Bernardino County, California",4251,3969,4114,-282,145,-137,-6.63,3.65,-3.22,San Bernardino County
1400000US06071003606,"Census Tract 36.06, San Bernardino County, California",4265,4812,5313,547,501,1048,12.83,10.41,24.57,San Bernardino County
1400000US06071003607,"Census Tract 36.07, San Bernardino County, California",5118,5342,5610,224,268,492,4.38,5.02,9.61,San Bernardino County
1400000US06071003609,"Census Tract 36.09, San Bernardino County, California",4713,4539,4844,-174,305,131,-3.69,6.72,2.78,San Bernardino County
1400000US06071003611,"Census Tract 36.11, San Bernardino County, California",5008,5216,5173,208,-43,165,4.15,-0.82,3.29,San Bernardino County
1400000US06071003612,"Census Tract 36.12, San Bernardino County, California",4983,5152,5197,169,45,214,3.39,0.87,4.29,San Bernardino County
1400000US06071003700,"Census Tract 37, San Bernardino County, California",3840,3747,3506,-93,-241,-334,-2.42,-6.43,-8.7,San Bernardino County
1400000US06071003801,"Census Tract 38.01, San Bernardino County, California",5125,5309,5204,184,-105,79,3.59,-1.98,1.54,San Bernardino County
1400000US06071003803,"Census Tract 38.03, San Bernardino County, California",5407,5343,5169,-64,-174,-238,-1.18,-3.26,-4.4,San Bernardino County
1400000US06071003804,"Census Tract 38.04, San Bernardino County, California",5833,5612,5215,-221,-397,-618,-3.79,-7.07,-10.59,San Bernardino County
1400000US06071003900,"Census Tract 39, San Bernardino County, California",5990,5670,5752,-320,82,-238,-5.34,1.45,-3.97,San Bernardino County
1400000US06071004001,"Census Tract 40.01, San Bernardino County, California",4498,4151,4168,-347,17,-330,-7.71,0.41,-7.34,San Bernardino County
1400000US06071004003,"Census Tract 40.03, San Bernardino County, California",5552,5632,5396,80,-236,-156,1.44,-4.19,-2.81,San Bernardino County
1400000US06071004004,"Census Tract 40.04, San Bernardino County, California",5557,5475,5589,-82,114,32,-1.48,2.08,0.58,San Bernardino County
1400000US06071004101,"Census Tract 41.01, San Bernardino County, California",5837,5812,5499,-25,-313,-338,-0.43,-5.39,-5.79,San Bernardino County
1400000US06071004103,"Census Tract 41.03, San Bernardino County, California",6768,6860,6751,92,-109,-17,1.36,-1.59,-0.25,San Bernardino County
1400000US06071004104,"Census Tract 41.04, San Bernardino County, California",6300,5851,5838,-449,-13,-462,-7.13,-0.22,-7.33,San Bernardino County
1400000US06071004201,"Census Tract 42.01, San Bernardino County, California",7353,7822,7713,469,-109,360,6.38,-1.39,4.9,San Bernardino County
1400000US06071004202,"Census Tract 42.02, San Bernardino County, California",5302,5149,5075,-153,-74,-227,-2.89,-1.44,-4.28,San Bernardino County
1400000US06071004301,"Census Tract 43.01, San Bernardino County, California",4207,4208,4209,1,1,2,0.02,0.02,0.05,San Bernardino County
1400000US06071004302,"Census Tract 43.02, San Bernardino County, California",3801,3781,3847,-20,66,46,-0.53,1.75,1.21,San Bernardino County
1400000US06071004401,"Census Tract 44.01, San Bernardino County, California",3910,3918,4143,8,225,233,0.2,5.74,5.96,San Bernardino County
1400000US06071004403,"Census Tract 44.03, San Bernardino County, California",4623,4893,5013,270,120,390,5.84,2.45,8.44,San Bernardino County
1400000US06071004404,"Census Tract 44.04, San Bernardino County, California",4902,4965,5781,63,816,879,1.29,16.44,17.93,San Bernardino County
1400000US06071004503,"Census Tract 45.03, San Bernardino County, California",4013,3816,3979,-197,163,-34,-4.91,4.27,-0.85,San Bernardino County
1400000US06071004505,"Census Tract 45.05, San Bernardino County, California",4937,5592,5387,655,-205,450,13.27,-3.67,9.11,San Bernardino County
1400000US06071004507,"Census Tract 45.07, San Bernardino County, California",5321,5483,5706,162,223,385,3.04,4.07,7.24,San Bernardino County
1400000US06071004509,"Census Tract 45.09, San Bernardino County, California",4982,5108,5140,126,32,158,2.53,0.63,3.17,San Bernardino County
1400000US06071004510,"Census Tract 45.10, San Bernardino County, California",5039,4918,4905,-121,-13,-134,-2.4,-0.26,-2.66,San Bernardino County
1400000US06071004511,"Census Tract 45.11, San Bernardino County, California",4398,4501,4310,103,-191,-88,2.34,-4.24,-2,San Bernardino County
1400000US06071004512,"Census Tract 45.12, San Bernardino County, California",4009,4048,4164,39,116,155,0.97,2.87,3.87,San Bernardino County
1400000US06071004601,"Census Tract 46.01, San Bernardino County, California",7491,7977,7694,486,-283,203,6.49,-3.55,2.71,San Bernardino County
1400000US06071004603,"Census Tract 46.03, San Bernardino County, California",5505,6142,6946,637,804,1441,11.57,13.09,26.18,San Bernardino County
1400000US06071004604,"Census Tract 46.04, San Bernardino County, California",5570,5514,5484,-56,-30,-86,-1.01,-0.54,-1.54,San Bernardino County
1400000US06071004700,"Census Tract 47, San Bernardino County, California",5643,5840,5924,197,84,281,3.49,1.44,4.98,San Bernardino County
1400000US06071004800,"Census Tract 48, San Bernardino County, California",3314,3303,3409,-11,106,95,-0.33,3.21,2.87,San Bernardino County
1400000US06071004901,"Census Tract 49.01, San Bernardino County, California",4372,4454,4568,82,114,196,1.88,2.56,4.48,San Bernardino County
1400000US06071004902,"Census Tract 49.02, San Bernardino County, California",2884,2736,2795,-148,59,-89,-5.13,2.16,-3.09,San Bernardino County
1400000US06071005101,"Census Tract 51.01, San Bernardino County, California",4688,4849,4884,161,35,196,3.43,0.72,4.18,San Bernardino County
1400000US06071005102,"Census Tract 51.02, San Bernardino County, California",3302,3439,3386,137,-53,84,4.15,-1.54,2.54,San Bernardino County
1400000US06071005200,"Census Tract 52, San Bernardino County, California",4594,4661,4482,67,-179,-112,1.46,-3.84,-2.44,San Bernardino County
1400000US06071005300,"Census Tract 53, San Bernardino County, California",5641,5488,5622,-153,134,-19,-2.71,2.44,-0.34,San Bernardino County
1400000US06071005400,"Census Tract 54, San Bernardino County, California",7056,6932,6828,-124,-104,-228,-1.76,-1.5,-3.23,San Bernardino County
1400000US06071005501,"Census Tract 55.01, San Bernardino County, California",3768,3678,3150,-90,-528,-618,-2.39,-14.36,-16.4,San Bernardino County
1400000US06071005502,"Census Tract 55.02, San Bernardino County, California",5757,5939,5962,182,23,205,3.16,0.39,3.56,San Bernardino County
1400000US06071005601,"Census Tract 56.01, San Bernardino County, California",3971,4015,4191,44,176,220,1.11,4.38,5.54,San Bernardino County
1400000US06071005602,"Census Tract 56.02, San Bernardino County, California",2607,2928,2922,321,-6,315,12.31,-0.2,12.08,San Bernardino County
1400000US06071005701,"Census Tract 57.01, San Bernardino County, California",1611,1771,1771,160,0,160,9.93,0,9.93,San Bernardino County
1400000US06071005800,"Census Tract 58, San Bernardino County, California",3763,3385,3534,-378,149,-229,-10.05,4.4,-6.09,San Bernardino County
1400000US06071006101,"Census Tract 61.01, San Bernardino County, California",4433,4643,4442,210,-201,9,4.74,-4.33,0.2,San Bernardino County
1400000US06071006102,"Census Tract 61.02, San Bernardino County, California",5430,5736,5354,306,-382,-76,5.64,-6.66,-1.4,San Bernardino County
1400000US06071006201,"Census Tract 62.01, San Bernardino County, California",4329,4337,4532,8,195,203,0.18,4.5,4.69,San Bernardino County
1400000US06071006203,"Census Tract 62.03, San Bernardino County, California",5292,5301,5574,9,273,282,0.17,5.15,5.33,San Bernardino County
1400000US06071006204,"Census Tract 62.04, San Bernardino County, California",4561,5009,4747,448,-262,186,9.82,-5.23,4.08,San Bernardino County
1400000US06071006301,"Census Tract 63.01, San Bernardino County, California",4975,5005,4474,30,-531,-501,0.6,-10.61,-10.07,San Bernardino County
1400000US06071006303,"Census Tract 63.03, San Bernardino County, California",5270,4556,4854,-714,298,-416,-13.55,6.54,-7.89,San Bernardino County
1400000US06071006304,"Census Tract 63.04, San Bernardino County, California",5833,5341,4796,-492,-545,-1037,-8.43,-10.2,-17.78,San Bernardino County
1400000US06071006401,"Census Tract 64.01, San Bernardino County, California",2974,2718,3059,-256,341,85,-8.61,12.55,2.86,San Bernardino County
1400000US06071006402,"Census Tract 64.02, San Bernardino County, California",4724,4602,4690,-122,88,-34,-2.58,1.91,-0.72,San Bernardino County
1400000US06071006501,"Census Tract 65.01, San Bernardino County, California",5521,5601,5004,80,-597,-517,1.45,-10.66,-9.36,San Bernardino County
1400000US06071006502,"Census Tract 65.02, San Bernardino County, California",3768,3280,3270,-488,-10,-498,-12.95,-0.3,-13.22,San Bernardino County
1400000US06071006601,"Census Tract 66.01, San Bernardino County, California",4684,4604,4297,-80,-307,-387,-1.71,-6.67,-8.26,San Bernardino County
1400000US06071006603,"Census Tract 66.03, San Bernardino County, California",6332,6426,6287,94,-139,-45,1.48,-2.16,-0.71,San Bernardino County
1400000US06071006604,"Census Tract 66.04, San Bernardino County, California",3525,3750,4048,225,298,523,6.38,7.95,14.84,San Bernardino County
1400000US06071006700,"Census Tract 67, San Bernardino County, California",4320,4220,4117,-100,-103,-203,-2.31,-2.44,-4.7,San Bernardino County
1400000US06071007001,"Census Tract 70.01, San Bernardino County, California",3051,3050,3147,-1,97,96,-0.03,3.18,3.15,San Bernardino County
1400000US06071007002,"Census Tract 70.02, San Bernardino County, California",5573,5657,5473,84,-184,-100,1.51,-3.25,-1.79,San Bernardino County
1400000US06071007104,"Census Tract 71.04, San Bernardino County, California",3444,3605,3606,161,1,162,4.67,0.03,4.7,San Bernardino County
1400000US06071007105,"Census Tract 71.05, San Bernardino County, California",3062,2865,2823,-197,-42,-239,-6.43,-1.47,-7.81,San Bernardino County
1400000US06071007106,"Census Tract 71.06, San Bernardino County, California",4033,4322,4193,289,-129,160,7.17,-2.98,3.97,San Bernardino County
1400000US06071007107,"Census Tract 71.07, San Bernardino County, California",3515,3358,3271,-157,-87,-244,-4.47,-2.59,-6.94,San Bernardino County
1400000US06071007108,"Census Tract 71.08, San Bernardino County, California",2104,2145,2199,41,54,95,1.95,2.52,4.52,San Bernardino County
1400000US06071007110,"Census Tract 71.10, San Bernardino County, California",5562,5745,5547,183,-198,-15,3.29,-3.45,-0.27,San Bernardino County
1400000US06071007111,"Census Tract 71.11, San Bernardino County, California",3224,3358,3484,134,126,260,4.16,3.75,8.06,San Bernardino County
1400000US06071007112,"Census Tract 71.12, San Bernardino County, California",2683,2882,2727,199,-155,44,7.42,-5.38,1.64,San Bernardino County
1400000US06071007201,"Census Tract 72.01, San Bernardino County, California",3650,3730,4222,80,492,572,2.19,13.19,15.67,San Bernardino County
1400000US06071007202,"Census Tract 72.02, San Bernardino County, California",2206,2219,2156,13,-63,-50,0.59,-2.84,-2.27,San Bernardino County
1400000US06071007303,"Census Tract 73.03, San Bernardino County, California",5580,5373,4917,-207,-456,-663,-3.71,-8.49,-11.88,San Bernardino County
1400000US06071007305,"Census Tract 73.05, San Bernardino County, California",4540,4765,4807,225,42,267,4.96,0.88,5.88,San Bernardino County
1400000US06071007306,"Census Tract 73.06, San Bernardino County, California",6361,6427,6626,66,199,265,1.04,3.1,4.17,San Bernardino County
1400000US06071007307,"Census Tract 73.07, San Bernardino County, California",4841,4591,5071,-250,480,230,-5.16,10.46,4.75,San Bernardino County
1400000US06071007308,"Census Tract 73.08, San Bernardino County, California",4740,4798,4937,58,139,197,1.22,2.9,4.16,San Bernardino County
1400000US06071007404,"Census Tract 74.04, San Bernardino County, California",5337,5250,5579,-87,329,242,-1.63,6.27,4.53,San Bernardino County
1400000US06071007407,"Census Tract 74.07, San Bernardino County, California",2959,3281,3267,322,-14,308,10.88,-0.43,10.41,San Bernardino County
1400000US06071007408,"Census Tract 74.08, San Bernardino County, California",4429,3991,4311,-438,320,-118,-9.89,8.02,-2.66,San Bernardino County
1400000US06071007409,"Census Tract 74.09, San Bernardino County, California",7397,7484,7478,87,-6,81,1.18,-0.08,1.1,San Bernardino County
1400000US06071007410,"Census Tract 74.10, San Bernardino County, California",5929,6395,6366,466,-29,437,7.86,-0.45,7.37,San Bernardino County
1400000US06071007411,"Census Tract 74.11, San Bernardino County, California",1616,1673,1771,57,98,155,3.53,5.86,9.59,San Bernardino County
1400000US06071007412,"Census Tract 74.12, San Bernardino County, California",6181,5954,6201,-227,247,20,-3.67,4.15,0.32,San Bernardino County
1400000US06071007603,"Census Tract 76.03, San Bernardino County, California",5394,5479,5321,85,-158,-73,1.58,-2.88,-1.35,San Bernardino County
1400000US06071007604,"Census Tract 76.04, San Bernardino County, California",3972,4122,3958,150,-164,-14,3.78,-3.98,-0.35,San Bernardino County
1400000US06071007605,"Census Tract 76.05, San Bernardino County, California",3844,3931,4324,87,393,480,2.26,10,12.49,San Bernardino County
1400000US06071007606,"Census Tract 76.06, San Bernardino County, California",3734,3650,3866,-84,216,132,-2.25,5.92,3.54,San Bernardino County
1400000US06071007800,"Census Tract 78, San Bernardino County, California",5485,5564,6110,79,546,625,1.44,9.81,11.39,San Bernardino County
1400000US06071007903,"Census Tract 79.03, San Bernardino County, California",4404,4567,4661,163,94,257,3.7,2.06,5.84,San Bernardino County
1400000US06071007904,"Census Tract 79.04, San Bernardino County, California",6089,7337,7053,1248,-284,964,20.5,-3.87,15.83,San Bernardino County
1400000US06071007905,"Census Tract 79.05, San Bernardino County, California",3630,3787,3835,157,48,205,4.33,1.27,5.65,San Bernardino County
1400000US06071007906,"Census Tract 79.06, San Bernardino County, California",3492,3485,3617,-7,132,125,-0.2,3.79,3.58,San Bernardino County
1400000US06071008001,"Census Tract 80.01, San Bernardino County, California",7730,7733,8101,3,368,371,0.04,4.76,4.8,San Bernardino County
1400000US06071008003,"Census Tract 80.03, San Bernardino County, California",4009,4215,3561,206,-654,-448,5.14,-15.52,-11.17,San Bernardino County
1400000US06071008004,"Census Tract 80.04, San Bernardino County, California",3292,3156,3213,-136,57,-79,-4.13,1.81,-2.4,San Bernardino County
1400000US06071008100,"Census Tract 81, San Bernardino County, California",3072,3141,3539,69,398,467,2.25,12.67,15.2,San Bernardino County
1400000US06071008201,"Census Tract 82.01, San Bernardino County, California",2993,3411,3614,418,203,621,13.97,5.95,20.75,San Bernardino County
1400000US06071008202,"Census Tract 82.02, San Bernardino County, California",1619,1633,1757,14,124,138,0.86,7.59,8.52,San Bernardino County
1400000US06071008301,"Census Tract 83.01, San Bernardino County, California",7120,7058,6957,-62,-101,-163,-0.87,-1.43,-2.29,San Bernardino County
1400000US06071008302,"Census Tract 83.02, San Bernardino County, California",3042,2984,2970,-58,-14,-72,-1.91,-0.47,-2.37,San Bernardino County
1400000US06071008402,"Census Tract 84.02, San Bernardino County, California",6117,5944,6001,-173,57,-116,-2.83,0.96,-1.9,San Bernardino County
1400000US06071008403,"Census Tract 84.03, San Bernardino County, California",6476,6295,6245,-181,-50,-231,-2.79,-0.79,-3.57,San Bernardino County
1400000US06071008404,"Census Tract 84.04, San Bernardino County, California",3604,3695,3577,91,-118,-27,2.52,-3.19,-0.75,San Bernardino County
1400000US06071008405,"Census Tract 84.05, San Bernardino County, California",5933,5855,5682,-78,-173,-251,-1.31,-2.95,-4.23,San Bernardino County
1400000US06071008406,"Census Tract 84.06, San Bernardino County, California",4780,5479,5528,699,49,748,14.62,0.89,15.65,San Bernardino County
1400000US06071008501,"Census Tract 85.01, San Bernardino County, California",3661,3626,3859,-35,233,198,-0.96,6.43,5.41,San Bernardino County
1400000US06071008502,"Census Tract 85.02, San Bernardino County, California",4628,4836,4835,208,-1,207,4.49,-0.02,4.47,San Bernardino County
1400000US06071008601,"Census Tract 86.01, San Bernardino County, California",5714,5408,5737,-306,329,23,-5.36,6.08,0.4,San Bernardino County
1400000US06071008602,"Census Tract 86.02, San Bernardino County, California",4878,4827,4852,-51,25,-26,-1.05,0.52,-0.53,San Bernardino County
1400000US06071008705,"Census Tract 87.05, San Bernardino County, California",5310,5050,5150,-260,100,-160,-4.9,1.98,-3.01,San Bernardino County
1400000US06071008708,"Census Tract 87.08, San Bernardino County, California",3895,3727,3922,-168,195,27,-4.31,5.23,0.69,San Bernardino County
1400000US06071008709,"Census Tract 87.09, San Bernardino County, California",4337,4304,4599,-33,295,262,-0.76,6.85,6.04,San Bernardino County
1400000US06071008710,"Census Tract 87.10, San Bernardino County, California",4599,4686,4551,87,-135,-48,1.89,-2.88,-1.04,San Bernardino County
1400000US06071008711,"Census Tract 87.11, San Bernardino County, California",3066,2926,2906,-140,-20,-160,-4.57,-0.68,-5.22,San Bernardino County
1400000US06071008712,"Census Tract 87.12, San Bernardino County, California",4525,4775,4974,250,199,449,5.52,4.17,9.92,San Bernardino County
1400000US06071008713,"Census Tract 87.13, San Bernardino County, California",3544,3734,3398,190,-336,-146,5.36,-9,-4.12,San Bernardino County
1400000US06071008714,"Census Tract 87.14, San Bernardino County, California",4358,4204,4375,-154,171,17,-3.53,4.07,0.39,San Bernardino County
1400000US06071008715,"Census Tract 87.15, San Bernardino County, California",8024,7974,7678,-50,-296,-346,-0.62,-3.71,-4.31,San Bernardino County
1400000US06071008716,"Census Tract 87.16, San Bernardino County, California",6431,6291,6476,-140,185,45,-2.18,2.94,0.7,San Bernardino County
1400000US06071008800,"Census Tract 88, San Bernardino County, California",6322,6701,6551,379,-150,229,5.99,-2.24,3.62,San Bernardino County
1400000US06071008901,"Census Tract 89.01, San Bernardino County, California",1922,1897,2097,-25,200,175,-1.3,10.54,9.11,San Bernardino County
1400000US06071009109,"Census Tract 91.09, San Bernardino County, California",7211,7038,7483,-173,445,272,-2.4,6.32,3.77,San Bernardino County
1400000US06071009119,"Census Tract 91.19, San Bernardino County, California",6838,7448,6854,610,-594,16,8.92,-7.98,0.23,San Bernardino County
1400000US06071009120,"Census Tract 91.20, San Bernardino County, California",4341,4709,4768,368,59,427,8.48,1.25,9.84,San Bernardino County
1400000US06071009121,"Census Tract 91.21, San Bernardino County, California",2596,2932,2389,336,-543,-207,12.94,-18.52,-7.97,San Bernardino County
1400000US06071009122,"Census Tract 91.22, San Bernardino County, California",5693,5865,5554,172,-311,-139,3.02,-5.3,-2.44,San Bernardino County
1400000US06071009123,"Census Tract 91.23, San Bernardino County, California",3998,3692,3388,-306,-304,-610,-7.65,-8.23,-15.26,San Bernardino County
1400000US06071009124,"Census Tract 91.24, San Bernardino County, California",4315,5173,5000,858,-173,685,19.88,-3.34,15.87,San Bernardino County
1400000US06071009125,"Census Tract 91.25, San Bernardino County, California",5187,5555,5998,368,443,811,7.09,7.97,15.64,San Bernardino County
1400000US06071009126,"Census Tract 91.26, San Bernardino County, California",4987,5542,5862,555,320,875,11.13,5.77,17.55,San Bernardino County
1400000US06071009127,"Census Tract 91.27, San Bernardino County, California",7105,8562,8616,1457,54,1511,20.51,0.63,21.27,San Bernardino County
1400000US06071009128,"Census Tract 91.28, San Bernardino County, California",4771,4929,5024,158,95,253,3.31,1.93,5.3,San Bernardino County
1400000US06071009129,"Census Tract 91.29, San Bernardino County, California",5823,6535,7244,712,709,1421,12.23,10.85,24.4,San Bernardino County
1400000US06071009130,"Census Tract 91.30, San Bernardino County, California",4307,4259,4474,-48,215,167,-1.11,5.05,3.88,San Bernardino County
1400000US06071009131,"Census Tract 91.31, San Bernardino County, California",4934,5569,5746,635,177,812,12.87,3.18,16.46,San Bernardino County
1400000US06071009132,"Census Tract 91.32, San Bernardino County, California",2485,2318,2430,-167,112,-55,-6.72,4.83,-2.21,San Bernardino County
1400000US06071009133,"Census Tract 91.33, San Bernardino County, California",8077,8607,7976,530,-631,-101,6.56,-7.33,-1.25,San Bernardino County
1400000US06071009134,"Census Tract 91.34, San Bernardino County, California",545,650,1009,105,359,464,19.27,55.23,85.14,San Bernardino County
1400000US06071009135,"Census Tract 91.35, San Bernardino County, California",4273,4675,5271,402,596,998,9.41,12.75,23.36,San Bernardino County
1400000US06071009136,"Census Tract 91.36, San Bernardino County, California",5175,5817,5535,642,-282,360,12.41,-4.85,6.96,San Bernardino County
1400000US06071009137,"Census Tract 91.37, San Bernardino County, California",3100,3214,3605,114,391,505,3.68,12.17,16.29,San Bernardino County
1400000US06071009138,"Census Tract 91.38, San Bernardino County, California",4323,5043,5557,720,514,1234,16.66,10.19,28.54,San Bernardino County
1400000US06071009139,"Census Tract 91.39, San Bernardino County, California",4422,5002,4573,580,-429,151,13.12,-8.58,3.41,San Bernardino County
1400000US06071009201,"Census Tract 92.01, San Bernardino County, California",4362,4568,4461,206,-107,99,4.72,-2.34,2.27,San Bernardino County
1400000US06071009202,"Census Tract 92.02, San Bernardino County, California",1559,1435,1472,-124,37,-87,-7.95,2.58,-5.58,San Bernardino County
1400000US06071009300,"Census Tract 93, San Bernardino County, California",858,866,859,8,-7,1,0.93,-0.81,0.12,San Bernardino County
1400000US06071009400,"Census Tract 94, San Bernardino County, California",3266,3586,3808,320,222,542,9.8,6.19,16.6,San Bernardino County
1400000US06071009501,"Census Tract 95.01, San Bernardino County, California",3888,3793,3879,-95,86,-9,-2.44,2.27,-0.23,San Bernardino County
1400000US06071009502,"Census Tract 95.02, San Bernardino County, California",3879,4982,4284,1103,-698,405,28.44,-14.01,10.44,San Bernardino County
1400000US06071009708,"Census Tract 97.08, San Bernardino County, California",5341,5653,5692,312,39,351,5.84,0.69,6.57,San Bernardino County
1400000US06071009709,"Census Tract 97.09, San Bernardino County, California",7201,7359,7148,158,-211,-53,2.19,-2.87,-0.74,San Bernardino County
1400000US06071009712,"Census Tract 97.12, San Bernardino County, California",5761,5939,6664,178,725,903,3.09,12.21,15.67,San Bernardino County
1400000US06071009713,"Census Tract 97.13, San Bernardino County, California",6253,6662,6672,409,10,419,6.54,0.15,6.7,San Bernardino County
1400000US06071009714,"Census Tract 97.14, San Bernardino County, California",3679,3852,4100,173,248,421,4.7,6.44,11.44,San Bernardino County
1400000US06071009717,"Census Tract 97.17, San Bernardino County, California",4307,4447,4153,140,-294,-154,3.25,-6.61,-3.58,San Bernardino County
1400000US06071009718,"Census Tract 97.18, San Bernardino County, California",3492,3393,3513,-99,120,21,-2.84,3.54,0.6,San Bernardino County
1400000US06071009719,"Census Tract 97.19, San Bernardino County, California",2928,3039,2901,111,-138,-27,3.79,-4.54,-0.92,San Bernardino County
1400000US06071009720,"Census Tract 97.20, San Bernardino County, California",2277,2026,2107,-251,81,-170,-11.02,4,-7.47,San Bernardino County
1400000US06071009721,"Census Tract 97.21, San Bernardino County, California",6184,6303,5929,119,-374,-255,1.92,-5.93,-4.12,San Bernardino County
1400000US06071009722,"Census Tract 97.22, San Bernardino County, California",2745,3038,3628,293,590,883,10.67,19.42,32.17,San Bernardino County
1400000US06071009723,"Census Tract 97.23, San Bernardino County, California",5499,5823,5599,324,-224,100,5.89,-3.85,1.82,San Bernardino County
1400000US06071009724,"Census Tract 97.24, San Bernardino County, California",4053,4172,4141,119,-31,88,2.94,-0.74,2.17,San Bernardino County
1400000US06071009725,"Census Tract 97.25, San Bernardino County, California",5232,5529,5544,297,15,312,5.68,0.27,5.96,San Bernardino County
1400000US06071009726,"Census Tract 97.26, San Bernardino County, California",2951,3135,3047,184,-88,96,6.24,-2.81,3.25,San Bernardino County
1400000US06071009727,"Census Tract 97.27, San Bernardino County, California",4882,5008,4748,126,-260,-134,2.58,-5.19,-2.74,San Bernardino County
1400000US06071009800,"Census Tract 98, San Bernardino County, California",5079,5580,5318,501,-262,239,9.86,-4.7,4.71,San Bernardino County
1400000US06071009906,"Census Tract 99.06, San Bernardino County, California",5264,5805,6196,541,391,932,10.28,6.74,17.71,San Bernardino County
1400000US06071009908,"Census Tract 99.08, San Bernardino County, California",4305,4609,4712,304,103,407,7.06,2.23,9.45,San Bernardino County
1400000US06071009910,"Census Tract 99.10, San Bernardino County, California",5286,5292,5161,6,-131,-125,0.11,-2.48,-2.36,San Bernardino County
1400000US06071009911,"Census Tract 99.11, San Bernardino County, California",7783,8269,8292,486,23,509,6.24,0.28,6.54,San Bernardino County
1400000US06071009912,"Census Tract 99.12, San Bernardino County, California",5330,5490,5954,160,464,624,3,8.45,11.71,San Bernardino County
1400000US06071009913,"Census Tract 99.13, San Bernardino County, California",6107,6628,6691,521,63,584,8.53,0.95,9.56,San Bernardino County
1400000US06071009914,"Census Tract 99.14, San Bernardino County, California",2783,2825,2685,42,-140,-98,1.51,-4.96,-3.52,San Bernardino County
1400000US06071009915,"Census Tract 99.15, San Bernardino County, California",3144,3635,3953,491,318,809,15.62,8.75,25.73,San Bernardino County
1400000US06071009916,"Census Tract 99.16, San Bernardino County, California",4788,5021,5533,233,512,745,4.87,10.2,15.56,San Bernardino County
1400000US06071009917,"Census Tract 99.17, San Bernardino County, California",6540,6599,6506,59,-93,-34,0.9,-1.41,-0.52,San Bernardino County
1400000US06071009918,"Census Tract 99.18, San Bernardino County, California",3090,3269,3106,179,-163,16,5.79,-4.99,0.52,San Bernardino County
1400000US06071010009,"Census Tract 100.09, San Bernardino County, California",4520,4846,4906,326,60,386,7.21,1.24,8.54,San Bernardino County
1400000US06071010010,"Census Tract 100.10, San Bernardino County, California",6577,6788,7039,211,251,462,3.21,3.7,7.02,San Bernardino County
1400000US06071010011,"Census Tract 100.11, San Bernardino County, California",4820,5097,5022,277,-75,202,5.75,-1.47,4.19,San Bernardino County
1400000US06071010012,"Census Tract 100.12, San Bernardino County, California",4815,4441,4424,-374,-17,-391,-7.77,-0.38,-8.12,San Bernardino County
1400000US06071010014,"Census Tract 100.14, San Bernardino County, California",5487,5934,5979,447,45,492,8.15,0.76,8.97,San Bernardino County
1400000US06071010015,"Census Tract 100.15, San Bernardino County, California",5418,6002,5912,584,-90,494,10.78,-1.5,9.12,San Bernardino County
1400000US06071010016,"Census Tract 100.16, San Bernardino County, California",6856,7460,7537,604,77,681,8.81,1.03,9.93,San Bernardino County
1400000US06071010019,"Census Tract 100.19, San Bernardino County, California",4738,5093,5555,355,462,817,7.49,9.07,17.24,San Bernardino County
1400000US06071010021,"Census Tract 100.21, San Bernardino County, California",7909,8294,8211,385,-83,302,4.87,-1,3.82,San Bernardino County
1400000US06071010022,"Census Tract 100.22, San Bernardino County, California",4189,4644,4497,455,-147,308,10.86,-3.17,7.35,San Bernardino County
1400000US06071010023,"Census Tract 100.23, San Bernardino County, California",6242,6231,6235,-11,4,-7,-0.18,0.06,-0.11,San Bernardino County
1400000US06071010024,"Census Tract 100.24, San Bernardino County, California",5076,5297,5125,221,-172,49,4.35,-3.25,0.97,San Bernardino County
1400000US06071010027,"Census Tract 100.27, San Bernardino County, California",4106,4070,4234,-36,164,128,-0.88,4.03,3.12,San Bernardino County
1400000US06071010028,"Census Tract 100.28, San Bernardino County, California",6028,6017,5570,-11,-447,-458,-0.18,-7.43,-7.6,San Bernardino County
1400000US06071010029,"Census Tract 100.29, San Bernardino County, California",3479,3712,4018,233,306,539,6.7,8.24,15.49,San Bernardino County
1400000US06071010030,"Census Tract 100.30, San Bernardino County, California",2659,2691,2889,32,198,230,1.2,7.36,8.65,San Bernardino County
1400000US06071010031,"Census Tract 100.31, San Bernardino County, California",5036,5237,4908,201,-329,-128,3.99,-6.28,-2.54,San Bernardino County
1400000US06071010032,"Census Tract 100.32, San Bernardino County, California",5819,6232,5672,413,-560,-147,7.1,-8.99,-2.53,San Bernardino County
1400000US06071010033,"Census Tract 100.33, San Bernardino County, California",1855,2154,2135,299,-19,280,16.12,-0.88,15.09,San Bernardino County
1400000US06071010034,"Census Tract 100.34, San Bernardino County, California",5572,4521,4720,-1051,199,-852,-18.86,4.4,-15.29,San Bernardino County
1400000US06071010035,"Census Tract 100.35, San Bernardino County, California",3833,4206,4002,373,-204,169,9.73,-4.85,4.41,San Bernardino County
1400000US06071010036,"Census Tract 100.36, San Bernardino County, California",4496,4745,5277,249,532,781,5.54,11.21,17.37,San Bernardino County
1400000US06071010037,"Census Tract 100.37, San Bernardino County, California",7476,7291,7225,-185,-66,-251,-2.47,-0.91,-3.36,San Bernardino County
1400000US06071010038,"Census Tract 100.38, San Bernardino County, California",4705,4945,4953,240,8,248,5.1,0.16,5.27,San Bernardino County
1400000US06071010039,"Census Tract 100.39, San Bernardino County, California",2652,2797,2937,145,140,285,5.47,5.01,10.75,San Bernardino County
1400000US06071010040,"Census Tract 100.40, San Bernardino County, California",1789,1518,1710,-271,192,-79,-15.15,12.65,-4.42,San Bernardino County
1400000US06071010041,"Census Tract 100.41, San Bernardino County, California",5182,5682,5252,500,-430,70,9.65,-7.57,1.35,San Bernardino County
1400000US06071010042,"Census Tract 100.42, San Bernardino County, California",5110,4331,4428,-779,97,-682,-15.24,2.24,-13.35,San Bernardino County
1400000US06071010300,"Census Tract 103, San Bernardino County, California",3427,3370,3357,-57,-13,-70,-1.66,-0.39,-2.04,San Bernardino County
1400000US06071010402,"Census Tract 104.02, San Bernardino County, California",10316,10584,11327,268,743,1011,2.6,7.02,9.8,San Bernardino County
1400000US06071010410,"Census Tract 104.10, San Bernardino County, California",3272,3043,2885,-229,-158,-387,-7,-5.19,-11.83,San Bernardino County
1400000US06071010413,"Census Tract 104.13, San Bernardino County, California",7538,7633,6921,95,-712,-617,1.26,-9.33,-8.19,San Bernardino County
1400000US06071010415,"Census Tract 104.15, San Bernardino County, California",5372,5682,5968,310,286,596,5.77,5.03,11.09,San Bernardino County
1400000US06071010417,"Census Tract 104.17, San Bernardino County, California",2976,2971,3160,-5,189,184,-0.17,6.36,6.18,San Bernardino County
1400000US06071010419,"Census Tract 104.19, San Bernardino County, California",4707,4291,3906,-416,-385,-801,-8.84,-8.97,-17.02,San Bernardino County
1400000US06071010420,"Census Tract 104.20, San Bernardino County, California",4059,4266,3953,207,-313,-106,5.1,-7.34,-2.61,San Bernardino County
1400000US06071010422,"Census Tract 104.22, San Bernardino County, California",1824,1958,1789,134,-169,-35,7.35,-8.63,-1.92,San Bernardino County
1400000US06071010424,"Census Tract 104.24, San Bernardino County, California",2048,1960,1966,-88,6,-82,-4.3,0.31,-4,San Bernardino County
1400000US06071010425,"Census Tract 104.25, San Bernardino County, California",766,800,777,34,-23,11,4.44,-2.88,1.44,San Bernardino County
1400000US06071010426,"Census Tract 104.26, San Bernardino County, California",2150,2303,2230,153,-73,80,7.12,-3.17,3.72,San Bernardino County
1400000US06071010427,"Census Tract 104.27, San Bernardino County, California",2689,2740,2900,51,160,211,1.9,5.84,7.85,San Bernardino County
1400000US06071010428,"Census Tract 104.28, San Bernardino County, California",3509,3599,3585,90,-14,76,2.56,-0.39,2.17,San Bernardino County
1400000US06071010429,"Census Tract 104.29, San Bernardino County, California",4203,4225,4342,22,117,139,0.52,2.77,3.31,San Bernardino County
1400000US06071010430,"Census Tract 104.30, San Bernardino County, California",3362,3080,3514,-282,434,152,-8.39,14.09,4.52,San Bernardino County
1400000US06071010431,"Census Tract 104.31, San Bernardino County, California",2017,1808,1791,-209,-17,-226,-10.36,-0.94,-11.2,San Bernardino County
1400000US06071010432,"Census Tract 104.32, San Bernardino County, California",1723,1692,1712,-31,20,-11,-1.8,1.18,-0.64,San Bernardino County
1400000US06071010433,"Census Tract 104.33, San Bernardino County, California",4897,4686,4680,-211,-6,-217,-4.31,-0.13,-4.43,San Bernardino County
1400000US06071010434,"Census Tract 104.34, San Bernardino County, California",1245,1301,1343,56,42,98,4.5,3.23,7.87,San Bernardino County
1400000US06071010435,"Census Tract 104.35, San Bernardino County, California",2264,2177,2175,-87,-2,-89,-3.84,-0.09,-3.93,San Bernardino County
1400000US06071010436,"Census Tract 104.36, San Bernardino County, California",959,1013,1083,54,70,124,5.63,6.91,12.93,San Bernardino County
1400000US06071010700,"Census Tract 107, San Bernardino County, California",3941,3950,3724,9,-226,-217,0.23,-5.72,-5.51,San Bernardino County
1400000US06071010803,"Census Tract 108.03, San Bernardino County, California",3080,3079,2909,-1,-170,-171,-0.03,-5.52,-5.55,San Bernardino County
1400000US06071010804,"Census Tract 108.04, San Bernardino County, California",2601,2460,2143,-141,-317,-458,-5.42,-12.89,-17.61,San Bernardino County
1400000US06071010805,"Census Tract 108.05, San Bernardino County, California",2236,2238,2548,2,310,312,0.09,13.85,13.95,San Bernardino County
1400000US06071010806,"Census Tract 108.06, San Bernardino County, California",2366,2463,2843,97,380,477,4.1,15.43,20.16,San Bernardino County
1400000US06071010903,"Census Tract 109.03, San Bernardino County, California",2653,2151,2160,-502,9,-493,-18.92,0.42,-18.58,San Bernardino County
1400000US06071010904,"Census Tract 109.04, San Bernardino County, California",1943,2109,2423,166,314,480,8.54,14.89,24.7,San Bernardino County
1400000US06071010905,"Census Tract 109.05, San Bernardino County, California",1334,1472,1655,138,183,321,10.34,12.43,24.06,San Bernardino County
1400000US06071010906,"Census Tract 109.06, San Bernardino County, California",842,911,829,69,-82,-13,8.19,-9,-1.54,San Bernardino County
1400000US06071011002,"Census Tract 110.02, San Bernardino County, California",1323,1441,1303,118,-138,-20,8.92,-9.58,-1.51,San Bernardino County
1400000US06071011003,"Census Tract 110.03, San Bernardino County, California",1272,1289,1362,17,73,90,1.34,5.66,7.08,San Bernardino County
1400000US06071011004,"Census Tract 110.04, San Bernardino County, California",981,956,1003,-25,47,22,-2.55,4.92,2.24,San Bernardino County
1400000US06071011101,"Census Tract 111.01, San Bernardino County, California",3513,3080,3689,-433,609,176,-12.33,19.77,5.01,San Bernardino County
1400000US06071011102,"Census Tract 111.02, San Bernardino County, California",1826,1785,1752,-41,-33,-74,-2.25,-1.85,-4.05,San Bernardino County
1400000US06071011203,"Census Tract 112.03, San Bernardino County, California",1542,1405,1445,-137,40,-97,-8.88,2.85,-6.29,San Bernardino County
1400000US06071011204,"Census Tract 112.04, San Bernardino County, California",1748,1658,1371,-90,-287,-377,-5.15,-17.31,-21.57,San Bernardino County
1400000US06071011205,"Census Tract 112.05, San Bernardino County, California",1014,1104,1263,90,159,249,8.88,14.4,24.56,San Bernardino County
1400000US06071011206,"Census Tract 112.06, San Bernardino County, California",865,771,798,-94,27,-67,-10.87,3.5,-7.75,San Bernardino County
1400000US06071011300,"Census Tract 113, San Bernardino County, California",1322,1305,1277,-17,-28,-45,-1.29,-2.15,-3.4,San Bernardino County
1400000US06071011404,"Census Tract 114.04, San Bernardino County, California",4202,4206,4032,4,-174,-170,0.1,-4.14,-4.05,San Bernardino County
1400000US06071011405,"Census Tract 114.05, San Bernardino County, California",1866,1701,1759,-165,58,-107,-8.84,3.41,-5.73,San Bernardino County
1400000US06071011406,"Census Tract 114.06, San Bernardino County, California",2489,2999,2814,510,-185,325,20.49,-6.17,13.06,San Bernardino County
1400000US06071011407,"Census Tract 114.07, San Bernardino County, California",1773,1733,1746,-40,13,-27,-2.26,0.75,-1.52,San Bernardino County
1400000US06071011408,"Census Tract 114.08, San Bernardino County, California",1491,1530,1699,39,169,208,2.62,11.05,13.95,San Bernardino County
1400000US06071011500,"Census Tract 115, San Bernardino County, California",2412,2048,2031,-364,-17,-381,-15.09,-0.83,-15.8,San Bernardino County
1400000US06071011601,"Census Tract 116.01, San Bernardino County, California",6050,5432,5532,-618,100,-518,-10.21,1.84,-8.56,San Bernardino County
1400000US06071011602,"Census Tract 116.02, San Bernardino County, California",1902,1871,1826,-31,-45,-76,-1.63,-2.41,-4,San Bernardino County
1400000US06071011700,"Census Tract 117, San Bernardino County, California",1748,1775,1649,27,-126,-99,1.54,-7.1,-5.66,San Bernardino County
1400000US06071011801,"Census Tract 118.01, San Bernardino County, California",3560,3828,3921,268,93,361,7.53,2.43,10.14,San Bernardino County
1400000US06071011802,"Census Tract 118.02, San Bernardino County, California",4153,4070,3930,-83,-140,-223,-2,-3.44,-5.37,San Bernardino County
1400000US06071011900,"Census Tract 119, San Bernardino County, California",2284,2248,2239,-36,-9,-45,-1.58,-0.4,-1.97,San Bernardino County
1400000US06071012001,"Census Tract 120.01, San Bernardino County, California",6019,5976,6417,-43,441,398,-0.71,7.38,6.61,San Bernardino County
1400000US06071012002,"Census Tract 120.02, San Bernardino County, California",5327,5464,5341,137,-123,14,2.57,-2.25,0.26,San Bernardino County
1400000US06071012101,"Census Tract 121.01, San Bernardino County, California",6658,6797,6618,139,-179,-40,2.09,-2.63,-0.6,San Bernardino County
1400000US06071012103,"Census Tract 121.03, San Bernardino County, California",3196,3009,3160,-187,151,-36,-5.85,5.02,-1.13,San Bernardino County
1400000US06071012105,"Census Tract 121.05, San Bernardino County, California",2668,2848,2872,180,24,204,6.75,0.84,7.65,San Bernardino County
1400000US06071012106,"Census Tract 121.06, San Bernardino County, California",2615,2998,2886,383,-112,271,14.65,-3.74,10.36,San Bernardino County
1400000US06071012201,"Census Tract 122.01, San Bernardino County, California",7117,7861,7980,744,119,863,10.45,1.51,12.13,San Bernardino County
1400000US06071012202,"Census Tract 122.02, San Bernardino County, California",10299,7371,3259,-2928,-4112,-7040,-28.43,-55.79,-68.36,San Bernardino County
1400000US06071012300,"Census Tract 123, San Bernardino County, California",5029,4957,3999,-72,-958,-1030,-1.43,-19.33,-20.48,San Bernardino County
1400000US06071012400,"Census Tract 124, San Bernardino County, California",2482,2496,2519,14,23,37,0.56,0.92,1.49,San Bernardino County
1400000US06071012500,"Census Tract 125, San Bernardino County, California",5265,4645,5111,-620,466,-154,-11.78,10.03,-2.92,San Bernardino County
1400000US06071012700,"Census Tract 127, San Bernardino County, California",4106,4321,4448,215,127,342,5.24,2.94,8.33,San Bernardino County
1400000US06071025000,"Census Tract 250, San Bernardino County, California",9573,9100,9073,-473,-27,-500,-4.94,-0.3,-5.22,San Bernardino County
1400000US06071025100,"Census Tract 251, San Bernardino County, California",1459,1487,1723,28,236,264,1.92,15.87,18.09,San Bernardino County
1400000US06071940100,"Census Tract 9401, San Bernardino County, California",1300,1256,1230,-44,-26,-70,-3.38,-2.07,-5.38,San Bernardino County
1400000US06071980100,"Census Tract 9801, San Bernardino County, California",0,0,1,0,1,1,#DIV/0!,#DIV/0!,#DIV/0!,San Bernardino County
1400000US06071980200,"Census Tract 9802, San Bernardino County, California",3806,4064,3618,258,-446,-188,6.78,-10.97,-4.94,San Bernardino County
1400000US06073000100,"Census Tract 1, San Diego County, California",2970,2956,3027,-14,71,57,-0.47,2.4,1.92,San Diego County
1400000US06073000201,"Census Tract 2.01, San Diego County, California",2198,2309,2294,111,-15,96,5.05,-0.65,4.37,San Diego County
1400000US06073000202,"Census Tract 2.02, San Diego County, California",4129,4116,3919,-13,-197,-210,-0.31,-4.79,-5.09,San Diego County
1400000US06073000301,"Census Tract 3.01, San Diego County, California",2258,2250,2340,-8,90,82,-0.35,4,3.63,San Diego County
1400000US06073000302,"Census Tract 3.02, San Diego County, California",2945,3042,2934,97,-108,-11,3.29,-3.55,-0.37,San Diego County
1400000US06073000400,"Census Tract 4, San Diego County, California",3922,3607,3802,-315,195,-120,-8.03,5.41,-3.06,San Diego County
1400000US06073000500,"Census Tract 5, San Diego County, California",3113,3045,2934,-68,-111,-179,-2.18,-3.65,-5.75,San Diego County
1400000US06073000600,"Census Tract 6, San Diego County, California",3288,3196,3144,-92,-52,-144,-2.8,-1.63,-4.38,San Diego County
1400000US06073000700,"Census Tract 7, San Diego County, California",4322,4342,4631,20,289,309,0.46,6.66,7.15,San Diego County
1400000US06073000800,"Census Tract 8, San Diego County, California",5155,5230,5257,75,27,102,1.45,0.52,1.98,San Diego County
1400000US06073000901,"Census Tract 9.01, San Diego County, California",3455,3310,3585,-145,275,130,-4.2,8.31,3.76,San Diego County
1400000US06073000902,"Census Tract 9.02, San Diego County, California",2218,2208,2468,-10,260,250,-0.45,11.78,11.27,San Diego County
1400000US06073001000,"Census Tract 10, San Diego County, California",3995,4327,4545,332,218,550,8.31,5.04,13.77,San Diego County
1400000US06073001100,"Census Tract 11, San Diego County, California",3118,3083,3054,-35,-29,-64,-1.12,-0.94,-2.05,San Diego County
1400000US06073001201,"Census Tract 12.01, San Diego County, California",2705,2478,2590,-227,112,-115,-8.39,4.52,-4.25,San Diego County
1400000US06073001202,"Census Tract 12.02, San Diego County, California",3334,3132,3239,-202,107,-95,-6.06,3.42,-2.85,San Diego County
1400000US06073001301,"Census Tract 13.01, San Diego County, California",2914,2761,2649,-153,-112,-265,-5.25,-4.06,-9.09,San Diego County
1400000US06073001302,"Census Tract 13.02, San Diego County, California",3192,3329,3316,137,-13,124,4.29,-0.39,3.88,San Diego County
1400000US06073001400,"Census Tract 14, San Diego County, California",3420,3515,3319,95,-196,-101,2.78,-5.58,-2.95,San Diego County
1400000US06073001500,"Census Tract 15, San Diego County, California",3780,3908,3935,128,27,155,3.39,0.69,4.1,San Diego County
1400000US06073001600,"Census Tract 16, San Diego County, California",5742,5625,5352,-117,-273,-390,-2.04,-4.85,-6.79,San Diego County
1400000US06073001700,"Census Tract 17, San Diego County, California",4294,4244,4313,-50,69,19,-1.16,1.63,0.44,San Diego County
1400000US06073001801,"Census Tract 18.01, San Diego County, California",1966,1847,1700,-119,-147,-266,-6.05,-7.96,-13.53,San Diego County
1400000US06073001802,"Census Tract 18.02, San Diego County, California",3340,3269,3358,-71,89,18,-2.13,2.72,0.54,San Diego County
1400000US06073001900,"Census Tract 19, San Diego County, California",3193,2993,3113,-200,120,-80,-6.26,4.01,-2.51,San Diego County
1400000US06073002001,"Census Tract 20.01, San Diego County, California",3316,3236,3306,-80,70,-10,-2.41,2.16,-0.3,San Diego County
1400000US06073002002,"Census Tract 20.02, San Diego County, California",2546,2592,2485,46,-107,-61,1.81,-4.13,-2.4,San Diego County
1400000US06073002100,"Census Tract 21, San Diego County, California",5506,5214,5585,-292,371,79,-5.3,7.12,1.43,San Diego County
1400000US06073002201,"Census Tract 22.01, San Diego County, California",3345,3376,3361,31,-15,16,0.93,-0.44,0.48,San Diego County
1400000US06073002202,"Census Tract 22.02, San Diego County, California",5447,5807,5314,360,-493,-133,6.61,-8.49,-2.44,San Diego County
1400000US06073002301,"Census Tract 23.01, San Diego County, California",3258,2908,3038,-350,130,-220,-10.74,4.47,-6.75,San Diego County
1400000US06073002302,"Census Tract 23.02, San Diego County, California",7579,6673,5925,-906,-748,-1654,-11.95,-11.21,-21.82,San Diego County
1400000US06073002401,"Census Tract 24.01, San Diego County, California",4880,4955,4819,75,-136,-61,1.54,-2.74,-1.25,San Diego County
1400000US06073002402,"Census Tract 24.02, San Diego County, California",4735,4879,4634,144,-245,-101,3.04,-5.02,-2.13,San Diego County
1400000US06073002501,"Census Tract 25.01, San Diego County, California",4967,5034,5181,67,147,214,1.35,2.92,4.31,San Diego County
1400000US06073002502,"Census Tract 25.02, San Diego County, California",7222,7034,6859,-188,-175,-363,-2.6,-2.49,-5.03,San Diego County
1400000US06073002601,"Census Tract 26.01, San Diego County, California",5647,5551,6477,-96,926,830,-1.7,16.68,14.7,San Diego County
1400000US06073002602,"Census Tract 26.02, San Diego County, California",5323,4794,4923,-529,129,-400,-9.94,2.69,-7.51,San Diego County
1400000US06073002702,"Census Tract 27.02, San Diego County, California",5717,5609,5584,-108,-25,-133,-1.89,-0.45,-2.33,San Diego County
1400000US06073002703,"Census Tract 27.03, San Diego County, California",7366,6982,6870,-384,-112,-496,-5.21,-1.6,-6.73,San Diego County
1400000US06073002705,"Census Tract 27.05, San Diego County, California",4107,4158,4359,51,201,252,1.24,4.83,6.14,San Diego County
1400000US06073002707,"Census Tract 27.07, San Diego County, California",5789,5553,5410,-236,-143,-379,-4.08,-2.58,-6.55,San Diego County
1400000US06073002708,"Census Tract 27.08, San Diego County, California",5279,5080,4665,-199,-415,-614,-3.77,-8.17,-11.63,San Diego County
1400000US06073002709,"Census Tract 27.09, San Diego County, California",4693,3972,3842,-721,-130,-851,-15.36,-3.27,-18.13,San Diego County
1400000US06073002710,"Census Tract 27.10, San Diego County, California",4026,3771,3603,-255,-168,-423,-6.33,-4.46,-10.51,San Diego County
1400000US06073002711,"Census Tract 27.11, San Diego County, California",3322,3423,3509,101,86,187,3.04,2.51,5.63,San Diego County
1400000US06073002712,"Census Tract 27.12, San Diego County, California",5865,5678,5585,-187,-93,-280,-3.19,-1.64,-4.77,San Diego County
1400000US06073002801,"Census Tract 28.01, San Diego County, California",2976,2516,3509,-460,993,533,-15.46,39.47,17.91,San Diego County
1400000US06073002803,"Census Tract 28.03, San Diego County, California",4988,4872,4999,-116,127,11,-2.33,2.61,0.22,San Diego County
1400000US06073002804,"Census Tract 28.04, San Diego County, California",6093,5659,5598,-434,-61,-495,-7.12,-1.08,-8.12,San Diego County
1400000US06073002902,"Census Tract 29.02, San Diego County, California",6823,6166,6335,-657,169,-488,-9.63,2.74,-7.15,San Diego County
1400000US06073002903,"Census Tract 29.03, San Diego County, California",4072,4224,4516,152,292,444,3.73,6.91,10.9,San Diego County
1400000US06073002904,"Census Tract 29.04, San Diego County, California",10235,9844,9541,-391,-303,-694,-3.82,-3.08,-6.78,San Diego County
1400000US06073002905,"Census Tract 29.05, San Diego County, California",4460,4541,4638,81,97,178,1.82,2.14,3.99,San Diego County
1400000US06073003001,"Census Tract 30.01, San Diego County, California",5046,4949,4713,-97,-236,-333,-1.92,-4.77,-6.6,San Diego County
1400000US06073003003,"Census Tract 30.03, San Diego County, California",5623,5588,5617,-35,29,-6,-0.62,0.52,-0.11,San Diego County
1400000US06073003004,"Census Tract 30.04, San Diego County, California",5567,5456,5336,-111,-120,-231,-1.99,-2.2,-4.15,San Diego County
1400000US06073003101,"Census Tract 31.01, San Diego County, California",3971,4089,4076,118,-13,105,2.97,-0.32,2.64,San Diego County
1400000US06073003103,"Census Tract 31.03, San Diego County, California",6274,6069,6141,-205,72,-133,-3.27,1.19,-2.12,San Diego County
1400000US06073003105,"Census Tract 31.05, San Diego County, California",5461,5203,4588,-258,-615,-873,-4.72,-11.82,-15.99,San Diego County
1400000US06073003107,"Census Tract 31.07, San Diego County, California",5715,5338,5292,-377,-46,-423,-6.6,-0.86,-7.4,San Diego County
1400000US06073003108,"Census Tract 31.08, San Diego County, California",3696,3563,3665,-133,102,-31,-3.6,2.86,-0.84,San Diego County
1400000US06073003109,"Census Tract 31.09, San Diego County, California",3857,3492,3401,-365,-91,-456,-9.46,-2.61,-11.82,San Diego County
1400000US06073003111,"Census Tract 31.11, San Diego County, California",6801,6681,6531,-120,-150,-270,-1.76,-2.25,-3.97,San Diego County
1400000US06073003112,"Census Tract 31.12, San Diego County, California",4087,3908,4020,-179,112,-67,-4.38,2.87,-1.64,San Diego County
1400000US06073003113,"Census Tract 31.13, San Diego County, California",4905,4597,4634,-308,37,-271,-6.28,0.8,-5.52,San Diego County
1400000US06073003114,"Census Tract 31.14, San Diego County, California",3764,3560,3515,-204,-45,-249,-5.42,-1.26,-6.62,San Diego County
1400000US06073003115,"Census Tract 31.15, San Diego County, California",6337,5866,5828,-471,-38,-509,-7.43,-0.65,-8.03,San Diego County
1400000US06073003201,"Census Tract 32.01, San Diego County, California",5649,5372,5399,-277,27,-250,-4.9,0.5,-4.43,San Diego County
1400000US06073003202,"Census Tract 32.02, San Diego County, California",4525,4654,4661,129,7,136,2.85,0.15,3.01,San Diego County
1400000US06073003204,"Census Tract 32.04, San Diego County, California",3240,3200,3451,-40,251,211,-1.23,7.84,6.51,San Diego County
1400000US06073003207,"Census Tract 32.07, San Diego County, California",6288,6413,6086,125,-327,-202,1.99,-5.1,-3.21,San Diego County
1400000US06073003208,"Census Tract 32.08, San Diego County, California",6995,6788,6964,-207,176,-31,-2.96,2.59,-0.44,San Diego County
1400000US06073003209,"Census Tract 32.09, San Diego County, California",5547,5424,5382,-123,-42,-165,-2.22,-0.77,-2.97,San Diego County
1400000US06073003211,"Census Tract 32.11, San Diego County, California",3332,3250,3213,-82,-37,-119,-2.46,-1.14,-3.57,San Diego County
1400000US06073003212,"Census Tract 32.12, San Diego County, California",4244,4102,3774,-142,-328,-470,-3.35,-8,-11.07,San Diego County
1400000US06073003213,"Census Tract 32.13, San Diego County, California",3964,3798,3765,-166,-33,-199,-4.19,-0.87,-5.02,San Diego County
1400000US06073003214,"Census Tract 32.14, San Diego County, California",5143,5058,5121,-85,63,-22,-1.65,1.25,-0.43,San Diego County
1400000US06073003301,"Census Tract 33.01, San Diego County, California",3933,3760,3631,-173,-129,-302,-4.4,-3.43,-7.68,San Diego County
1400000US06073003303,"Census Tract 33.03, San Diego County, California",4411,4725,4536,314,-189,125,7.12,-4,2.83,San Diego County
1400000US06073003304,"Census Tract 33.04, San Diego County, California",3714,3454,3390,-260,-64,-324,-7,-1.85,-8.72,San Diego County
1400000US06073003305,"Census Tract 33.05, San Diego County, California",7050,7060,6904,10,-156,-146,0.14,-2.21,-2.07,San Diego County
1400000US06073003401,"Census Tract 34.01, San Diego County, California",6792,6494,5948,-298,-546,-844,-4.39,-8.41,-12.43,San Diego County
1400000US06073003403,"Census Tract 34.03, San Diego County, California",3844,4096,4415,252,319,571,6.56,7.79,14.85,San Diego County
1400000US06073003404,"Census Tract 34.04, San Diego County, California",5232,4800,4528,-432,-272,-704,-8.26,-5.67,-13.46,San Diego County
1400000US06073003501,"Census Tract 35.01, San Diego County, California",4433,4023,4150,-410,127,-283,-9.25,3.16,-6.38,San Diego County
1400000US06073003502,"Census Tract 35.02, San Diego County, California",5114,4895,4917,-219,22,-197,-4.28,0.45,-3.85,San Diego County
1400000US06073003601,"Census Tract 36.01, San Diego County, California",3351,3357,3526,6,169,175,0.18,5.03,5.22,San Diego County
1400000US06073003602,"Census Tract 36.02, San Diego County, California",3520,3609,3593,89,-16,73,2.53,-0.44,2.07,San Diego County
1400000US06073003603,"Census Tract 36.03, San Diego County, California",3520,2992,3312,-528,320,-208,-15,10.7,-5.91,San Diego County
1400000US06073003800,"Census Tract 38, San Diego County, California",6029,10676,9630,4647,-1046,3601,77.08,-9.8,59.73,San Diego County
1400000US06073003901,"Census Tract 39.01, San Diego County, California",4539,4422,4375,-117,-47,-164,-2.58,-1.06,-3.61,San Diego County
1400000US06073003902,"Census Tract 39.02, San Diego County, California",4739,4603,4282,-136,-321,-457,-2.87,-6.97,-9.64,San Diego County
1400000US06073004000,"Census Tract 40, San Diego County, California",4552,4130,4164,-422,34,-388,-9.27,0.82,-8.52,San Diego County
1400000US06073004101,"Census Tract 41.01, San Diego County, California",4699,4318,4173,-381,-145,-526,-8.11,-3.36,-11.19,San Diego County
1400000US06073004102,"Census Tract 41.02, San Diego County, California",2359,2004,2185,-355,181,-174,-15.05,9.03,-7.38,San Diego County
1400000US06073004200,"Census Tract 42, San Diego County, California",5925,5749,6155,-176,406,230,-2.97,7.06,3.88,San Diego County
1400000US06073004300,"Census Tract 43, San Diego County, California",3972,4091,4365,119,274,393,3,6.7,9.89,San Diego County
1400000US06073004400,"Census Tract 44, San Diego County, California",4129,4088,3970,-41,-118,-159,-0.99,-2.89,-3.85,San Diego County
1400000US06073004501,"Census Tract 45.01, San Diego County, California",2423,2431,2774,8,343,351,0.33,14.11,14.49,San Diego County
1400000US06073004600,"Census Tract 46, San Diego County, California",1967,2005,2034,38,29,67,1.93,1.45,3.41,San Diego County
1400000US06073004700,"Census Tract 47, San Diego County, California",1646,1580,1446,-66,-134,-200,-4.01,-8.48,-12.15,San Diego County
1400000US06073004800,"Census Tract 48, San Diego County, California",3906,3789,3584,-117,-205,-322,-3,-5.41,-8.24,San Diego County
1400000US06073004900,"Census Tract 49, San Diego County, California",5431,5173,4877,-258,-296,-554,-4.75,-5.72,-10.2,San Diego County
1400000US06073005000,"Census Tract 50, San Diego County, California",2285,2147,2108,-138,-39,-177,-6.04,-1.82,-7.75,San Diego County
1400000US06073005101,"Census Tract 51.01, San Diego County, California",1757,2074,2912,317,838,1155,18.04,40.41,65.74,San Diego County
1400000US06073005102,"Census Tract 51.02, San Diego County, California",3281,3874,4200,593,326,919,18.07,8.42,28.01,San Diego County
1400000US06073005103,"Census Tract 51.03, San Diego County, California",2637,2198,2732,-439,534,95,-16.65,24.29,3.6,San Diego County
1400000US06073005201,"Census Tract 52.01, San Diego County, California",2856,3034,3194,178,160,338,6.23,5.27,11.83,San Diego County
1400000US06073005202,"Census Tract 52.02, San Diego County, California",4474,4706,4796,232,90,322,5.19,1.91,7.2,San Diego County
1400000US06073005301,"Census Tract 53.01, San Diego County, California",2386,2533,2987,147,454,601,6.16,17.92,25.19,San Diego County
1400000US06073005302,"Census Tract 53.02, San Diego County, California",3640,3924,3883,284,-41,243,7.8,-1.04,6.68,San Diego County
1400000US06073005401,"Census Tract 54.01, San Diego County, California",1708,1760,1604,52,-156,-104,3.04,-8.86,-6.09,San Diego County
1400000US06073005402,"Census Tract 54.02, San Diego County, California",4066,4238,4590,172,352,524,4.23,8.31,12.89,San Diego County
1400000US06073005403,"Census Tract 54.03, San Diego County, California",2536,2465,2446,-71,-19,-90,-2.8,-0.77,-3.55,San Diego County
1400000US06073005500,"Census Tract 55, San Diego County, California",297,316,241,19,-75,-56,6.4,-23.73,-18.86,San Diego County
1400000US06073005601,"Census Tract 56.01, San Diego County, California",2432,2751,2749,319,-2,317,13.12,-0.07,13.03,San Diego County
1400000US06073005602,"Census Tract 56.02, San Diego County, California",2069,2111,2192,42,81,123,2.03,3.84,5.94,San Diego County
1400000US06073005700,"Census Tract 57, San Diego County, California",1569,1579,1902,10,323,333,0.64,20.46,21.22,San Diego County
1400000US06073005801,"Census Tract 58.01, San Diego County, California",1653,1691,1729,38,38,76,2.3,2.25,4.6,San Diego County
1400000US06073005802,"Census Tract 58.02, San Diego County, California",2459,2448,2972,-11,524,513,-0.45,21.41,20.86,San Diego County
1400000US06073005900,"Census Tract 59, San Diego County, California",3407,3071,3085,-336,14,-322,-9.86,0.46,-9.45,San Diego County
1400000US06073006000,"Census Tract 60, San Diego County, California",4115,3910,4111,-205,201,-4,-4.98,5.14,-0.1,San Diego County
1400000US06073006100,"Census Tract 61, San Diego County, California",2302,2262,2232,-40,-30,-70,-1.74,-1.33,-3.04,San Diego County
1400000US06073006200,"Census Tract 62, San Diego County, California",46,41,36,-5,-5,-10,-10.87,-12.2,-21.74,San Diego County
1400000US06073006300,"Census Tract 63, San Diego County, California",3443,3249,2807,-194,-442,-636,-5.63,-13.6,-18.47,San Diego County
1400000US06073006500,"Census Tract 65, San Diego County, California",3469,3332,3588,-137,256,119,-3.95,7.68,3.43,San Diego County
1400000US06073006600,"Census Tract 66, San Diego County, California",1820,1863,1908,43,45,88,2.36,2.42,4.84,San Diego County
1400000US06073006801,"Census Tract 68.01, San Diego County, California",3260,3157,3159,-103,2,-101,-3.16,0.06,-3.1,San Diego County
1400000US06073006802,"Census Tract 68.02, San Diego County, California",5557,5776,5845,219,69,288,3.94,1.19,5.18,San Diego County
1400000US06073006900,"Census Tract 69, San Diego County, California",6061,6063,6310,2,247,249,0.03,4.07,4.11,San Diego County
1400000US06073007002,"Census Tract 70.02, San Diego County, California",3031,2983,3102,-48,119,71,-1.58,3.99,2.34,San Diego County
1400000US06073007100,"Census Tract 71, San Diego County, California",4756,4320,4450,-436,130,-306,-9.17,3.01,-6.43,San Diego County
1400000US06073007200,"Census Tract 72, San Diego County, California",6024,5905,5784,-119,-121,-240,-1.98,-2.05,-3.98,San Diego County
1400000US06073007302,"Census Tract 73.02, San Diego County, California",2589,2588,2568,-1,-20,-21,-0.04,-0.77,-0.81,San Diego County
1400000US06073007303,"Census Tract 73.03, San Diego County, California",1750,1827,1659,77,-168,-91,4.4,-9.2,-5.2,San Diego County
1400000US06073007304,"Census Tract 73.04, San Diego County, California",3532,3525,3451,-7,-74,-81,-0.2,-2.1,-2.29,San Diego County
1400000US06073007401,"Census Tract 74.01, San Diego County, California",3174,3034,2850,-140,-184,-324,-4.41,-6.06,-10.21,San Diego County
1400000US06073007402,"Census Tract 74.02, San Diego County, California",4434,4294,3915,-140,-379,-519,-3.16,-8.83,-11.71,San Diego County
1400000US06073007501,"Census Tract 75.01, San Diego County, California",4451,4061,4145,-390,84,-306,-8.76,2.07,-6.87,San Diego County
1400000US06073007502,"Census Tract 75.02, San Diego County, California",3335,3178,3017,-157,-161,-318,-4.71,-5.07,-9.54,San Diego County
1400000US06073007601,"Census Tract 76.01, San Diego County, California",2407,2350,1923,-57,-427,-484,-2.37,-18.17,-20.11,San Diego County
1400000US06073007602,"Census Tract 76.02, San Diego County, California",1705,1719,1690,14,-29,-15,0.82,-1.69,-0.88,San Diego County
1400000US06073007701,"Census Tract 77.01, San Diego County, California",4204,4263,4091,59,-172,-113,1.4,-4.03,-2.69,San Diego County
1400000US06073007702,"Census Tract 77.02, San Diego County, California",3748,3377,3345,-371,-32,-403,-9.9,-0.95,-10.75,San Diego County
1400000US06073007800,"Census Tract 78, San Diego County, California",5759,6096,5792,337,-304,33,5.85,-4.99,0.57,San Diego County
1400000US06073007905,"Census Tract 79.05, San Diego County, California",2604,2541,2557,-63,16,-47,-2.42,0.63,-1.8,San Diego County
1400000US06073007907,"Census Tract 79.07, San Diego County, California",3462,3402,3206,-60,-196,-256,-1.73,-5.76,-7.39,San Diego County
1400000US06073007908,"Census Tract 79.08, San Diego County, California",3699,3484,3239,-215,-245,-460,-5.81,-7.03,-12.44,San Diego County
1400000US06073007910,"Census Tract 79.10, San Diego County, California",3247,2933,2830,-314,-103,-417,-9.67,-3.51,-12.84,San Diego County
1400000US06073007911,"Census Tract 79.11, San Diego County, California",2318,2207,2158,-111,-49,-160,-4.79,-2.22,-6.9,San Diego County
1400000US06073007912,"Census Tract 79.12, San Diego County, California",1640,1680,1539,40,-141,-101,2.44,-8.39,-6.16,San Diego County
1400000US06073008002,"Census Tract 80.02, San Diego County, California",2769,2629,2583,-140,-46,-186,-5.06,-1.75,-6.72,San Diego County
1400000US06073008003,"Census Tract 80.03, San Diego County, California",3793,3412,3392,-381,-20,-401,-10.04,-0.59,-10.57,San Diego County
1400000US06073008006,"Census Tract 80.06, San Diego County, California",3888,3792,4009,-96,217,121,-2.47,5.72,3.11,San Diego County
1400000US06073008101,"Census Tract 81.01, San Diego County, California",3808,3645,3463,-163,-182,-345,-4.28,-4.99,-9.06,San Diego County
1400000US06073008102,"Census Tract 81.02, San Diego County, California",3515,3332,3282,-183,-50,-233,-5.21,-1.5,-6.63,San Diego County
1400000US06073008201,"Census Tract 82.01, San Diego County, California",2065,2017,1893,-48,-124,-172,-2.32,-6.15,-8.33,San Diego County
1400000US06073008202,"Census Tract 82.02, San Diego County, California",1031,1129,1242,98,113,211,9.51,10.01,20.47,San Diego County
1400000US06073008301,"Census Tract 83.01, San Diego County, California",3205,3122,3240,-83,118,35,-2.59,3.78,1.09,San Diego County
1400000US06073008303,"Census Tract 83.03, San Diego County, California",3471,3243,3048,-228,-195,-423,-6.57,-6.01,-12.19,San Diego County
1400000US06073008305,"Census Tract 83.05, San Diego County, California",1178,1063,4431,-115,3368,3253,-9.76,316.84,276.15,San Diego County
1400000US06073008306,"Census Tract 83.06, San Diego County, California",2899,2822,2648,-77,-174,-251,-2.66,-6.17,-8.66,San Diego County
1400000US06073008307,"Census Tract 83.07, San Diego County, California",4437,4329,4331,-108,2,-106,-2.43,0.05,-2.39,San Diego County
1400000US06073008310,"Census Tract 83.10, San Diego County, California",5752,6219,6369,467,150,617,8.12,2.41,10.73,San Diego County
1400000US06073008311,"Census Tract 83.11, San Diego County, California",2778,2668,2581,-110,-87,-197,-3.96,-3.26,-7.09,San Diego County
1400000US06073008312,"Census Tract 83.12, San Diego County, California",3657,3492,3386,-165,-106,-271,-4.51,-3.04,-7.41,San Diego County
1400000US06073008313,"Census Tract 83.13, San Diego County, California",2200,2244,2228,44,-16,28,2,-0.71,1.27,San Diego County
1400000US06073008324,"Census Tract 83.24, San Diego County, California",7134,6917,6681,-217,-236,-453,-3.04,-3.41,-6.35,San Diego County
1400000US06073008327,"Census Tract 83.27, San Diego County, California",5838,5617,5548,-221,-69,-290,-3.79,-1.23,-4.97,San Diego County
1400000US06073008328,"Census Tract 83.28, San Diego County, California",6697,6934,7436,237,502,739,3.54,7.24,11.03,San Diego County
1400000US06073008330,"Census Tract 83.30, San Diego County, California",4826,4610,4560,-216,-50,-266,-4.48,-1.08,-5.51,San Diego County
1400000US06073008331,"Census Tract 83.31, San Diego County, California",2706,2625,2667,-81,42,-39,-2.99,1.6,-1.44,San Diego County
1400000US06073008336,"Census Tract 83.36, San Diego County, California",2268,2147,2184,-121,37,-84,-5.34,1.72,-3.7,San Diego County
1400000US06073008337,"Census Tract 83.37, San Diego County, California",5182,5009,4901,-173,-108,-281,-3.34,-2.16,-5.42,San Diego County
1400000US06073008339,"Census Tract 83.39, San Diego County, California",1916,1788,1869,-128,81,-47,-6.68,4.53,-2.45,San Diego County
1400000US06073008343,"Census Tract 83.43, San Diego County, California",4710,4339,4197,-371,-142,-513,-7.88,-3.27,-10.89,San Diego County
1400000US06073008344,"Census Tract 83.44, San Diego County, California",3774,3665,3593,-109,-72,-181,-2.89,-1.96,-4.8,San Diego County
1400000US06073008345,"Census Tract 83.45, San Diego County, California",4662,4186,4302,-476,116,-360,-10.21,2.77,-7.72,San Diego County
1400000US06073008346,"Census Tract 83.46, San Diego County, California",4380,4372,4332,-8,-40,-48,-0.18,-0.91,-1.1,San Diego County
1400000US06073008347,"Census Tract 83.47, San Diego County, California",7294,6885,6723,-409,-162,-571,-5.61,-2.35,-7.83,San Diego County
1400000US06073008348,"Census Tract 83.48, San Diego County, California",5363,5063,4951,-300,-112,-412,-5.59,-2.21,-7.68,San Diego County
1400000US06073008349,"Census Tract 83.49, San Diego County, California",3974,3811,3632,-163,-179,-342,-4.1,-4.7,-8.61,San Diego County
1400000US06073008350,"Census Tract 83.50, San Diego County, California",6807,6612,6314,-195,-298,-493,-2.86,-4.51,-7.24,San Diego County
1400000US06073008351,"Census Tract 83.51, San Diego County, California",4792,4578,4680,-214,102,-112,-4.47,2.23,-2.34,San Diego County
1400000US06073008352,"Census Tract 83.52, San Diego County, California",4216,3905,4276,-311,371,60,-7.38,9.5,1.42,San Diego County
1400000US06073008353,"Census Tract 83.53, San Diego County, California",5218,4928,4853,-290,-75,-365,-5.56,-1.52,-7,San Diego County
1400000US06073008355,"Census Tract 83.55, San Diego County, California",3120,3065,3025,-55,-40,-95,-1.76,-1.31,-3.04,San Diego County
1400000US06073008356,"Census Tract 83.56, San Diego County, California",4295,3980,3970,-315,-10,-325,-7.33,-0.25,-7.57,San Diego County
1400000US06073008357,"Census Tract 83.57, San Diego County, California",4897,4458,4376,-439,-82,-521,-8.96,-1.84,-10.64,San Diego County
1400000US06073008358,"Census Tract 83.58, San Diego County, California",7246,7334,7206,88,-128,-40,1.21,-1.75,-0.55,San Diego County
1400000US06073008359,"Census Tract 83.59, San Diego County, California",4472,4596,4464,124,-132,-8,2.77,-2.87,-0.18,San Diego County
1400000US06073008360,"Census Tract 83.60, San Diego County, California",7256,7160,7203,-96,43,-53,-1.32,0.6,-0.73,San Diego County
1400000US06073008361,"Census Tract 83.61, San Diego County, California",2844,2742,2708,-102,-34,-136,-3.59,-1.24,-4.78,San Diego County
1400000US06073008362,"Census Tract 83.62, San Diego County, California",3478,3256,3156,-222,-100,-322,-6.38,-3.07,-9.26,San Diego County
1400000US06073008363,"Census Tract 83.63, San Diego County, California",4978,5033,5287,55,254,309,1.1,5.05,6.21,San Diego County
1400000US06073008364,"Census Tract 83.64, San Diego County, California",5528,4958,4916,-570,-42,-612,-10.31,-0.85,-11.07,San Diego County
1400000US06073008365,"Census Tract 83.65, San Diego County, California",2943,2706,2627,-237,-79,-316,-8.05,-2.92,-10.74,San Diego County
1400000US06073008366,"Census Tract 83.66, San Diego County, California",7239,7030,6716,-209,-314,-523,-2.89,-4.47,-7.22,San Diego County
1400000US06073008367,"Census Tract 83.67, San Diego County, California",3179,2881,3134,-298,253,-45,-9.37,8.78,-1.42,San Diego County
1400000US06073008368,"Census Tract 83.68, San Diego County, California",7098,7133,6579,35,-554,-519,0.49,-7.77,-7.31,San Diego County
1400000US06073008369,"Census Tract 83.69, San Diego County, California",3922,4052,4221,130,169,299,3.31,4.17,7.62,San Diego County
1400000US06073008370,"Census Tract 83.70, San Diego County, California",3886,3897,3651,11,-246,-235,0.28,-6.31,-6.05,San Diego County
1400000US06073008371,"Census Tract 83.71, San Diego County, California",3516,3540,3760,24,220,244,0.68,6.21,6.94,San Diego County
1400000US06073008372,"Census Tract 83.72, San Diego County, California",4119,3951,3931,-168,-20,-188,-4.08,-0.51,-4.56,San Diego County
1400000US06073008373,"Census Tract 83.73, San Diego County, California",3407,3606,3603,199,-3,196,5.84,-0.08,5.75,San Diego County
1400000US06073008374,"Census Tract 83.74, San Diego County, California",4363,4217,4005,-146,-212,-358,-3.35,-5.03,-8.21,San Diego County
1400000US06073008375,"Census Tract 83.75, San Diego County, California",4104,3893,4029,-211,136,-75,-5.14,3.49,-1.83,San Diego County
1400000US06073008376,"Census Tract 83.76, San Diego County, California",6001,6565,6367,564,-198,366,9.4,-3.02,6.1,San Diego County
1400000US06073008377,"Census Tract 83.77, San Diego County, California",2223,1997,2036,-226,39,-187,-10.17,1.95,-8.41,San Diego County
1400000US06073008378,"Census Tract 83.78, San Diego County, California",813,781,870,-32,89,57,-3.94,11.4,7.01,San Diego County
1400000US06073008379,"Census Tract 83.79, San Diego County, California",4255,3889,4282,-366,393,27,-8.6,10.11,0.63,San Diego County
1400000US06073008380,"Census Tract 83.80, San Diego County, California",7229,6932,7052,-297,120,-177,-4.11,1.73,-2.45,San Diego County
1400000US06073008381,"Census Tract 83.81, San Diego County, California",3582,3259,3468,-323,209,-114,-9.02,6.41,-3.18,San Diego County
1400000US06073008501,"Census Tract 85.01, San Diego County, California",5925,5845,6101,-80,256,176,-1.35,4.38,2.97,San Diego County
1400000US06073008502,"Census Tract 85.02, San Diego County, California",7965,7310,6953,-655,-357,-1012,-8.22,-4.88,-12.71,San Diego County
1400000US06073008503,"Census Tract 85.03, San Diego County, California",8599,8183,8026,-416,-157,-573,-4.84,-1.92,-6.66,San Diego County
1400000US06073008504,"Census Tract 85.04, San Diego County, California",6409,5975,6145,-434,170,-264,-6.77,2.85,-4.12,San Diego County
1400000US06073008505,"Census Tract 85.05, San Diego County, California",5888,5600,5485,-288,-115,-403,-4.89,-2.05,-6.84,San Diego County
1400000US06073008506,"Census Tract 85.06, San Diego County, California",4539,4391,4156,-148,-235,-383,-3.26,-5.35,-8.44,San Diego County
1400000US06073008507,"Census Tract 85.07, San Diego County, California",7818,7614,7406,-204,-208,-412,-2.61,-2.73,-5.27,San Diego County
1400000US06073008509,"Census Tract 85.09, San Diego County, California",7076,6945,6745,-131,-200,-331,-1.85,-2.88,-4.68,San Diego County
1400000US06073008510,"Census Tract 85.10, San Diego County, California",6613,6176,6006,-437,-170,-607,-6.61,-2.75,-9.18,San Diego County
1400000US06073008511,"Census Tract 85.11, San Diego County, California",5128,5074,5172,-54,98,44,-1.05,1.93,0.86,San Diego County
1400000US06073008512,"Census Tract 85.12, San Diego County, California",4571,4178,4169,-393,-9,-402,-8.6,-0.22,-8.79,San Diego County
1400000US06073008513,"Census Tract 85.13, San Diego County, California",2810,2861,2800,51,-61,-10,1.81,-2.13,-0.36,San Diego County
1400000US06073008600,"Census Tract 86, San Diego County, California",7542,7481,6824,-61,-657,-718,-0.81,-8.78,-9.52,San Diego County
1400000US06073008701,"Census Tract 87.01, San Diego County, California",3010,3153,3439,143,286,429,4.75,9.07,14.25,San Diego County
1400000US06073008702,"Census Tract 87.02, San Diego County, California",5377,5438,5008,61,-430,-369,1.13,-7.91,-6.86,San Diego County
1400000US06073008800,"Census Tract 88, San Diego County, California",7245,7051,6999,-194,-52,-246,-2.68,-0.74,-3.4,San Diego County
1400000US06073008901,"Census Tract 89.01, San Diego County, California",5517,5189,5289,-328,100,-228,-5.95,1.93,-4.13,San Diego County
1400000US06073008902,"Census Tract 89.02, San Diego County, California",2624,2895,3215,271,320,591,10.33,11.05,22.52,San Diego County
1400000US06073009000,"Census Tract 90, San Diego County, California",5017,4727,4177,-290,-550,-840,-5.78,-11.64,-16.74,San Diego County
1400000US06073009101,"Census Tract 91.01, San Diego County, California",5874,5530,5597,-344,67,-277,-5.86,1.21,-4.72,San Diego County
1400000US06073009102,"Census Tract 91.02, San Diego County, California",4288,4193,4137,-95,-56,-151,-2.22,-1.34,-3.52,San Diego County
1400000US06073009103,"Census Tract 91.03, San Diego County, California",4247,4167,4053,-80,-114,-194,-1.88,-2.74,-4.57,San Diego County
1400000US06073009104,"Census Tract 91.04, San Diego County, California",2922,2853,2821,-69,-32,-101,-2.36,-1.12,-3.46,San Diego County
1400000US06073009107,"Census Tract 91.07, San Diego County, California",5081,5138,4991,57,-147,-90,1.12,-2.86,-1.77,San Diego County
1400000US06073009108,"Census Tract 91.08, San Diego County, California",1965,1940,2062,-25,122,97,-1.27,6.29,4.94,San Diego County
1400000US06073009109,"Census Tract 91.09, San Diego County, California",3323,3733,3508,410,-225,185,12.34,-6.03,5.57,San Diego County
1400000US06073009201,"Census Tract 92.01, San Diego County, California",5683,5881,5900,198,19,217,3.48,0.32,3.82,San Diego County
1400000US06073009203,"Census Tract 92.03, San Diego County, California",2986,3435,3959,449,524,973,15.04,15.25,32.59,San Diego County
1400000US06073009204,"Census Tract 92.04, San Diego County, California",4067,4013,4118,-54,105,51,-1.33,2.62,1.25,San Diego County
1400000US06073009301,"Census Tract 93.01, San Diego County, California",5809,5607,5555,-202,-52,-254,-3.48,-0.93,-4.37,San Diego County
1400000US06073009305,"Census Tract 93.05, San Diego County, California",4911,4840,5049,-71,209,138,-1.45,4.32,2.81,San Diego County
1400000US06073009306,"Census Tract 93.06, San Diego County, California",5617,5666,5871,49,205,254,0.87,3.62,4.52,San Diego County
1400000US06073009307,"Census Tract 93.07, San Diego County, California",4171,3868,4190,-303,322,19,-7.26,8.32,0.46,San Diego County
1400000US06073009308,"Census Tract 93.08, San Diego County, California",4326,4031,4545,-295,514,219,-6.82,12.75,5.06,San Diego County
1400000US06073009400,"Census Tract 94, San Diego County, California",4688,5066,4873,378,-193,185,8.06,-3.81,3.95,San Diego County
1400000US06073009502,"Census Tract 95.02, San Diego County, California",4342,4134,4247,-208,113,-95,-4.79,2.73,-2.19,San Diego County
1400000US06073009504,"Census Tract 95.04, San Diego County, California",6262,6167,6198,-95,31,-64,-1.52,0.5,-1.02,San Diego County
1400000US06073009505,"Census Tract 95.05, San Diego County, California",7179,6652,6369,-527,-283,-810,-7.34,-4.25,-11.28,San Diego County
1400000US06073009506,"Census Tract 95.06, San Diego County, California",4624,4576,4443,-48,-133,-181,-1.04,-2.91,-3.91,San Diego County
1400000US06073009507,"Census Tract 95.07, San Diego County, California",3973,3947,3840,-26,-107,-133,-0.65,-2.71,-3.35,San Diego County
1400000US06073009509,"Census Tract 95.09, San Diego County, California",4819,4774,5108,-45,334,289,-0.93,7,6,San Diego County
1400000US06073009510,"Census Tract 95.10, San Diego County, California",4896,4916,4924,20,8,28,0.41,0.16,0.57,San Diego County
1400000US06073009511,"Census Tract 95.11, San Diego County, California",4576,4167,4072,-409,-95,-504,-8.94,-2.28,-11.01,San Diego County
1400000US06073009602,"Census Tract 96.02, San Diego County, California",4145,4078,3837,-67,-241,-308,-1.62,-5.91,-7.43,San Diego County
1400000US06073009603,"Census Tract 96.03, San Diego County, California",5668,5768,6231,100,463,563,1.76,8.03,9.93,San Diego County
1400000US06073009604,"Census Tract 96.04, San Diego County, California",3465,3426,3324,-39,-102,-141,-1.13,-2.98,-4.07,San Diego County
1400000US06073009703,"Census Tract 97.03, San Diego County, California",3057,3167,3407,110,240,350,3.6,7.58,11.45,San Diego County
1400000US06073009704,"Census Tract 97.04, San Diego County, California",6732,6574,6526,-158,-48,-206,-2.35,-0.73,-3.06,San Diego County
1400000US06073009705,"Census Tract 97.05, San Diego County, California",3868,3597,3689,-271,92,-179,-7.01,2.56,-4.63,San Diego County
1400000US06073009706,"Census Tract 97.06, San Diego County, California",7515,7101,7029,-414,-72,-486,-5.51,-1.01,-6.47,San Diego County
1400000US06073009801,"Census Tract 98.01, San Diego County, California",5213,5075,4872,-138,-203,-341,-2.65,-4,-6.54,San Diego County
1400000US06073009802,"Census Tract 98.02, San Diego County, California",6673,6588,6935,-85,347,262,-1.27,5.27,3.93,San Diego County
1400000US06073009804,"Census Tract 98.04, San Diego County, California",5737,5627,5663,-110,36,-74,-1.92,0.64,-1.29,San Diego County
1400000US06073009805,"Census Tract 98.05, San Diego County, California",4642,4748,4623,106,-125,-19,2.28,-2.63,-0.41,San Diego County
1400000US06073009901,"Census Tract 99.01, San Diego County, California",882,969,855,87,-114,-27,9.86,-11.76,-3.06,San Diego County
1400000US06073009902,"Census Tract 99.02, San Diego County, California",0,0,0,0,0,0,#DIV/0!,#DIV/0!,#DIV/0!,San Diego County
1400000US06073010001,"Census Tract 100.01, San Diego County, California",4927,4557,4415,-370,-142,-512,-7.51,-3.12,-10.39,San Diego County
1400000US06073010003,"Census Tract 100.03, San Diego County, California",6134,5457,5237,-677,-220,-897,-11.04,-4.03,-14.62,San Diego County
1400000US06073010004,"Census Tract 100.04, San Diego County, California",5562,5583,5446,21,-137,-116,0.38,-2.45,-2.09,San Diego County
1400000US06073010005,"Census Tract 100.05, San Diego County, California",7717,7201,6951,-516,-250,-766,-6.69,-3.47,-9.93,San Diego County
1400000US06073010009,"Census Tract 100.09, San Diego County, California",6514,6113,5780,-401,-333,-734,-6.16,-5.45,-11.27,San Diego County
1400000US06073010010,"Census Tract 100.10, San Diego County, California",5242,5107,4705,-135,-402,-537,-2.58,-7.87,-10.24,San Diego County
1400000US06073010011,"Census Tract 100.11, San Diego County, California",4459,4547,4509,88,-38,50,1.97,-0.84,1.12,San Diego County
1400000US06073010012,"Census Tract 100.12, San Diego County, California",5351,5083,5141,-268,58,-210,-5.01,1.14,-3.92,San Diego County
1400000US06073010013,"Census Tract 100.13, San Diego County, California",5863,5595,5372,-268,-223,-491,-4.57,-3.99,-8.37,San Diego County
1400000US06073010015,"Census Tract 100.15, San Diego County, California",4082,4369,4233,287,-136,151,7.03,-3.11,3.7,San Diego County
1400000US06073010016,"Census Tract 100.16, San Diego County, California",4077,4061,3200,-16,-861,-877,-0.39,-21.2,-21.51,San Diego County
1400000US06073010017,"Census Tract 100.17, San Diego County, California",6104,5996,6261,-108,265,157,-1.77,4.42,2.57,San Diego County
1400000US06073010018,"Census Tract 100.18, San Diego County, California",6473,6040,6687,-433,647,214,-6.69,10.71,3.31,San Diego County
1400000US06073010019,"Census Tract 100.19, San Diego County, California",3180,3400,3519,220,119,339,6.92,3.5,10.66,San Diego County
1400000US06073010103,"Census Tract 101.03, San Diego County, California",7227,7045,6829,-182,-216,-398,-2.52,-3.07,-5.51,San Diego County
1400000US06073010104,"Census Tract 101.04, San Diego County, California",3659,3404,3338,-255,-66,-321,-6.97,-1.94,-8.77,San Diego County
1400000US06073010106,"Census Tract 101.06, San Diego County, California",5092,4879,4896,-213,17,-196,-4.18,0.35,-3.85,San Diego County
1400000US06073010107,"Census Tract 101.07, San Diego County, California",6709,6462,6168,-247,-294,-541,-3.68,-4.55,-8.06,San Diego County
1400000US06073010109,"Census Tract 101.09, San Diego County, California",5304,5167,5228,-137,61,-76,-2.58,1.18,-1.43,San Diego County
1400000US06073010110,"Census Tract 101.10, San Diego County, California",7567,6917,7097,-650,180,-470,-8.59,2.6,-6.21,San Diego County
1400000US06073010111,"Census Tract 101.11, San Diego County, California",3724,3693,3733,-31,40,9,-0.83,1.08,0.24,San Diego County
1400000US06073010112,"Census Tract 101.12, San Diego County, California",5633,5429,5293,-204,-136,-340,-3.62,-2.51,-6.04,San Diego County
1400000US06073010201,"Census Tract 102.01, San Diego County, California",3358,3325,3528,-33,203,170,-0.98,6.11,5.06,San Diego County
1400000US06073010202,"Census Tract 102.02, San Diego County, California",4221,3954,3711,-267,-243,-510,-6.33,-6.15,-12.08,San Diego County
1400000US06073010300,"Census Tract 103, San Diego County, California",4526,4423,4244,-103,-179,-282,-2.28,-4.05,-6.23,San Diego County
1400000US06073010401,"Census Tract 104.01, San Diego County, California",2600,2339,2318,-261,-21,-282,-10.04,-0.9,-10.85,San Diego County
1400000US06073010402,"Census Tract 104.02, San Diego County, California",5676,5740,5519,64,-221,-157,1.13,-3.85,-2.77,San Diego County
1400000US06073010501,"Census Tract 105.01, San Diego County, California",1490,1290,1251,-200,-39,-239,-13.42,-3.02,-16.04,San Diego County
1400000US06073010502,"Census Tract 105.02, San Diego County, California",5463,5304,5586,-159,282,123,-2.91,5.32,2.25,San Diego County
1400000US06073010601,"Census Tract 106.01, San Diego County, California",2470,2021,1825,-449,-196,-645,-18.18,-9.7,-26.11,San Diego County
1400000US06073010800,"Census Tract 108, San Diego County, California",2830,2343,2080,-487,-263,-750,-17.21,-11.22,-26.5,San Diego County
1400000US06073010900,"Census Tract 109, San Diego County, California",2293,1874,1634,-419,-240,-659,-18.27,-12.81,-28.74,San Diego County
1400000US06073011000,"Census Tract 110, San Diego County, California",3677,3052,2761,-625,-291,-916,-17,-9.53,-24.91,San Diego County
1400000US06073011100,"Census Tract 111, San Diego County, California",4730,3970,3428,-760,-542,-1302,-16.07,-13.65,-27.53,San Diego County
1400000US06073011300,"Census Tract 113, San Diego County, California",2697,2497,2562,-200,65,-135,-7.42,2.6,-5.01,San Diego County
1400000US06073011601,"Census Tract 116.01, San Diego County, California",5285,5731,5959,446,228,674,8.44,3.98,12.75,San Diego County
1400000US06073011602,"Census Tract 116.02, San Diego County, California",4028,4062,4031,34,-31,3,0.84,-0.76,0.07,San Diego County
1400000US06073011700,"Census Tract 117, San Diego County, California",5998,6542,6845,544,303,847,9.07,4.63,14.12,San Diego County
1400000US06073011801,"Census Tract 118.01, San Diego County, California",3716,3377,3497,-339,120,-219,-9.12,3.55,-5.89,San Diego County
1400000US06073011802,"Census Tract 118.02, San Diego County, California",7749,7409,7320,-340,-89,-429,-4.39,-1.2,-5.54,San Diego County
1400000US06073011902,"Census Tract 119.02, San Diego County, California",5960,6050,6034,90,-16,74,1.51,-0.26,1.24,San Diego County
1400000US06073012002,"Census Tract 120.02, San Diego County, California",3557,3380,3149,-177,-231,-408,-4.98,-6.83,-11.47,San Diego County
1400000US06073012003,"Census Tract 120.03, San Diego County, California",3072,2973,2910,-99,-63,-162,-3.22,-2.12,-5.27,San Diego County
1400000US06073012101,"Census Tract 121.01, San Diego County, California",2281,2228,2207,-53,-21,-74,-2.32,-0.94,-3.24,San Diego County
1400000US06073012102,"Census Tract 121.02, San Diego County, California",3096,3173,2890,77,-283,-206,2.49,-8.92,-6.65,San Diego County
1400000US06073012200,"Census Tract 122, San Diego County, California",3671,3655,3606,-16,-49,-65,-0.44,-1.34,-1.77,San Diego County
1400000US06073012302,"Census Tract 123.02, San Diego County, California",1582,1550,1606,-32,56,24,-2.02,3.61,1.52,San Diego County
1400000US06073012303,"Census Tract 123.03, San Diego County, California",3134,3559,3396,425,-163,262,13.56,-4.58,8.36,San Diego County
1400000US06073012304,"Census Tract 123.04, San Diego County, California",3969,4127,4254,158,127,285,3.98,3.08,7.18,San Diego County
1400000US06073012401,"Census Tract 124.01, San Diego County, California",3039,2907,3005,-132,98,-34,-4.34,3.37,-1.12,San Diego County
1400000US06073012402,"Census Tract 124.02, San Diego County, California",5544,5602,5730,58,128,186,1.05,2.28,3.35,San Diego County
1400000US06073012501,"Census Tract 125.01, San Diego County, California",3557,3754,3997,197,243,440,5.54,6.47,12.37,San Diego County
1400000US06073012502,"Census Tract 125.02, San Diego County, California",4460,4535,4661,75,126,201,1.68,2.78,4.51,San Diego County
1400000US06073012600,"Census Tract 126, San Diego County, California",4646,4994,4944,348,-50,298,7.49,-1,6.41,San Diego County
1400000US06073012700,"Census Tract 127, San Diego County, California",4514,4971,4990,457,19,476,10.12,0.38,10.54,San Diego County
1400000US06073012800,"Census Tract 128, San Diego County, California",4124,3884,3786,-240,-98,-338,-5.82,-2.52,-8.2,San Diego County
1400000US06073012900,"Census Tract 129, San Diego County, California",3461,3348,3374,-113,26,-87,-3.26,0.78,-2.51,San Diego County
1400000US06073013000,"Census Tract 130, San Diego County, California",5698,5981,5772,283,-209,74,4.97,-3.49,1.3,San Diego County
1400000US06073013102,"Census Tract 131.02, San Diego County, California",6480,6791,6909,311,118,429,4.8,1.74,6.62,San Diego County
1400000US06073013103,"Census Tract 131.03, San Diego County, California",2443,2296,2467,-147,171,24,-6.02,7.45,0.98,San Diego County
1400000US06073013104,"Census Tract 131.04, San Diego County, California",6288,6023,5765,-265,-258,-523,-4.21,-4.28,-8.32,San Diego County
1400000US06073013203,"Census Tract 132.03, San Diego County, California",5717,5582,6002,-135,420,285,-2.36,7.52,4.99,San Diego County
1400000US06073013204,"Census Tract 132.04, San Diego County, California",4297,4729,4452,432,-277,155,10.05,-5.86,3.61,San Diego County
1400000US06073013205,"Census Tract 132.05, San Diego County, California",2403,2298,2261,-105,-37,-142,-4.37,-1.61,-5.91,San Diego County
1400000US06073013206,"Census Tract 132.06, San Diego County, California",6752,6807,6266,55,-541,-486,0.81,-7.95,-7.2,San Diego County
1400000US06073013301,"Census Tract 133.01, San Diego County, California",4865,4956,5277,91,321,412,1.87,6.48,8.47,San Diego County
1400000US06073013302,"Census Tract 133.02, San Diego County, California",6734,6804,7134,70,330,400,1.04,4.85,5.94,San Diego County
1400000US06073013303,"Census Tract 133.03, San Diego County, California",4953,4837,4916,-116,79,-37,-2.34,1.63,-0.75,San Diego County
1400000US06073013306,"Census Tract 133.06, San Diego County, California",4425,4387,4055,-38,-332,-370,-0.86,-7.57,-8.36,San Diego County
1400000US06073013307,"Census Tract 133.07, San Diego County, California",5396,5332,5047,-64,-285,-349,-1.19,-5.35,-6.47,San Diego County
1400000US06073013308,"Census Tract 133.08, San Diego County, California",3938,3793,3909,-145,116,-29,-3.68,3.06,-0.74,San Diego County
1400000US06073013309,"Census Tract 133.09, San Diego County, California",6977,7044,7210,67,166,233,0.96,2.36,3.34,San Diego County
1400000US06073013312,"Census Tract 133.12, San Diego County, California",2779,2868,2821,89,-47,42,3.2,-1.64,1.51,San Diego County
1400000US06073013315,"Census Tract 133.15, San Diego County, California",3975,3862,4006,-113,144,31,-2.84,3.73,0.78,San Diego County
1400000US06073013316,"Census Tract 133.16, San Diego County, California",7332,8008,7890,676,-118,558,9.22,-1.47,7.61,San Diego County
1400000US06073013317,"Census Tract 133.17, San Diego County, California",13069,14978,16008,1909,1030,2939,14.61,6.88,22.49,San Diego County
1400000US06073013318,"Census Tract 133.18, San Diego County, California",7326,7484,8191,158,707,865,2.16,9.45,11.81,San Diego County
1400000US06073013319,"Census Tract 133.19, San Diego County, California",6717,7397,8215,680,818,1498,10.12,11.06,22.3,San Diego County
1400000US06073013320,"Census Tract 133.20, San Diego County, California",7304,7047,7187,-257,140,-117,-3.52,1.99,-1.6,San Diego County
1400000US06073013321,"Census Tract 133.21, San Diego County, California",8786,8302,8310,-484,8,-476,-5.51,0.1,-5.42,San Diego County
1400000US06073013322,"Census Tract 133.22, San Diego County, California",5071,5154,4494,83,-660,-577,1.64,-12.81,-11.38,San Diego County
1400000US06073013323,"Census Tract 133.23, San Diego County, California",6469,6351,6353,-118,2,-116,-1.82,0.03,-1.79,San Diego County
1400000US06073013324,"Census Tract 133.24, San Diego County, California",2306,2272,2218,-34,-54,-88,-1.47,-2.38,-3.82,San Diego County
1400000US06073013325,"Census Tract 133.25, San Diego County, California",5547,5773,6074,226,301,527,4.07,5.21,9.5,San Diego County
1400000US06073013326,"Census Tract 133.26, San Diego County, California",4657,3989,4357,-668,368,-300,-14.34,9.23,-6.44,San Diego County
1400000US06073013327,"Census Tract 133.27, San Diego County, California",5879,6641,6270,762,-371,391,12.96,-5.59,6.65,San Diego County
1400000US06073013401,"Census Tract 134.01, San Diego County, California",4096,4418,4419,322,1,323,7.86,0.02,7.89,San Diego County
1400000US06073013409,"Census Tract 134.09, San Diego County, California",5677,5938,6072,261,134,395,4.6,2.26,6.96,San Diego County
1400000US06073013411,"Census Tract 134.11, San Diego County, California",4877,4848,4795,-29,-53,-82,-0.59,-1.09,-1.68,San Diego County
1400000US06073013412,"Census Tract 134.12, San Diego County, California",4657,4743,5101,86,358,444,1.85,7.55,9.53,San Diego County
1400000US06073013414,"Census Tract 134.14, San Diego County, California",8062,7898,7256,-164,-642,-806,-2.03,-8.13,-10,San Diego County
1400000US06073013415,"Census Tract 134.15, San Diego County, California",1244,1249,1406,5,157,162,0.4,12.57,13.02,San Diego County
1400000US06073013416,"Census Tract 134.16, San Diego County, California",4033,4310,4182,277,-128,149,6.87,-2.97,3.69,San Diego County
1400000US06073013417,"Census Tract 134.17, San Diego County, California",2126,2070,2075,-56,5,-51,-2.63,0.24,-2.4,San Diego County
1400000US06073013418,"Census Tract 134.18, San Diego County, California",6242,6374,6179,132,-195,-63,2.11,-3.06,-1.01,San Diego County
1400000US06073013420,"Census Tract 134.20, San Diego County, California",3089,3224,3159,135,-65,70,4.37,-2.02,2.27,San Diego County
1400000US06073013421,"Census Tract 134.21, San Diego County, California",4081,4092,4008,11,-84,-73,0.27,-2.05,-1.79,San Diego County
1400000US06073013422,"Census Tract 134.22, San Diego County, California",3701,3941,4105,240,164,404,6.48,4.16,10.92,San Diego County
1400000US06073013423,"Census Tract 134.23, San Diego County, California",3169,3157,2911,-12,-246,-258,-0.38,-7.79,-8.14,San Diego County
1400000US06073013424,"Census Tract 134.24, San Diego County, California",6659,6769,6802,110,33,143,1.65,0.49,2.15,San Diego County
1400000US06073013425,"Census Tract 134.25, San Diego County, California",2021,1895,2017,-126,122,-4,-6.23,6.44,-0.2,San Diego County
1400000US06073013503,"Census Tract 135.03, San Diego County, California",6210,6179,6236,-31,57,26,-0.5,0.92,0.42,San Diego County
1400000US06073013504,"Census Tract 135.04, San Diego County, California",3891,3965,4061,74,96,170,1.9,2.42,4.37,San Diego County
1400000US06073013505,"Census Tract 135.05, San Diego County, California",6377,6484,6266,107,-218,-111,1.68,-3.36,-1.74,San Diego County
1400000US06073013506,"Census Tract 135.06, San Diego County, California",3852,4158,4432,306,274,580,7.94,6.59,15.06,San Diego County
1400000US06073013601,"Census Tract 136.01, San Diego County, California",5981,6006,5680,25,-326,-301,0.42,-5.43,-5.03,San Diego County
1400000US06073013604,"Census Tract 136.04, San Diego County, California",5952,6136,5984,184,-152,32,3.09,-2.48,0.54,San Diego County
1400000US06073013605,"Census Tract 136.05, San Diego County, California",6189,6330,6305,141,-25,116,2.28,-0.39,1.87,San Diego County
1400000US06073013607,"Census Tract 136.07, San Diego County, California",2602,2726,2839,124,113,237,4.77,4.15,9.11,San Diego County
1400000US06073013608,"Census Tract 136.08, San Diego County, California",3935,3922,4171,-13,249,236,-0.33,6.35,6,San Diego County
1400000US06073013701,"Census Tract 137.01, San Diego County, California",2403,2466,2369,63,-97,-34,2.62,-3.93,-1.41,San Diego County
1400000US06073013702,"Census Tract 137.02, San Diego County, California",5310,5652,5414,342,-238,104,6.44,-4.21,1.96,San Diego County
1400000US06073013801,"Census Tract 138.01, San Diego County, California",5172,5378,5594,206,216,422,3.98,4.02,8.16,San Diego County
1400000US06073013802,"Census Tract 138.02, San Diego County, California",3277,3428,3210,151,-218,-67,4.61,-6.36,-2.04,San Diego County
1400000US06073013903,"Census Tract 139.03, San Diego County, California",3878,3794,3764,-84,-30,-114,-2.17,-0.79,-2.94,San Diego County
1400000US06073013905,"Census Tract 139.05, San Diego County, California",4171,4696,4800,525,104,629,12.59,2.21,15.08,San Diego County
1400000US06073013906,"Census Tract 139.06, San Diego County, California",5137,5060,5181,-77,121,44,-1.5,2.39,0.86,San Diego County
1400000US06073013907,"Census Tract 139.07, San Diego County, California",3923,4231,4340,308,109,417,7.85,2.58,10.63,San Diego County
1400000US06073013908,"Census Tract 139.08, San Diego County, California",4177,4324,4235,147,-89,58,3.52,-2.06,1.39,San Diego County
1400000US06073013909,"Census Tract 139.09, San Diego County, California",5619,5856,5650,237,-206,31,4.22,-3.52,0.55,San Diego County
1400000US06073014001,"Census Tract 140.01, San Diego County, California",4788,4985,5045,197,60,257,4.11,1.2,5.37,San Diego County
1400000US06073014002,"Census Tract 140.02, San Diego County, California",4618,4572,4522,-46,-50,-96,-1,-1.09,-2.08,San Diego County
1400000US06073014101,"Census Tract 141.01, San Diego County, California",3478,3818,4020,340,202,542,9.78,5.29,15.58,San Diego County
1400000US06073014102,"Census Tract 141.02, San Diego County, California",3942,4042,3775,100,-267,-167,2.54,-6.61,-4.24,San Diego County
1400000US06073014200,"Census Tract 142, San Diego County, California",6486,6677,6543,191,-134,57,2.94,-2.01,0.88,San Diego County
1400000US06073014300,"Census Tract 143, San Diego County, California",3838,4281,4636,443,355,798,11.54,8.29,20.79,San Diego County
1400000US06073014400,"Census Tract 144, San Diego County, California",4272,4439,4379,167,-60,107,3.91,-1.35,2.5,San Diego County
1400000US06073014500,"Census Tract 145, San Diego County, California",3814,3968,4019,154,51,205,4.04,1.29,5.37,San Diego County
1400000US06073014601,"Census Tract 146.01, San Diego County, California",4383,4684,4835,301,151,452,6.87,3.22,10.31,San Diego County
1400000US06073014602,"Census Tract 146.02, San Diego County, California",5663,5468,5198,-195,-270,-465,-3.44,-4.94,-8.21,San Diego County
1400000US06073014701,"Census Tract 147.01, San Diego County, California",3766,3776,3770,10,-6,4,0.27,-0.16,0.11,San Diego County
1400000US06073014702,"Census Tract 147.02, San Diego County, California",4578,4340,4124,-238,-216,-454,-5.2,-4.98,-9.92,San Diego County
1400000US06073014803,"Census Tract 148.03, San Diego County, California",4417,4483,4737,66,254,320,1.49,5.67,7.24,San Diego County
1400000US06073014804,"Census Tract 148.04, San Diego County, California",4591,4585,4627,-6,42,36,-0.13,0.92,0.78,San Diego County
1400000US06073014805,"Census Tract 148.05, San Diego County, California",4597,4585,4595,-12,10,-2,-0.26,0.22,-0.04,San Diego County
1400000US06073014806,"Census Tract 148.06, San Diego County, California",3158,3128,3120,-30,-8,-38,-0.95,-0.26,-1.2,San Diego County
1400000US06073014901,"Census Tract 149.01, San Diego County, California",4234,4649,4855,415,206,621,9.8,4.43,14.67,San Diego County
1400000US06073014902,"Census Tract 149.02, San Diego County, California",2995,3007,2949,12,-58,-46,0.4,-1.93,-1.54,San Diego County
1400000US06073015001,"Census Tract 150.01, San Diego County, California",4784,4655,4567,-129,-88,-217,-2.7,-1.89,-4.54,San Diego County
1400000US06073015002,"Census Tract 150.02, San Diego County, California",2406,2668,2663,262,-5,257,10.89,-0.19,10.68,San Diego County
1400000US06073015100,"Census Tract 151, San Diego County, California",4870,5140,5118,270,-22,248,5.54,-0.43,5.09,San Diego County
1400000US06073015200,"Census Tract 152, San Diego County, California",3848,3940,3944,92,4,96,2.39,0.1,2.49,San Diego County
1400000US06073015301,"Census Tract 153.01, San Diego County, California",3722,3727,3767,5,40,45,0.13,1.07,1.21,San Diego County
1400000US06073015302,"Census Tract 153.02, San Diego County, California",4439,4607,4402,168,-205,-37,3.78,-4.45,-0.83,San Diego County
1400000US06073015403,"Census Tract 154.03, San Diego County, California",2550,2553,2533,3,-20,-17,0.12,-0.78,-0.67,San Diego County
1400000US06073015405,"Census Tract 154.05, San Diego County, California",5309,5539,5584,230,45,275,4.33,0.81,5.18,San Diego County
1400000US06073015406,"Census Tract 154.06, San Diego County, California",2642,2601,2526,-41,-75,-116,-1.55,-2.88,-4.39,San Diego County
1400000US06073015407,"Census Tract 154.07, San Diego County, California",3708,3899,3869,191,-30,161,5.15,-0.77,4.34,San Diego County
1400000US06073015408,"Census Tract 154.08, San Diego County, California",3947,3897,4078,-50,181,131,-1.27,4.64,3.32,San Diego County
1400000US06073015501,"Census Tract 155.01, San Diego County, California",5489,5504,5577,15,73,88,0.27,1.33,1.6,San Diego County
1400000US06073015502,"Census Tract 155.02, San Diego County, California",3058,3048,3130,-10,82,72,-0.33,2.69,2.35,San Diego County
1400000US06073015601,"Census Tract 156.01, San Diego County, California",5899,6071,5798,172,-273,-101,2.92,-4.5,-1.71,San Diego County
1400000US06073015602,"Census Tract 156.02, San Diego County, California",2665,2804,2802,139,-2,137,5.22,-0.07,5.14,San Diego County
1400000US06073015701,"Census Tract 157.01, San Diego County, California",6643,6618,6486,-25,-132,-157,-0.38,-1.99,-2.36,San Diego County
1400000US06073015704,"Census Tract 157.04, San Diego County, California",4148,4441,4483,293,42,335,7.06,0.95,8.08,San Diego County
1400000US06073015705,"Census Tract 157.05, San Diego County, California",3764,3887,3882,123,-5,118,3.27,-0.13,3.13,San Diego County
1400000US06073015706,"Census Tract 157.06, San Diego County, California",2439,2668,2689,229,21,250,9.39,0.79,10.25,San Diego County
1400000US06073015801,"Census Tract 158.01, San Diego County, California",3787,4054,4109,267,55,322,7.05,1.36,8.5,San Diego County
1400000US06073015802,"Census Tract 158.02, San Diego County, California",4802,4841,4901,39,60,99,0.81,1.24,2.06,San Diego County
1400000US06073015901,"Census Tract 159.01, San Diego County, California",3853,4201,3974,348,-227,121,9.03,-5.4,3.14,San Diego County
1400000US06073015902,"Census Tract 159.02, San Diego County, California",5313,5600,5473,287,-127,160,5.4,-2.27,3.01,San Diego County
1400000US06073016000,"Census Tract 160, San Diego County, California",2204,2348,2374,144,26,170,6.53,1.11,7.71,San Diego County
1400000US06073016100,"Census Tract 161, San Diego County, California",6440,6500,6518,60,18,78,0.93,0.28,1.21,San Diego County
1400000US06073016201,"Census Tract 162.01, San Diego County, California",4925,5205,5227,280,22,302,5.69,0.42,6.13,San Diego County
1400000US06073016202,"Census Tract 162.02, San Diego County, California",4015,4342,4266,327,-76,251,8.14,-1.75,6.25,San Diego County
1400000US06073016301,"Census Tract 163.01, San Diego County, California",5391,5540,5128,149,-412,-263,2.76,-7.44,-4.88,San Diego County
1400000US06073016302,"Census Tract 163.02, San Diego County, California",6496,5981,5918,-515,-63,-578,-7.93,-1.05,-8.9,San Diego County
1400000US06073016401,"Census Tract 164.01, San Diego County, California",5472,5500,5439,28,-61,-33,0.51,-1.11,-0.6,San Diego County
1400000US06073016403,"Census Tract 164.03, San Diego County, California",5302,5508,5977,206,469,675,3.89,8.51,12.73,San Diego County
1400000US06073016404,"Census Tract 164.04, San Diego County, California",3415,3512,3790,97,278,375,2.84,7.92,10.98,San Diego County
1400000US06073016502,"Census Tract 165.02, San Diego County, California",7914,8610,8159,696,-451,245,8.79,-5.24,3.1,San Diego County
1400000US06073016503,"Census Tract 165.03, San Diego County, California",3221,3250,2944,29,-306,-277,0.9,-9.42,-8.6,San Diego County
1400000US06073016504,"Census Tract 165.04, San Diego County, California",6785,6856,6729,71,-127,-56,1.05,-1.85,-0.83,San Diego County
1400000US06073016606,"Census Tract 166.06, San Diego County, California",3789,3709,3625,-80,-84,-164,-2.11,-2.26,-4.33,San Diego County
1400000US06073016607,"Census Tract 166.07, San Diego County, California",6790,6734,6765,-56,31,-25,-0.82,0.46,-0.37,San Diego County
1400000US06073016608,"Census Tract 166.08, San Diego County, California",2760,2881,2641,121,-240,-119,4.38,-8.33,-4.31,San Diego County
1400000US06073016609,"Census Tract 166.09, San Diego County, California",5630,5897,5862,267,-35,232,4.74,-0.59,4.12,San Diego County
1400000US06073016610,"Census Tract 166.10, San Diego County, California",4719,5055,4754,336,-301,35,7.12,-5.95,0.74,San Diego County
1400000US06073016613,"Census Tract 166.13, San Diego County, California",1898,2004,1898,106,-106,0,5.58,-5.29,0,San Diego County
1400000US06073016614,"Census Tract 166.14, San Diego County, California",3765,3889,3900,124,11,135,3.29,0.28,3.59,San Diego County
1400000US06073016615,"Census Tract 166.15, San Diego County, California",4565,4409,4453,-156,44,-112,-3.42,1,-2.45,San Diego County
1400000US06073016616,"Census Tract 166.16, San Diego County, California",3873,4041,4021,168,-20,148,4.34,-0.49,3.82,San Diego County
1400000US06073016617,"Census Tract 166.17, San Diego County, California",3508,3828,3669,320,-159,161,9.12,-4.15,4.59,San Diego County
1400000US06073016618,"Census Tract 166.18, San Diego County, California",3460,3720,3600,260,-120,140,7.51,-3.23,4.05,San Diego County
1400000US06073016619,"Census Tract 166.19, San Diego County, California",3975,4232,4289,257,57,314,6.47,1.35,7.9,San Diego County
1400000US06073016620,"Census Tract 166.20, San Diego County, California",2420,2430,2413,10,-17,-7,0.41,-0.7,-0.29,San Diego County
1400000US06073016621,"Census Tract 166.21, San Diego County, California",3498,3786,3825,288,39,327,8.23,1.03,9.35,San Diego County
1400000US06073016703,"Census Tract 167.03, San Diego County, California",2942,3061,2945,119,-116,3,4.04,-3.79,0.1,San Diego County
1400000US06073016704,"Census Tract 167.04, San Diego County, California",7042,7347,7685,305,338,643,4.33,4.6,9.13,San Diego County
1400000US06073016705,"Census Tract 167.05, San Diego County, California",4194,4305,4543,111,238,349,2.65,5.53,8.32,San Diego County
1400000US06073016706,"Census Tract 167.06, San Diego County, California",3471,2922,2922,-549,0,-549,-15.82,0,-15.82,San Diego County
1400000US06073016804,"Census Tract 168.04, San Diego County, California",8272,8345,8790,73,445,518,0.88,5.33,6.26,San Diego County
1400000US06073016806,"Census Tract 168.06, San Diego County, California",4264,4102,4213,-162,111,-51,-3.8,2.71,-1.2,San Diego County
1400000US06073016807,"Census Tract 168.07, San Diego County, California",8000,7837,7535,-163,-302,-465,-2.04,-3.85,-5.81,San Diego County
1400000US06073016809,"Census Tract 168.09, San Diego County, California",5320,5503,5629,183,126,309,3.44,2.29,5.81,San Diego County
1400000US06073016810,"Census Tract 168.10, San Diego County, California",2894,2968,3021,74,53,127,2.56,1.79,4.39,San Diego County
1400000US06073016811,"Census Tract 168.11, San Diego County, California",4708,4734,4549,26,-185,-159,0.55,-3.91,-3.38,San Diego County
1400000US06073016812,"Census Tract 168.12, San Diego County, California",3507,3149,2783,-358,-366,-724,-10.21,-11.62,-20.64,San Diego County
1400000US06073016813,"Census Tract 168.13, San Diego County, California",3157,3325,3439,168,114,282,5.32,3.43,8.93,San Diego County
1400000US06073016901,"Census Tract 169.01, San Diego County, California",7585,7232,7438,-353,206,-147,-4.65,2.85,-1.94,San Diego County
1400000US06073016902,"Census Tract 169.02, San Diego County, California",2744,2700,2530,-44,-170,-214,-1.6,-6.3,-7.8,San Diego County
1400000US06073017006,"Census Tract 170.06, San Diego County, California",3351,3306,3184,-45,-122,-167,-1.34,-3.69,-4.98,San Diego County
1400000US06073017009,"Census Tract 170.09, San Diego County, California",4614,4516,4204,-98,-312,-410,-2.12,-6.91,-8.89,San Diego County
1400000US06073017010,"Census Tract 170.10, San Diego County, California",3299,3213,3086,-86,-127,-213,-2.61,-3.95,-6.46,San Diego County
1400000US06073017014,"Census Tract 170.14, San Diego County, California",2788,2616,2603,-172,-13,-185,-6.17,-0.5,-6.64,San Diego County
1400000US06073017018,"Census Tract 170.18, San Diego County, California",4268,3959,3933,-309,-26,-335,-7.24,-0.66,-7.85,San Diego County
1400000US06073017020,"Census Tract 170.20, San Diego County, California",3689,3800,4094,111,294,405,3.01,7.74,10.98,San Diego County
1400000US06073017021,"Census Tract 170.21, San Diego County, California",3798,3685,3496,-113,-189,-302,-2.98,-5.13,-7.95,San Diego County
1400000US06073017022,"Census Tract 170.22, San Diego County, California",5380,5406,5310,26,-96,-70,0.48,-1.78,-1.3,San Diego County
1400000US06073017031,"Census Tract 170.31, San Diego County, California",3620,3549,3607,-71,58,-13,-1.96,1.63,-0.36,San Diego County
1400000US06073017033,"Census Tract 170.33, San Diego County, California",5466,5451,5470,-15,19,4,-0.27,0.35,0.07,San Diego County
1400000US06073017034,"Census Tract 170.34, San Diego County, California",5576,5368,5484,-208,116,-92,-3.73,2.16,-1.65,San Diego County
1400000US06073017035,"Census Tract 170.35, San Diego County, California",3802,3481,3467,-321,-14,-335,-8.44,-0.4,-8.81,San Diego County
1400000US06073017036,"Census Tract 170.36, San Diego County, California",3526,3373,3130,-153,-243,-396,-4.34,-7.2,-11.23,San Diego County
1400000US06073017037,"Census Tract 170.37, San Diego County, California",5141,5096,5205,-45,109,64,-0.88,2.14,1.24,San Diego County
1400000US06073017039,"Census Tract 170.39, San Diego County, California",7392,6946,6788,-446,-158,-604,-6.03,-2.27,-8.17,San Diego County
1400000US06073017040,"Census Tract 170.40, San Diego County, California",4662,4606,4456,-56,-150,-206,-1.2,-3.26,-4.42,San Diego County
1400000US06073017041,"Census Tract 170.41, San Diego County, California",5748,5739,5564,-9,-175,-184,-0.16,-3.05,-3.2,San Diego County
1400000US06073017043,"Census Tract 170.43, San Diego County, California",6525,6291,5925,-234,-366,-600,-3.59,-5.82,-9.2,San Diego County
1400000US06073017044,"Census Tract 170.44, San Diego County, California",5673,5590,5578,-83,-12,-95,-1.46,-0.21,-1.67,San Diego County
1400000US06073017045,"Census Tract 170.45, San Diego County, California",2497,2344,2298,-153,-46,-199,-6.13,-1.96,-7.97,San Diego County
1400000US06073017046,"Census Tract 170.46, San Diego County, California",3873,3809,3772,-64,-37,-101,-1.65,-0.97,-2.61,San Diego County
1400000US06073017047,"Census Tract 170.47, San Diego County, California",4712,4520,4487,-192,-33,-225,-4.07,-0.73,-4.78,San Diego County
1400000US06073017048,"Census Tract 170.48, San Diego County, California",6184,5995,6181,-189,186,-3,-3.06,3.1,-0.05,San Diego County
1400000US06073017049,"Census Tract 170.49, San Diego County, California",3075,2878,2723,-197,-155,-352,-6.41,-5.39,-11.45,San Diego County
1400000US06073017050,"Census Tract 170.50, San Diego County, California",3106,2996,3129,-110,133,23,-3.54,4.44,0.74,San Diego County
1400000US06073017051,"Census Tract 170.51, San Diego County, California",5649,5291,5070,-358,-221,-579,-6.34,-4.18,-10.25,San Diego County
1400000US06073017052,"Census Tract 170.52, San Diego County, California",5313,5287,4948,-26,-339,-365,-0.49,-6.41,-6.87,San Diego County
1400000US06073017053,"Census Tract 170.53, San Diego County, California",3443,3506,3558,63,52,115,1.83,1.48,3.34,San Diego County
1400000US06073017054,"Census Tract 170.54, San Diego County, California",6008,5941,5873,-67,-68,-135,-1.12,-1.14,-2.25,San Diego County
1400000US06073017055,"Census Tract 170.55, San Diego County, California",5408,5050,4933,-358,-117,-475,-6.62,-2.32,-8.78,San Diego County
1400000US06073017056,"Census Tract 170.56, San Diego County, California",4489,4452,4534,-37,82,45,-0.82,1.84,1,San Diego County
1400000US06073017057,"Census Tract 170.57, San Diego County, California",3746,3797,3929,51,132,183,1.36,3.48,4.89,San Diego County
1400000US06073017058,"Census Tract 170.58, San Diego County, California",4448,4407,4302,-41,-105,-146,-0.92,-2.38,-3.28,San Diego County
1400000US06073017059,"Census Tract 170.59, San Diego County, California",3775,3489,3508,-286,19,-267,-7.58,0.54,-7.07,San Diego County
1400000US06073017060,"Census Tract 170.60, San Diego County, California",3316,3269,3273,-47,4,-43,-1.42,0.12,-1.3,San Diego County
1400000US06073017061,"Census Tract 170.61, San Diego County, California",3241,3486,3362,245,-124,121,7.56,-3.56,3.73,San Diego County
1400000US06073017062,"Census Tract 170.62, San Diego County, California",4877,4913,5184,36,271,307,0.74,5.52,6.29,San Diego County
1400000US06073017063,"Census Tract 170.63, San Diego County, California",4727,4882,4601,155,-281,-126,3.28,-5.76,-2.67,San Diego County
1400000US06073017064,"Census Tract 170.64, San Diego County, California",9960,8467,8315,-1493,-152,-1645,-14.99,-1.8,-16.52,San Diego County
1400000US06073017065,"Census Tract 170.65, San Diego County, California",9095,9628,9839,533,211,744,5.86,2.19,8.18,San Diego County
1400000US06073017066,"Census Tract 170.66, San Diego County, California",4191,4911,5303,720,392,1112,17.18,7.98,26.53,San Diego County
1400000US06073017067,"Census Tract 170.67, San Diego County, California",2779,2645,2705,-134,60,-74,-4.82,2.27,-2.66,San Diego County
1400000US06073017068,"Census Tract 170.68, San Diego County, California",4996,4890,4694,-106,-196,-302,-2.12,-4.01,-6.04,San Diego County
1400000US06073017069,"Census Tract 170.69, San Diego County, California",2511,2395,2519,-116,124,8,-4.62,5.18,0.32,San Diego County
1400000US06073017070,"Census Tract 170.70, San Diego County, California",5634,5749,5868,115,119,234,2.04,2.07,4.15,San Diego County
1400000US06073017071,"Census Tract 170.71, San Diego County, California",6263,6262,5614,-1,-648,-649,-0.02,-10.35,-10.36,San Diego County
1400000US06073017104,"Census Tract 171.04, San Diego County, California",3862,3752,3752,-110,0,-110,-2.85,0,-2.85,San Diego County
1400000US06073017106,"Census Tract 171.06, San Diego County, California",4479,4661,4649,182,-12,170,4.06,-0.26,3.8,San Diego County
1400000US06073017107,"Census Tract 171.07, San Diego County, California",3117,3083,3062,-34,-21,-55,-1.09,-0.68,-1.76,San Diego County
1400000US06073017108,"Census Tract 171.08, San Diego County, California",4791,4722,4638,-69,-84,-153,-1.44,-1.78,-3.19,San Diego County
1400000US06073017109,"Census Tract 171.09, San Diego County, California",6646,6376,6350,-270,-26,-296,-4.06,-0.41,-4.45,San Diego County
1400000US06073017111,"Census Tract 171.11, San Diego County, California",4588,4696,4637,108,-59,49,2.35,-1.26,1.07,San Diego County
1400000US06073017112,"Census Tract 171.12, San Diego County, California",2214,2305,2408,91,103,194,4.11,4.47,8.76,San Diego County
1400000US06073017113,"Census Tract 171.13, San Diego County, California",5881,5637,5590,-244,-47,-291,-4.15,-0.83,-4.95,San Diego County
1400000US06073017201,"Census Tract 172.01, San Diego County, California",2440,2277,2207,-163,-70,-233,-6.68,-3.07,-9.55,San Diego County
1400000US06073017202,"Census Tract 172.02, San Diego County, California",1851,1714,1730,-137,16,-121,-7.4,0.93,-6.54,San Diego County
1400000US06073017303,"Census Tract 173.03, San Diego County, California",3588,3455,3466,-133,11,-122,-3.71,0.32,-3.4,San Diego County
1400000US06073017305,"Census Tract 173.05, San Diego County, California",3297,3167,3016,-130,-151,-281,-3.94,-4.77,-8.52,San Diego County
1400000US06073017306,"Census Tract 173.06, San Diego County, California",2164,2203,2427,39,224,263,1.8,10.17,12.15,San Diego County
1400000US06073017307,"Census Tract 173.07, San Diego County, California",2344,2358,2303,14,-55,-41,0.6,-2.33,-1.75,San Diego County
1400000US06073017308,"Census Tract 173.08, San Diego County, California",2885,2779,2658,-106,-121,-227,-3.67,-4.35,-7.87,San Diego County
1400000US06073017403,"Census Tract 174.03, San Diego County, California",4717,4463,4455,-254,-8,-262,-5.38,-0.18,-5.55,San Diego County
1400000US06073017405,"Census Tract 174.05, San Diego County, California",4484,4383,4371,-101,-12,-113,-2.25,-0.27,-2.52,San Diego County
1400000US06073017406,"Census Tract 174.06, San Diego County, California",3172,3077,2950,-95,-127,-222,-2.99,-4.13,-7,San Diego County
1400000US06073017407,"Census Tract 174.07, San Diego County, California",3162,3021,3361,-141,340,199,-4.46,11.25,6.29,San Diego County
1400000US06073017408,"Census Tract 174.08, San Diego County, California",2158,2219,2417,61,198,259,2.83,8.92,12,San Diego County
1400000US06073017501,"Census Tract 175.01, San Diego County, California",2984,2850,2749,-134,-101,-235,-4.49,-3.54,-7.88,San Diego County
1400000US06073017502,"Census Tract 175.02, San Diego County, California",3511,3408,3380,-103,-28,-131,-2.93,-0.82,-3.73,San Diego County
1400000US06073017601,"Census Tract 176.01, San Diego County, California",5354,5335,5264,-19,-71,-90,-0.35,-1.33,-1.68,San Diego County
1400000US06073017603,"Census Tract 176.03, San Diego County, California",2991,2847,2924,-144,77,-67,-4.81,2.7,-2.24,San Diego County
1400000US06073017605,"Census Tract 176.05, San Diego County, California",3746,3724,3771,-22,47,25,-0.59,1.26,0.67,San Diego County
1400000US06073017606,"Census Tract 176.06, San Diego County, California",3460,3416,3340,-44,-76,-120,-1.27,-2.22,-3.47,San Diego County
1400000US06073017701,"Census Tract 177.01, San Diego County, California",5528,5695,5723,167,28,195,3.02,0.49,3.53,San Diego County
1400000US06073017702,"Census Tract 177.02, San Diego County, California",3682,3621,3450,-61,-171,-232,-1.66,-4.72,-6.3,San Diego County
1400000US06073017801,"Census Tract 178.01, San Diego County, California",7009,7197,7245,188,48,236,2.68,0.67,3.37,San Diego County
1400000US06073017808,"Census Tract 178.08, San Diego County, California",5845,5861,5895,16,34,50,0.27,0.58,0.86,San Diego County
1400000US06073017809,"Census Tract 178.09, San Diego County, California",2316,2412,2359,96,-53,43,4.15,-2.2,1.86,San Diego County
1400000US06073017810,"Census Tract 178.10, San Diego County, California",4681,4775,4815,94,40,134,2.01,0.84,2.86,San Diego County
1400000US06073017811,"Census Tract 178.11, San Diego County, California",6475,6416,6504,-59,88,29,-0.91,1.37,0.45,San Diego County
1400000US06073017813,"Census Tract 178.13, San Diego County, California",4698,4806,4654,108,-152,-44,2.3,-3.16,-0.94,San Diego County
1400000US06073017901,"Census Tract 179.01, San Diego County, California",3783,3833,3683,50,-150,-100,1.32,-3.91,-2.64,San Diego County
1400000US06073017902,"Census Tract 179.02, San Diego County, California",3366,3121,3089,-245,-32,-277,-7.28,-1.03,-8.23,San Diego County
1400000US06073018000,"Census Tract 180, San Diego County, California",3493,3614,3507,121,-107,14,3.46,-2.96,0.4,San Diego County
1400000US06073018101,"Census Tract 181.01, San Diego County, California",3142,3194,3101,52,-93,-41,1.65,-2.91,-1.3,San Diego County
1400000US06073018102,"Census Tract 181.02, San Diego County, California",2870,2574,2482,-296,-92,-388,-10.31,-3.57,-13.52,San Diego County
1400000US06073018201,"Census Tract 182.01, San Diego County, California",2680,2777,2942,97,165,262,3.62,5.94,9.78,San Diego County
1400000US06073018202,"Census Tract 182.02, San Diego County, California",3571,3590,3546,19,-44,-25,0.53,-1.23,-0.7,San Diego County
1400000US06073018301,"Census Tract 183.01, San Diego County, California",937,848,908,-89,60,-29,-9.5,7.08,-3.09,San Diego County
1400000US06073018302,"Census Tract 183.02, San Diego County, California",1277,1333,1306,56,-27,29,4.39,-2.03,2.27,San Diego County
1400000US06073018400,"Census Tract 184, San Diego County, California",3525,3367,3551,-158,184,26,-4.48,5.46,0.74,San Diego County
1400000US06073018504,"Census Tract 185.04, San Diego County, California",6833,6423,6230,-410,-193,-603,-6,-3,-8.82,San Diego County
1400000US06073018509,"Census Tract 185.09, San Diego County, California",6045,5705,5525,-340,-180,-520,-5.62,-3.16,-8.6,San Diego County
1400000US06073018510,"Census Tract 185.10, San Diego County, California",2783,2759,2697,-24,-62,-86,-0.86,-2.25,-3.09,San Diego County
1400000US06073018511,"Census Tract 185.11, San Diego County, California",4854,4725,4527,-129,-198,-327,-2.66,-4.19,-6.74,San Diego County
1400000US06073018512,"Census Tract 185.12, San Diego County, California",4006,3703,3517,-303,-186,-489,-7.56,-5.02,-12.21,San Diego County
1400000US06073018515,"Census Tract 185.15, San Diego County, California",5185,5437,5382,252,-55,197,4.86,-1.01,3.8,San Diego County
1400000US06073018516,"Census Tract 185.16, San Diego County, California",3900,3924,4021,24,97,121,0.62,2.47,3.1,San Diego County
1400000US06073018517,"Census Tract 185.17, San Diego County, California",4597,4364,4276,-233,-88,-321,-5.07,-2.02,-6.98,San Diego County
1400000US06073018518,"Census Tract 185.18, San Diego County, California",4143,3893,3538,-250,-355,-605,-6.03,-9.12,-14.6,San Diego County
1400000US06073018519,"Census Tract 185.19, San Diego County, California",5681,5962,5941,281,-21,260,4.95,-0.35,4.58,San Diego County
1400000US06073018520,"Census Tract 185.20, San Diego County, California",5300,5191,5103,-109,-88,-197,-2.06,-1.7,-3.72,San Diego County
1400000US06073018521,"Census Tract 185.21, San Diego County, California",4907,5231,5793,324,562,886,6.6,10.74,18.06,San Diego County
1400000US06073018522,"Census Tract 185.22, San Diego County, California",4580,4907,4991,327,84,411,7.14,1.71,8.97,San Diego County
1400000US06073018523,"Census Tract 185.23, San Diego County, California",5157,4792,4793,-365,1,-364,-7.08,0.02,-7.06,San Diego County
1400000US06073018524,"Census Tract 185.24, San Diego County, California",4259,4375,3875,116,-500,-384,2.72,-11.43,-9.02,San Diego County
1400000US06073018525,"Census Tract 185.25, San Diego County, California",4185,4584,4039,399,-545,-146,9.53,-11.89,-3.49,San Diego County
1400000US06073018601,"Census Tract 186.01, San Diego County, California",5091,5052,5174,-39,122,83,-0.77,2.41,1.63,San Diego County
1400000US06073018608,"Census Tract 186.08, San Diego County, California",2914,3289,3247,375,-42,333,12.87,-1.28,11.43,San Diego County
1400000US06073018609,"Census Tract 186.09, San Diego County, California",6680,6486,6365,-194,-121,-315,-2.9,-1.87,-4.72,San Diego County
1400000US06073018612,"Census Tract 186.12, San Diego County, California",4680,4719,5074,39,355,394,0.83,7.52,8.42,San Diego County
1400000US06073018613,"Census Tract 186.13, San Diego County, California",4008,3941,3853,-67,-88,-155,-1.67,-2.23,-3.87,San Diego County
1400000US06073018615,"Census Tract 186.15, San Diego County, California",3344,3231,3306,-113,75,-38,-3.38,2.32,-1.14,San Diego County
1400000US06073018616,"Census Tract 186.16, San Diego County, California",3765,3371,3445,-394,74,-320,-10.46,2.2,-8.5,San Diego County
1400000US06073018617,"Census Tract 186.17, San Diego County, California",3583,3497,3496,-86,-1,-87,-2.4,-0.03,-2.43,San Diego County
1400000US06073018618,"Census Tract 186.18, San Diego County, California",4272,4206,4071,-66,-135,-201,-1.54,-3.21,-4.71,San Diego County
1400000US06073018619,"Census Tract 186.19, San Diego County, California",5896,5284,4922,-612,-362,-974,-10.38,-6.85,-16.52,San Diego County
1400000US06073018620,"Census Tract 186.20, San Diego County, California",2312,2563,2427,251,-136,115,10.86,-5.31,4.97,San Diego County
1400000US06073018621,"Census Tract 186.21, San Diego County, California",1742,1990,1983,248,-7,241,14.24,-0.35,13.83,San Diego County
1400000US06073018622,"Census Tract 186.22, San Diego County, California",4926,4874,4973,-52,99,47,-1.06,2.03,0.95,San Diego County
1400000US06073018700,"Census Tract 187, San Diego County, California",39373,38223,38907,-1150,684,-466,-2.92,1.79,-1.18,San Diego County
1400000US06073018801,"Census Tract 188.01, San Diego County, California",3868,3766,3685,-102,-81,-183,-2.64,-2.15,-4.73,San Diego County
1400000US06073018803,"Census Tract 188.03, San Diego County, California",4420,4501,4429,81,-72,9,1.83,-1.6,0.2,San Diego County
1400000US06073018804,"Census Tract 188.04, San Diego County, California",4977,5049,5098,72,49,121,1.45,0.97,2.43,San Diego County
1400000US06073018805,"Census Tract 188.05, San Diego County, California",3603,3652,3737,49,85,134,1.36,2.33,3.72,San Diego County
1400000US06073018903,"Census Tract 189.03, San Diego County, California",5531,5711,5967,180,256,436,3.25,4.48,7.88,San Diego County
1400000US06073018904,"Census Tract 189.04, San Diego County, California",5833,5972,6441,139,469,608,2.38,7.85,10.42,San Diego County
1400000US06073018905,"Census Tract 189.05, San Diego County, California",6374,6344,6448,-30,104,74,-0.47,1.64,1.16,San Diego County
1400000US06073018906,"Census Tract 189.06, San Diego County, California",6466,6687,6516,221,-171,50,3.42,-2.56,0.77,San Diego County
1400000US06073019001,"Census Tract 190.01, San Diego County, California",5975,6382,6281,407,-101,306,6.81,-1.58,5.12,San Diego County
1400000US06073019002,"Census Tract 190.02, San Diego County, California",2466,2850,3428,384,578,962,15.57,20.28,39.01,San Diego County
1400000US06073019103,"Census Tract 191.03, San Diego County, California",5633,5876,6131,243,255,498,4.31,4.34,8.84,San Diego County
1400000US06073019105,"Census Tract 191.05, San Diego County, California",6499,6353,6116,-146,-237,-383,-2.25,-3.73,-5.89,San Diego County
1400000US06073019107,"Census Tract 191.07, San Diego County, California",2101,2454,2616,353,162,515,16.8,6.6,24.51,San Diego County
1400000US06073019108,"Census Tract 191.08, San Diego County, California",2606,2328,2399,-278,71,-207,-10.67,3.05,-7.94,San Diego County
1400000US06073019109,"Census Tract 191.09, San Diego County, California",4442,4303,4485,-139,182,43,-3.13,4.23,0.97,San Diego County
1400000US06073019110,"Census Tract 191.10, San Diego County, California",5697,5282,5194,-415,-88,-503,-7.28,-1.67,-8.83,San Diego County
1400000US06073019111,"Census Tract 191.11, San Diego County, California",4426,4491,4444,65,-47,18,1.47,-1.05,0.41,San Diego County
1400000US06073019203,"Census Tract 192.03, San Diego County, California",2763,2946,2842,183,-104,79,6.62,-3.53,2.86,San Diego County
1400000US06073019205,"Census Tract 192.05, San Diego County, California",6369,5603,6218,-766,615,-151,-12.03,10.98,-2.37,San Diego County
1400000US06073019206,"Census Tract 192.06, San Diego County, California",5697,5556,5729,-141,173,32,-2.47,3.11,0.56,San Diego County
1400000US06073019208,"Census Tract 192.08, San Diego County, California",3451,3568,3625,117,57,174,3.39,1.6,5.04,San Diego County
1400000US06073019209,"Census Tract 192.09, San Diego County, California",2914,2865,2743,-49,-122,-171,-1.68,-4.26,-5.87,San Diego County
1400000US06073019210,"Census Tract 192.10, San Diego County, California",6032,5710,6285,-322,575,253,-5.34,10.07,4.19,San Diego County
1400000US06073019301,"Census Tract 193.01, San Diego County, California",6835,6643,6453,-192,-190,-382,-2.81,-2.86,-5.59,San Diego County
1400000US06073019303,"Census Tract 193.03, San Diego County, California",7988,8190,8365,202,175,377,2.53,2.14,4.72,San Diego County
1400000US06073019304,"Census Tract 193.04, San Diego County, California",3097,3105,3300,8,195,203,0.26,6.28,6.55,San Diego County
1400000US06073019305,"Census Tract 193.05, San Diego County, California",4195,4177,4208,-18,31,13,-0.43,0.74,0.31,San Diego County
1400000US06073019403,"Census Tract 194.03, San Diego County, California",5848,5961,5793,113,-168,-55,1.93,-2.82,-0.94,San Diego County
1400000US06073019404,"Census Tract 194.04, San Diego County, California",3158,3248,3300,90,52,142,2.85,1.6,4.5,San Diego County
1400000US06073019405,"Census Tract 194.05, San Diego County, California",3993,3836,3884,-157,48,-109,-3.93,1.25,-2.73,San Diego County
1400000US06073019406,"Census Tract 194.06, San Diego County, California",5199,5066,4704,-133,-362,-495,-2.56,-7.15,-9.52,San Diego County
1400000US06073019501,"Census Tract 195.01, San Diego County, California",3861,3637,3671,-224,34,-190,-5.8,0.93,-4.92,San Diego County
1400000US06073019502,"Census Tract 195.02, San Diego County, California",6072,6222,5994,150,-228,-78,2.47,-3.66,-1.28,San Diego County
1400000US06073019503,"Census Tract 195.03, San Diego County, California",5248,5144,5148,-104,4,-100,-1.98,0.08,-1.91,San Diego County
1400000US06073019601,"Census Tract 196.01, San Diego County, California",7293,7060,6651,-233,-409,-642,-3.19,-5.79,-8.8,San Diego County
1400000US06073019602,"Census Tract 196.02, San Diego County, California",5575,5573,5585,-2,12,10,-0.04,0.22,0.18,San Diego County
1400000US06073019701,"Census Tract 197.01, San Diego County, California",7951,7677,7484,-274,-193,-467,-3.45,-2.51,-5.87,San Diego County
1400000US06073019702,"Census Tract 197.02, San Diego County, California",4934,4909,4919,-25,10,-15,-0.51,0.2,-0.3,San Diego County
1400000US06073019803,"Census Tract 198.03, San Diego County, California",4911,5038,5210,127,172,299,2.59,3.41,6.09,San Diego County
1400000US06073019804,"Census Tract 198.04, San Diego County, California",4414,4219,4392,-195,173,-22,-4.42,4.1,-0.5,San Diego County
1400000US06073019805,"Census Tract 198.05, San Diego County, California",4192,4134,4005,-58,-129,-187,-1.38,-3.12,-4.46,San Diego County
1400000US06073019808,"Census Tract 198.08, San Diego County, California",4489,4435,4603,-54,168,114,-1.2,3.79,2.54,San Diego County
1400000US06073019809,"Census Tract 198.09, San Diego County, California",4002,4223,4271,221,48,269,5.52,1.14,6.72,San Diego County
1400000US06073019810,"Census Tract 198.10, San Diego County, California",6488,6489,6591,1,102,103,0.02,1.57,1.59,San Diego County
1400000US06073019811,"Census Tract 198.11, San Diego County, California",5626,6058,5878,432,-180,252,7.68,-2.97,4.48,San Diego County
1400000US06073019902,"Census Tract 199.02, San Diego County, California",4295,4267,4403,-28,136,108,-0.65,3.19,2.51,San Diego County
1400000US06073019903,"Census Tract 199.03, San Diego County, California",5015,5034,4786,19,-248,-229,0.38,-4.93,-4.57,San Diego County
1400000US06073019904,"Census Tract 199.04, San Diego County, California",6324,6007,5938,-317,-69,-386,-5.01,-1.15,-6.1,San Diego County
1400000US06073019905,"Census Tract 199.05, San Diego County, California",5265,5125,5302,-140,177,37,-2.66,3.45,0.7,San Diego County
1400000US06073020015,"Census Tract 200.15, San Diego County, California",5736,5772,5621,36,-151,-115,0.63,-2.62,-2,San Diego County
1400000US06073020017,"Census Tract 200.17, San Diego County, California",3023,3113,2693,90,-420,-330,2.98,-13.49,-10.92,San Diego County
1400000US06073020019,"Census Tract 200.19, San Diego County, California",7681,7595,7405,-86,-190,-276,-1.12,-2.5,-3.59,San Diego County
1400000US06073020021,"Census Tract 200.21, San Diego County, California",5727,5564,5554,-163,-10,-173,-2.85,-0.18,-3.02,San Diego County
1400000US06073020023,"Census Tract 200.23, San Diego County, California",4147,4012,4098,-135,86,-49,-3.26,2.14,-1.18,San Diego County
1400000US06073020024,"Census Tract 200.24, San Diego County, California",4441,4328,4313,-113,-15,-128,-2.54,-0.35,-2.88,San Diego County
1400000US06073020025,"Census Tract 200.25, San Diego County, California",5060,5188,5422,128,234,362,2.53,4.51,7.15,San Diego County
1400000US06073020026,"Census Tract 200.26, San Diego County, California",4001,3942,4100,-59,158,99,-1.47,4.01,2.47,San Diego County
1400000US06073020028,"Census Tract 200.28, San Diego County, California",4125,3864,3860,-261,-4,-265,-6.33,-0.1,-6.42,San Diego County
1400000US06073020029,"Census Tract 200.29, San Diego County, California",5905,5990,6059,85,69,154,1.44,1.15,2.61,San Diego County
1400000US06073020030,"Census Tract 200.30, San Diego County, California",8041,8171,8725,130,554,684,1.62,6.78,8.51,San Diego County
1400000US06073020031,"Census Tract 200.31, San Diego County, California",7162,6836,6855,-326,19,-307,-4.55,0.28,-4.29,San Diego County
1400000US06073020032,"Census Tract 200.32, San Diego County, California",3550,3491,3127,-59,-364,-423,-1.66,-10.43,-11.92,San Diego County
1400000US06073020033,"Census Tract 200.33, San Diego County, California",4614,4773,4603,159,-170,-11,3.45,-3.56,-0.24,San Diego County
1400000US06073020034,"Census Tract 200.34, San Diego County, California",2641,2755,2636,114,-119,-5,4.32,-4.32,-0.19,San Diego County
1400000US06073020035,"Census Tract 200.35, San Diego County, California",6523,6486,6376,-37,-110,-147,-0.57,-1.7,-2.25,San Diego County
1400000US06073020036,"Census Tract 200.36, San Diego County, California",3408,3475,3426,67,-49,18,1.97,-1.41,0.53,San Diego County
1400000US06073020037,"Census Tract 200.37, San Diego County, California",5095,5105,4783,10,-322,-312,0.2,-6.31,-6.12,San Diego County
1400000US06073020038,"Census Tract 200.38, San Diego County, California",5419,5173,5323,-246,150,-96,-4.54,2.9,-1.77,San Diego County
1400000US06073020039,"Census Tract 200.39, San Diego County, California",2065,1856,1952,-209,96,-113,-10.12,5.17,-5.47,San Diego County
1400000US06073020040,"Census Tract 200.40, San Diego County, California",4113,4169,3980,56,-189,-133,1.36,-4.53,-3.23,San Diego County
1400000US06073020041,"Census Tract 200.41, San Diego County, California",3293,2843,2445,-450,-398,-848,-13.67,-14,-25.75,San Diego County
1400000US06073020042,"Census Tract 200.42, San Diego County, California",4237,4693,4670,456,-23,433,10.76,-0.49,10.22,San Diego County
1400000US06073020043,"Census Tract 200.43, San Diego County, California",5397,5572,5374,175,-198,-23,3.24,-3.55,-0.43,San Diego County
1400000US06073020044,"Census Tract 200.44, San Diego County, California",9123,8591,8598,-532,7,-525,-5.83,0.08,-5.75,San Diego County
1400000US06073020105,"Census Tract 201.05, San Diego County, California",3658,3854,4087,196,233,429,5.36,6.05,11.73,San Diego County
1400000US06073020106,"Census Tract 201.06, San Diego County, California",3371,3606,3651,235,45,280,6.97,1.25,8.31,San Diego County
1400000US06073020107,"Census Tract 201.07, San Diego County, California",4477,4822,4881,345,59,404,7.71,1.22,9.02,San Diego County
1400000US06073020108,"Census Tract 201.08, San Diego County, California",5770,5270,5107,-500,-163,-663,-8.67,-3.09,-11.49,San Diego County
1400000US06073020109,"Census Tract 201.09, San Diego County, California",5178,5042,5151,-136,109,-27,-2.63,2.16,-0.52,San Diego County
1400000US06073020110,"Census Tract 201.10, San Diego County, California",7544,8227,8196,683,-31,652,9.05,-0.38,8.64,San Diego County
1400000US06073020111,"Census Tract 201.11, San Diego County, California",3840,3784,3575,-56,-209,-265,-1.46,-5.52,-6.9,San Diego County
1400000US06073020202,"Census Tract 202.02, San Diego County, California",7114,7135,6735,21,-400,-379,0.3,-5.61,-5.33,San Diego County
1400000US06073020206,"Census Tract 202.06, San Diego County, California",5623,5862,5601,239,-261,-22,4.25,-4.45,-0.39,San Diego County
1400000US06073020207,"Census Tract 202.07, San Diego County, California",4870,5109,5078,239,-31,208,4.91,-0.61,4.27,San Diego County
1400000US06073020208,"Census Tract 202.08, San Diego County, California",3401,3523,3642,122,119,241,3.59,3.38,7.09,San Diego County
1400000US06073020209,"Census Tract 202.09, San Diego County, California",4855,4743,4621,-112,-122,-234,-2.31,-2.57,-4.82,San Diego County
1400000US06073020210,"Census Tract 202.10, San Diego County, California",5386,5340,4802,-46,-538,-584,-0.85,-10.07,-10.84,San Diego County
1400000US06073020211,"Census Tract 202.11, San Diego County, California",6069,5945,5778,-124,-167,-291,-2.04,-2.81,-4.79,San Diego County
1400000US06073020213,"Census Tract 202.13, San Diego County, California",4445,4387,4266,-58,-121,-179,-1.3,-2.76,-4.03,San Diego County
1400000US06073020214,"Census Tract 202.14, San Diego County, California",5409,5009,4880,-400,-129,-529,-7.4,-2.58,-9.78,San Diego County
1400000US06073020304,"Census Tract 203.04, San Diego County, California",6442,6455,7431,13,976,989,0.2,15.12,15.35,San Diego County
1400000US06073020305,"Census Tract 203.05, San Diego County, California",5857,5789,5937,-68,148,80,-1.16,2.56,1.37,San Diego County
1400000US06073020308,"Census Tract 203.08, San Diego County, California",6288,6293,6700,5,407,412,0.08,6.47,6.55,San Diego County
1400000US06073020309,"Census Tract 203.09, San Diego County, California",4407,4580,4554,173,-26,147,3.93,-0.57,3.34,San Diego County
1400000US06073020310,"Census Tract 203.10, San Diego County, California",7796,8049,8631,253,582,835,3.25,7.23,10.71,San Diego County
1400000US06073020311,"Census Tract 203.11, San Diego County, California",2796,3247,3536,451,289,740,16.13,8.9,26.47,San Diego County
1400000US06073020312,"Census Tract 203.12, San Diego County, California",3899,3851,4050,-48,199,151,-1.23,5.17,3.87,San Diego County
1400000US06073020313,"Census Tract 203.13, San Diego County, California",2956,2956,3011,0,55,55,0,1.86,1.86,San Diego County
1400000US06073020401,"Census Tract 204.01, San Diego County, California",2105,2098,2299,-7,201,194,-0.33,9.58,9.22,San Diego County
1400000US06073020403,"Census Tract 204.03, San Diego County, California",3746,3848,3902,102,54,156,2.72,1.4,4.16,San Diego County
1400000US06073020404,"Census Tract 204.04, San Diego County, California",5607,5608,5563,1,-45,-44,0.02,-0.8,-0.78,San Diego County
1400000US06073020405,"Census Tract 204.05, San Diego County, California",3314,3402,3333,88,-69,19,2.66,-2.03,0.57,San Diego County
1400000US06073020500,"Census Tract 205, San Diego County, California",4796,4519,4849,-277,330,53,-5.78,7.3,1.11,San Diego County
1400000US06073020601,"Census Tract 206.01, San Diego County, California",6181,6022,5508,-159,-514,-673,-2.57,-8.54,-10.89,San Diego County
1400000US06073020602,"Census Tract 206.02, San Diego County, California",5911,6048,6045,137,-3,134,2.32,-0.05,2.27,San Diego County
1400000US06073020705,"Census Tract 207.05, San Diego County, California",4433,4390,4631,-43,241,198,-0.97,5.49,4.47,San Diego County
1400000US06073020706,"Census Tract 207.06, San Diego County, California",6700,6348,6195,-352,-153,-505,-5.25,-2.41,-7.54,San Diego County
1400000US06073020707,"Census Tract 207.07, San Diego County, California",5225,5100,4722,-125,-378,-503,-2.39,-7.41,-9.63,San Diego County
1400000US06073020708,"Census Tract 207.08, San Diego County, California",3798,3553,3770,-245,217,-28,-6.45,6.11,-0.74,San Diego County
1400000US06073020710,"Census Tract 207.10, San Diego County, California",1728,1809,1820,81,11,92,4.69,0.61,5.32,San Diego County
1400000US06073020711,"Census Tract 207.11, San Diego County, California",3841,3906,3710,65,-196,-131,1.69,-5.02,-3.41,San Diego County
1400000US06073020712,"Census Tract 207.12, San Diego County, California",4299,4553,4481,254,-72,182,5.91,-1.58,4.23,San Diego County
1400000US06073020801,"Census Tract 208.01, San Diego County, California",5567,5465,5509,-102,44,-58,-1.83,0.81,-1.04,San Diego County
1400000US06073020805,"Census Tract 208.05, San Diego County, California",3415,3329,3422,-86,93,7,-2.52,2.79,0.2,San Diego County
1400000US06073020806,"Census Tract 208.06, San Diego County, California",5962,5586,5713,-376,127,-249,-6.31,2.27,-4.18,San Diego County
1400000US06073020807,"Census Tract 208.07, San Diego County, California",2775,2821,2910,46,89,135,1.66,3.15,4.86,San Diego County
1400000US06073020810,"Census Tract 208.10, San Diego County, California",4844,4933,5074,89,141,230,1.84,2.86,4.75,San Diego County
1400000US06073020811,"Census Tract 208.11, San Diego County, California",5613,6148,5903,535,-245,290,9.53,-3.99,5.17,San Diego County
1400000US06073020812,"Census Tract 208.12, San Diego County, California",2231,2192,2069,-39,-123,-162,-1.75,-5.61,-7.26,San Diego County
1400000US06073020813,"Census Tract 208.13, San Diego County, California",5523,5887,5753,364,-134,230,6.59,-2.28,4.16,San Diego County
1400000US06073020902,"Census Tract 209.02, San Diego County, California",2364,2420,2504,56,84,140,2.37,3.47,5.92,San Diego County
1400000US06073020903,"Census Tract 209.03, San Diego County, California",2790,2894,2955,104,61,165,3.73,2.11,5.91,San Diego County
1400000US06073020904,"Census Tract 209.04, San Diego County, California",2162,2170,2513,8,343,351,0.37,15.81,16.23,San Diego County
1400000US06073021001,"Census Tract 210.01, San Diego County, California",1374,1801,1937,427,136,563,31.08,7.55,40.98,San Diego County
1400000US06073021002,"Census Tract 210.02, San Diego County, California",1195,1636,1794,441,158,599,36.9,9.66,50.13,San Diego County
1400000US06073021101,"Census Tract 211.01, San Diego County, California",5546,5535,5619,-11,84,73,-0.2,1.52,1.32,San Diego County
1400000US06073021102,"Census Tract 211.02, San Diego County, California",2678,2726,2809,48,83,131,1.79,3.04,4.89,San Diego County
1400000US06073021202,"Census Tract 212.02, San Diego County, California",3013,3281,2952,268,-329,-61,8.89,-10.03,-2.02,San Diego County
1400000US06073021204,"Census Tract 212.04, San Diego County, California",5877,5915,6057,38,142,180,0.65,2.4,3.06,San Diego County
1400000US06073021205,"Census Tract 212.05, San Diego County, California",6786,7105,7302,319,197,516,4.7,2.77,7.6,San Diego County
1400000US06073021206,"Census Tract 212.06, San Diego County, California",3483,3666,3602,183,-64,119,5.25,-1.75,3.42,San Diego County
1400000US06073021302,"Census Tract 213.02, San Diego County, California",8056,7790,6743,-266,-1047,-1313,-3.3,-13.44,-16.3,San Diego County
1400000US06073021304,"Census Tract 213.04, San Diego County, California",3255,3204,3229,-51,25,-26,-1.57,0.78,-0.8,San Diego County
1400000US06073021305,"Census Tract 213.05, San Diego County, California",3641,3837,3485,196,-352,-156,5.38,-9.17,-4.28,San Diego County
1400000US06073021306,"Census Tract 213.06, San Diego County, California",5805,6006,5496,201,-510,-309,3.46,-8.49,-5.32,San Diego County
1400000US06073021401,"Census Tract 214.01, San Diego County, California",4140,4290,4390,150,100,250,3.62,2.33,6.04,San Diego County
1400000US06073021402,"Census Tract 214.02, San Diego County, California",3016,2786,2594,-230,-192,-422,-7.63,-6.89,-13.99,San Diego County
1400000US06073021501,"Census Tract 215.01, San Diego County, California",3898,3813,3855,-85,42,-43,-2.18,1.1,-1.1,San Diego County
1400000US06073021502,"Census Tract 215.02, San Diego County, California",8220,8945,8764,725,-181,544,8.82,-2.02,6.62,San Diego County
1400000US06073021600,"Census Tract 216, San Diego County, California",3363,2879,2732,-484,-147,-631,-14.39,-5.11,-18.76,San Diego County
1400000US06073021800,"Census Tract 218, San Diego County, California",2466,2017,1871,-449,-146,-595,-18.21,-7.24,-24.13,San Diego County
1400000US06073021900,"Census Tract 219, San Diego County, California",7888,3600,3224,-4288,-376,-4664,-54.36,-10.44,-59.13,San Diego County
1400000US06073022000,"Census Tract 220, San Diego County, California",4534,4504,4336,-30,-168,-198,-0.66,-3.73,-4.37,San Diego County
1400000US06073022101,"Census Tract 221.01, San Diego County, California",1983,2280,2214,297,-66,231,14.98,-2.89,11.65,San Diego County
1400000US06073022102,"Census Tract 221.02, San Diego County, California",8197,8017,7920,-180,-97,-277,-2.2,-1.21,-3.38,San Diego County
1400000US06073990100,"Census Tract 9901, San Diego County, California",0,0,0,0,0,0,#DIV/0!,#DIV/0!,#DIV/0!,San Diego County
1400000US06075010101,"Census Tract 101.01, San Francisco County, California",2045,2118,2121,73,3,76,3.57,0.14,3.72,San Francisco County
1400000US06075010102,"Census Tract 101.02, San Francisco County, California",1920,1783,1908,-137,125,-12,-7.14,7.01,-0.63,San Francisco County
1400000US06075010201,"Census Tract 102.01, San Francisco County, California",2331,2499,2473,168,-26,142,7.21,-1.04,6.09,San Francisco County
1400000US06075010202,"Census Tract 102.02, San Francisco County, California",1984,1891,1859,-93,-32,-125,-4.69,-1.69,-6.3,San Francisco County
1400000US06075010300,"Census Tract 103, San Francisco County, California",4282,3996,3925,-286,-71,-357,-6.68,-1.78,-8.34,San Francisco County
1400000US06075010401,"Census Tract 104.01, San Francisco County, California",2305,2202,2437,-103,235,132,-4.47,10.67,5.73,San Francisco County
1400000US06075010402,"Census Tract 104.02, San Francisco County, California",2238,2292,2077,54,-215,-161,2.41,-9.38,-7.19,San Francisco County
1400000US06075010500,"Census Tract 105, San Francisco County, California",3151,3430,3108,279,-322,-43,8.85,-9.39,-1.36,San Francisco County
1400000US06075010600,"Census Tract 106, San Francisco County, California",3426,3277,3197,-149,-80,-229,-4.35,-2.44,-6.68,San Francisco County
1400000US06075010701,"Census Tract 107.01, San Francisco County, California",3800,3458,3424,-342,-34,-376,-9,-0.98,-9.89,San Francisco County
1400000US06075010702,"Census Tract 107.02, San Francisco County, California",1682,1584,1458,-98,-126,-224,-5.83,-7.95,-13.32,San Francisco County
1400000US06075010800,"Census Tract 108, San Francisco County, California",5013,4999,4613,-14,-386,-400,-0.28,-7.72,-7.98,San Francisco County
1400000US06075010901,"Census Tract 109.01, San Francisco County, California",2130,1948,2007,-182,59,-123,-8.54,3.03,-5.77,San Francisco County
1400000US06075010902,"Census Tract 109.02, San Francisco County, California",2448,2403,2502,-45,99,54,-1.84,4.12,2.21,San Francisco County
1400000US06075011001,"Census Tract 110.01, San Francisco County, California",2796,2628,2618,-168,-10,-178,-6.01,-0.38,-6.37,San Francisco County
1400000US06075011002,"Census Tract 110.02, San Francisco County, California",2266,2249,1907,-17,-342,-359,-0.75,-15.21,-15.84,San Francisco County
1400000US06075011101,"Census Tract 111.01, San Francisco County, California",2728,2528,2502,-200,-26,-226,-7.33,-1.03,-8.28,San Francisco County
1400000US06075011102,"Census Tract 111.02, San Francisco County, California",2141,2024,2218,-117,194,77,-5.46,9.58,3.6,San Francisco County
1400000US06075011200,"Census Tract 112, San Francisco County, California",3298,3120,2865,-178,-255,-433,-5.4,-8.17,-13.13,San Francisco County
1400000US06075011300,"Census Tract 113, San Francisco County, California",2920,2801,2862,-119,61,-58,-4.08,2.18,-1.99,San Francisco County
1400000US06075011700,"Census Tract 117, San Francisco County, California",1727,1800,2056,73,256,329,4.23,14.22,19.05,San Francisco County
1400000US06075011800,"Census Tract 118, San Francisco County, California",1590,1658,1695,68,37,105,4.28,2.23,6.6,San Francisco County
1400000US06075011901,"Census Tract 119.01, San Francisco County, California",2390,2298,2387,-92,89,-3,-3.85,3.87,-0.13,San Francisco County
1400000US06075011902,"Census Tract 119.02, San Francisco County, California",2957,2771,2650,-186,-121,-307,-6.29,-4.37,-10.38,San Francisco County
1400000US06075012001,"Census Tract 120.01, San Francisco County, California",1938,1834,1912,-104,78,-26,-5.37,4.25,-1.34,San Francisco County
1400000US06075012002,"Census Tract 120.02, San Francisco County, California",2196,2202,2102,6,-100,-94,0.27,-4.54,-4.28,San Francisco County
1400000US06075012100,"Census Tract 121, San Francisco County, California",3586,3846,3513,260,-333,-73,7.25,-8.66,-2.04,San Francisco County
1400000US06075012202,"Census Tract 122.02, San Francisco County, California",2714,2821,2978,107,157,264,3.94,5.57,9.73,San Francisco County
1400000US06075012203,"Census Tract 122.03, San Francisco County, California",1920,1834,1763,-86,-71,-157,-4.48,-3.87,-8.18,San Francisco County
1400000US06075012204,"Census Tract 122.04, San Francisco County, California",2639,2763,2720,124,-43,81,4.7,-1.56,3.07,San Francisco County
1400000US06075012301,"Census Tract 123.01, San Francisco County, California",1973,1887,1901,-86,14,-72,-4.36,0.74,-3.65,San Francisco County
1400000US06075012302,"Census Tract 123.02, San Francisco County, California",2656,2600,2614,-56,14,-42,-2.11,0.54,-1.58,San Francisco County
1400000US06075012403,"Census Tract 124.03, San Francisco County, California",2253,2591,2431,338,-160,178,15,-6.18,7.9,San Francisco County
1400000US06075012404,"Census Tract 124.04, San Francisco County, California",2443,2566,2586,123,20,143,5.03,0.78,5.85,San Francisco County
1400000US06075012405,"Census Tract 124.05, San Francisco County, California",3381,3817,3921,436,104,540,12.9,2.72,15.97,San Francisco County
1400000US06075012406,"Census Tract 124.06, San Francisco County, California",1433,1463,1533,30,70,100,2.09,4.78,6.98,San Francisco County
1400000US06075012502,"Census Tract 125.02, San Francisco County, California",4034,4371,4629,337,258,595,8.35,5.9,14.75,San Francisco County
1400000US06075012503,"Census Tract 125.03, San Francisco County, California",3600,3788,4368,188,580,768,5.22,15.31,21.33,San Francisco County
1400000US06075012504,"Census Tract 125.04, San Francisco County, California",680,617,612,-63,-5,-68,-9.26,-0.81,-10,San Francisco County
1400000US06075012601,"Census Tract 126.01, San Francisco County, California",2371,2241,2164,-130,-77,-207,-5.48,-3.44,-8.73,San Francisco County
1400000US06075012602,"Census Tract 126.02, San Francisco County, California",3062,2977,2768,-85,-209,-294,-2.78,-7.02,-9.6,San Francisco County
1400000US06075012700,"Census Tract 127, San Francisco County, California",3970,4046,4021,76,-25,51,1.91,-0.62,1.28,San Francisco County
1400000US06075012801,"Census Tract 128.01, San Francisco County, California",2751,2791,2591,40,-200,-160,1.45,-7.17,-5.82,San Francisco County
1400000US06075012802,"Census Tract 128.02, San Francisco County, California",1915,2012,2027,97,15,112,5.07,0.75,5.85,San Francisco County
1400000US06075012901,"Census Tract 129.01, San Francisco County, California",2897,2823,2816,-74,-7,-81,-2.55,-0.25,-2.8,San Francisco County
1400000US06075012902,"Census Tract 129.02, San Francisco County, California",3493,3545,3322,52,-223,-171,1.49,-6.29,-4.9,San Francisco County
1400000US06075013001,"Census Tract 130.01, San Francisco County, California",1972,1758,1592,-214,-166,-380,-10.85,-9.44,-19.27,San Francisco County
1400000US06075013002,"Census Tract 130.02, San Francisco County, California",2755,2800,2609,45,-191,-146,1.63,-6.82,-5.3,San Francisco County
1400000US06075013101,"Census Tract 131.01, San Francisco County, California",3775,4088,4269,313,181,494,8.29,4.43,13.09,San Francisco County
1400000US06075013102,"Census Tract 131.02, San Francisco County, California",2981,2951,2731,-30,-220,-250,-1.01,-7.46,-8.39,San Francisco County
1400000US06075013200,"Census Tract 132, San Francisco County, California",4477,4456,3931,-21,-525,-546,-0.47,-11.78,-12.2,San Francisco County
1400000US06075013300,"Census Tract 133, San Francisco County, California",4487,4483,4284,-4,-199,-203,-0.09,-4.44,-4.52,San Francisco County
1400000US06075013401,"Census Tract 134.01, San Francisco County, California",1644,1516,1370,-128,-146,-274,-7.79,-9.63,-16.67,San Francisco County
1400000US06075013402,"Census Tract 134.02, San Francisco County, California",2156,2239,2107,83,-132,-49,3.85,-5.9,-2.27,San Francisco County
1400000US06075013500,"Census Tract 135, San Francisco County, California",2552,2449,2471,-103,22,-81,-4.04,0.9,-3.17,San Francisco County
1400000US06075015100,"Census Tract 151, San Francisco County, California",2715,2817,2799,102,-18,84,3.76,-0.64,3.09,San Francisco County
1400000US06075015201,"Census Tract 152.01, San Francisco County, California",1802,1713,1612,-89,-101,-190,-4.94,-5.9,-10.54,San Francisco County
1400000US06075015202,"Census Tract 152.02, San Francisco County, California",2277,2277,2212,0,-65,-65,0,-2.85,-2.85,San Francisco County
1400000US06075015300,"Census Tract 153, San Francisco County, California",2289,2206,2293,-83,87,4,-3.63,3.94,0.17,San Francisco County
1400000US06075015401,"Census Tract 154.01, San Francisco County, California",3252,3349,3338,97,-11,86,2.98,-0.33,2.64,San Francisco County
1400000US06075015402,"Census Tract 154.02, San Francisco County, California",2706,2643,2848,-63,205,142,-2.33,7.76,5.25,San Francisco County
1400000US06075015500,"Census Tract 155, San Francisco County, California",3624,3666,3708,42,42,84,1.16,1.15,2.32,San Francisco County
1400000US06075015600,"Census Tract 156, San Francisco County, California",3142,2923,2988,-219,65,-154,-6.97,2.22,-4.9,San Francisco County
1400000US06075015701,"Census Tract 157.01, San Francisco County, California",5318,5327,4926,9,-401,-392,0.17,-7.53,-7.37,San Francisco County
1400000US06075015702,"Census Tract 157.02, San Francisco County, California",3236,3435,3273,199,-162,37,6.15,-4.72,1.14,San Francisco County
1400000US06075015801,"Census Tract 158.01, San Francisco County, California",3432,3406,3394,-26,-12,-38,-0.76,-0.35,-1.11,San Francisco County
1400000US06075015802,"Census Tract 158.02, San Francisco County, California",3613,3589,3340,-24,-249,-273,-0.66,-6.94,-7.56,San Francisco County
1400000US06075015900,"Census Tract 159, San Francisco County, California",4652,4829,5245,177,416,593,3.8,8.61,12.75,San Francisco County
1400000US06075016000,"Census Tract 160, San Francisco County, California",2717,2498,2460,-219,-38,-257,-8.06,-1.52,-9.46,San Francisco County
1400000US06075016101,"Census Tract 161.01, San Francisco County, California",2754,2295,2355,-459,60,-399,-16.67,2.61,-14.49,San Francisco County
1400000US06075016102,"Census Tract 161.02, San Francisco County, California",2416,2555,2618,139,63,202,5.75,2.47,8.36,San Francisco County
1400000US06075016200,"Census Tract 162, San Francisco County, California",3430,3365,3230,-65,-135,-200,-1.9,-4.01,-5.83,San Francisco County
1400000US06075016300,"Census Tract 163, San Francisco County, California",4528,4423,3942,-105,-481,-586,-2.32,-10.87,-12.94,San Francisco County
1400000US06075016400,"Census Tract 164, San Francisco County, California",3999,4262,4162,263,-100,163,6.58,-2.35,4.08,San Francisco County
1400000US06075016500,"Census Tract 165, San Francisco County, California",5654,5279,5317,-375,38,-337,-6.63,0.72,-5.96,San Francisco County
1400000US06075016601,"Census Tract 166.01, San Francisco County, California",3217,3180,3202,-37,22,-15,-1.15,0.69,-0.47,San Francisco County
1400000US06075016602,"Census Tract 166.02, San Francisco County, California",2527,2498,2098,-29,-400,-429,-1.15,-16.01,-16.98,San Francisco County
1400000US06075016700,"Census Tract 167, San Francisco County, California",5427,5427,5277,0,-150,-150,0,-2.76,-2.76,San Francisco County
1400000US06075016801,"Census Tract 168.01, San Francisco County, California",4087,4243,3898,156,-345,-189,3.82,-8.13,-4.62,San Francisco County
1400000US06075016802,"Census Tract 168.02, San Francisco County, California",3774,3709,3807,-65,98,33,-1.72,2.64,0.87,San Francisco County
1400000US06075016900,"Census Tract 169, San Francisco County, California",3134,3132,3061,-2,-71,-73,-0.06,-2.27,-2.33,San Francisco County
1400000US06075017000,"Census Tract 170, San Francisco County, California",4323,4375,4262,52,-113,-61,1.2,-2.58,-1.41,San Francisco County
1400000US06075017101,"Census Tract 171.01, San Francisco County, California",4117,4249,4250,132,1,133,3.21,0.02,3.23,San Francisco County
1400000US06075017102,"Census Tract 171.02, San Francisco County, California",3893,3671,3646,-222,-25,-247,-5.7,-0.68,-6.34,San Francisco County
1400000US06075017602,"Census Tract 176.02, San Francisco County, California",3499,3218,3199,-281,-19,-300,-8.03,-0.59,-8.57,San Francisco County
1400000US06075017603,"Census Tract 176.03, San Francisco County, California",4684,4509,4815,-175,306,131,-3.74,6.79,2.8,San Francisco County
1400000US06075017604,"Census Tract 176.04, San Francisco County, California",2710,2856,3146,146,290,436,5.39,10.15,16.09,San Francisco County
1400000US06075017700,"Census Tract 177, San Francisco County, California",1877,1989,2080,112,91,203,5.97,4.58,10.82,San Francisco County
1400000US06075017801,"Census Tract 178.01, San Francisco County, California",3895,3636,3582,-259,-54,-313,-6.65,-1.49,-8.04,San Francisco County
1400000US06075017803,"Census Tract 178.03, San Francisco County, California",2458,2507,2523,49,16,65,1.99,0.64,2.64,San Francisco County
1400000US06075017804,"Census Tract 178.04, San Francisco County, California",4382,4474,3482,92,-992,-900,2.1,-22.17,-20.54,San Francisco County
1400000US06075017903,"Census Tract 179.03, San Francisco County, California",3184,3185,3136,1,-49,-48,0.03,-1.54,-1.51,San Francisco County
1400000US06075018000,"Census Tract 180, San Francisco County, California",3504,3772,3774,268,2,270,7.65,0.05,7.71,San Francisco County
1400000US06075020101,"Census Tract 201.01, San Francisco County, California",3314,3550,3924,236,374,610,7.12,10.54,18.41,San Francisco County
1400000US06075020102,"Census Tract 201.02, San Francisco County, California",2860,2941,3310,81,369,450,2.83,12.55,15.73,San Francisco County
1400000US06075020201,"Census Tract 202.01, San Francisco County, California",2197,2168,1920,-29,-248,-277,-1.32,-11.44,-12.61,San Francisco County
1400000US06075020202,"Census Tract 202.02, San Francisco County, California",4201,4132,4113,-69,-19,-88,-1.64,-0.46,-2.09,San Francisco County
1400000US06075020300,"Census Tract 203, San Francisco County, California",3651,3521,3474,-130,-47,-177,-3.56,-1.33,-4.85,San Francisco County
1400000US06075020401,"Census Tract 204.01, San Francisco County, California",3308,3303,3248,-5,-55,-60,-0.15,-1.67,-1.81,San Francisco County
1400000US06075020402,"Census Tract 204.02, San Francisco County, California",4498,4419,4169,-79,-250,-329,-1.76,-5.66,-7.31,San Francisco County
1400000US06075020500,"Census Tract 205, San Francisco County, California",3051,2973,2970,-78,-3,-81,-2.56,-0.1,-2.65,San Francisco County
1400000US06075020601,"Census Tract 206.01, San Francisco County, California",3050,3132,3044,82,-88,-6,2.69,-2.81,-0.2,San Francisco County
1400000US06075020602,"Census Tract 206.02, San Francisco County, California",2621,2487,2564,-134,77,-57,-5.11,3.1,-2.17,San Francisco County
1400000US06075020701,"Census Tract 207.01, San Francisco County, California",2912,3073,3139,161,66,227,5.53,2.15,7.8,San Francisco County
1400000US06075020702,"Census Tract 207.02, San Francisco County, California",2355,2228,2248,-127,20,-107,-5.39,0.9,-4.54,San Francisco County
1400000US06075020801,"Census Tract 208.01, San Francisco County, California",3719,3629,3743,-90,114,24,-2.42,3.14,0.65,San Francisco County
1400000US06075020802,"Census Tract 208.02, San Francisco County, California",2675,2604,2523,-71,-81,-152,-2.65,-3.11,-5.68,San Francisco County
1400000US06075020900,"Census Tract 209, San Francisco County, California",4546,4402,4098,-144,-304,-448,-3.17,-6.91,-9.85,San Francisco County
1400000US06075021000,"Census Tract 210, San Francisco County, California",4303,4051,3820,-252,-231,-483,-5.86,-5.7,-11.22,San Francisco County
1400000US06075021100,"Census Tract 211, San Francisco County, California",3941,3960,3959,19,-1,18,0.48,-0.03,0.46,San Francisco County
1400000US06075021200,"Census Tract 212, San Francisco County, California",3079,3017,2984,-62,-33,-95,-2.01,-1.09,-3.09,San Francisco County
1400000US06075021300,"Census Tract 213, San Francisco County, California",2673,2692,2663,19,-29,-10,0.71,-1.08,-0.37,San Francisco County
1400000US06075021400,"Census Tract 214, San Francisco County, California",3633,3641,3500,8,-141,-133,0.22,-3.87,-3.66,San Francisco County
1400000US06075021500,"Census Tract 215, San Francisco County, California",5325,5622,5559,297,-63,234,5.58,-1.12,4.39,San Francisco County
1400000US06075021600,"Census Tract 216, San Francisco County, California",3977,4189,4414,212,225,437,5.33,5.37,10.99,San Francisco County
1400000US06075021700,"Census Tract 217, San Francisco County, California",4509,4512,4602,3,90,93,0.07,1.99,2.06,San Francisco County
1400000US06075021800,"Census Tract 218, San Francisco County, California",4145,4218,4121,73,-97,-24,1.76,-2.3,-0.58,San Francisco County
1400000US06075022600,"Census Tract 226, San Francisco County, California",3328,3570,3849,242,279,521,7.27,7.82,15.66,San Francisco County
1400000US06075022702,"Census Tract 227.02, San Francisco County, California",2200,2218,2152,18,-66,-48,0.82,-2.98,-2.18,San Francisco County
1400000US06075022704,"Census Tract 227.04, San Francisco County, California",3421,3565,3716,144,151,295,4.21,4.24,8.62,San Francisco County
1400000US06075022801,"Census Tract 228.01, San Francisco County, California",5672,5068,4950,-604,-118,-722,-10.65,-2.33,-12.73,San Francisco County
1400000US06075022802,"Census Tract 228.02, San Francisco County, California",2424,2384,2369,-40,-15,-55,-1.65,-0.63,-2.27,San Francisco County
1400000US06075022803,"Census Tract 228.03, San Francisco County, California",5265,4903,4430,-362,-473,-835,-6.88,-9.65,-15.86,San Francisco County
1400000US06075022901,"Census Tract 229.01, San Francisco County, California",4608,4573,4386,-35,-187,-222,-0.76,-4.09,-4.82,San Francisco County
1400000US06075022902,"Census Tract 229.02, San Francisco County, California",2280,2233,2096,-47,-137,-184,-2.06,-6.14,-8.07,San Francisco County
1400000US06075022903,"Census Tract 229.03, San Francisco County, California",3216,3090,2850,-126,-240,-366,-3.92,-7.77,-11.38,San Francisco County
1400000US06075023001,"Census Tract 230.01, San Francisco County, California",5125,5309,5719,184,410,594,3.59,7.72,11.59,San Francisco County
1400000US06075023003,"Census Tract 230.03, San Francisco County, California",3968,4195,4157,227,-38,189,5.72,-0.91,4.76,San Francisco County
1400000US06075023102,"Census Tract 231.02, San Francisco County, California",3671,3707,3569,36,-138,-102,0.98,-3.72,-2.78,San Francisco County
1400000US06075023103,"Census Tract 231.03, San Francisco County, California",3954,4064,4456,110,392,502,2.78,9.65,12.7,San Francisco County
1400000US06075023200,"Census Tract 232, San Francisco County, California",4326,3857,4222,-469,365,-104,-10.84,9.46,-2.4,San Francisco County
1400000US06075023300,"Census Tract 233, San Francisco County, California",3797,3930,3950,133,20,153,3.5,0.51,4.03,San Francisco County
1400000US06075023400,"Census Tract 234, San Francisco County, California",3873,4148,4039,275,-109,166,7.1,-2.63,4.29,San Francisco County
1400000US06075025100,"Census Tract 251, San Francisco County, California",3579,3384,3408,-195,24,-171,-5.45,0.71,-4.78,San Francisco County
1400000US06075025200,"Census Tract 252, San Francisco County, California",5402,5505,5457,103,-48,55,1.91,-0.87,1.02,San Francisco County
1400000US06075025300,"Census Tract 253, San Francisco County, California",4601,4441,4545,-160,104,-56,-3.48,2.34,-1.22,San Francisco County
1400000US06075025401,"Census Tract 254.01, San Francisco County, California",4005,3781,3819,-224,38,-186,-5.59,1.01,-4.64,San Francisco County
1400000US06075025402,"Census Tract 254.02, San Francisco County, California",3713,3522,3294,-191,-228,-419,-5.14,-6.47,-11.28,San Francisco County
1400000US06075025403,"Census Tract 254.03, San Francisco County, California",4849,4692,4244,-157,-448,-605,-3.24,-9.55,-12.48,San Francisco County
1400000US06075025501,"Census Tract 255.01, San Francisco County, California",4348,4443,4397,95,-46,49,2.18,-1.04,1.13,San Francisco County
1400000US06075025502,"Census Tract 255.02, San Francisco County, California",4895,4428,3846,-467,-582,-1049,-9.54,-13.14,-21.43,San Francisco County
1400000US06075025600,"Census Tract 256, San Francisco County, California",5114,5158,5027,44,-131,-87,0.86,-2.54,-1.7,San Francisco County
1400000US06075025701,"Census Tract 257.01, San Francisco County, California",5427,5424,5331,-3,-93,-96,-0.06,-1.71,-1.77,San Francisco County
1400000US06075025702,"Census Tract 257.02, San Francisco County, California",3904,3979,4153,75,174,249,1.92,4.37,6.38,San Francisco County
1400000US06075025800,"Census Tract 258, San Francisco County, California",2112,2153,2129,41,-24,17,1.94,-1.11,0.8,San Francisco County
1400000US06075025900,"Census Tract 259, San Francisco County, California",4800,4409,4128,-391,-281,-672,-8.15,-6.37,-14,San Francisco County
1400000US06075026001,"Census Tract 260.01, San Francisco County, California",6708,6463,6416,-245,-47,-292,-3.65,-0.73,-4.35,San Francisco County
1400000US06075026002,"Census Tract 260.02, San Francisco County, California",3662,3660,3683,-2,23,21,-0.05,0.63,0.57,San Francisco County
1400000US06075026003,"Census Tract 260.03, San Francisco County, California",5336,5085,4920,-251,-165,-416,-4.7,-3.24,-7.8,San Francisco County
1400000US06075026004,"Census Tract 260.04, San Francisco County, California",4214,4107,3839,-107,-268,-375,-2.54,-6.53,-8.9,San Francisco County
1400000US06075026100,"Census Tract 261, San Francisco County, California",7518,7566,6879,48,-687,-639,0.64,-9.08,-8.5,San Francisco County
1400000US06075026201,"Census Tract 262.01, San Francisco County, California",3849,3825,3651,-24,-174,-198,-0.62,-4.55,-5.14,San Francisco County
1400000US06075026202,"Census Tract 262.02, San Francisco County, California",4036,3839,3863,-197,24,-173,-4.88,0.63,-4.29,San Francisco County
1400000US06075026301,"Census Tract 263.01, San Francisco County, California",5561,5724,5345,163,-379,-216,2.93,-6.62,-3.88,San Francisco County
1400000US06075026302,"Census Tract 263.02, San Francisco County, California",5332,5142,5004,-190,-138,-328,-3.56,-2.68,-6.15,San Francisco County
1400000US06075026303,"Census Tract 263.03, San Francisco County, California",5053,4818,4612,-235,-206,-441,-4.65,-4.28,-8.73,San Francisco County
1400000US06075026401,"Census Tract 264.01, San Francisco County, California",3651,3444,3842,-207,398,191,-5.67,11.56,5.23,San Francisco County
1400000US06075026402,"Census Tract 264.02, San Francisco County, California",5758,5056,4755,-702,-301,-1003,-12.19,-5.95,-17.42,San Francisco County
1400000US06075026403,"Census Tract 264.03, San Francisco County, California",4143,3801,3581,-342,-220,-562,-8.25,-5.79,-13.57,San Francisco County
1400000US06075026404,"Census Tract 264.04, San Francisco County, California",2712,2760,2507,48,-253,-205,1.77,-9.17,-7.56,San Francisco County
1400000US06075030101,"Census Tract 301.01, San Francisco County, California",5252,5062,4792,-190,-270,-460,-3.62,-5.33,-8.76,San Francisco County
1400000US06075030102,"Census Tract 301.02, San Francisco County, California",4829,4731,4726,-98,-5,-103,-2.03,-0.11,-2.13,San Francisco County
1400000US06075030201,"Census Tract 302.01, San Francisco County, California",4552,4262,4131,-290,-131,-421,-6.37,-3.07,-9.25,San Francisco County
1400000US06075030202,"Census Tract 302.02, San Francisco County, California",4190,4013,4209,-177,196,19,-4.22,4.88,0.45,San Francisco County
1400000US06075030301,"Census Tract 303.01, San Francisco County, California",5649,6074,6129,425,55,480,7.52,0.91,8.5,San Francisco County
1400000US06075030302,"Census Tract 303.02, San Francisco County, California",4079,3928,3742,-151,-186,-337,-3.7,-4.74,-8.26,San Francisco County
1400000US06075030400,"Census Tract 304, San Francisco County, California",5403,5088,5262,-315,174,-141,-5.83,3.42,-2.61,San Francisco County
1400000US06075030500,"Census Tract 305, San Francisco County, California",3570,3676,3787,106,111,217,2.97,3.02,6.08,San Francisco County
1400000US06075030600,"Census Tract 306, San Francisco County, California",2537,2514,2348,-23,-166,-189,-0.91,-6.6,-7.45,San Francisco County
1400000US06075030700,"Census Tract 307, San Francisco County, California",6895,6959,6910,64,-49,15,0.93,-0.7,0.22,San Francisco County
1400000US06075030800,"Census Tract 308, San Francisco County, California",6297,6041,5907,-256,-134,-390,-4.07,-2.22,-6.19,San Francisco County
1400000US06075030900,"Census Tract 309, San Francisco County, California",6803,6767,6627,-36,-140,-176,-0.53,-2.07,-2.59,San Francisco County
1400000US06075031000,"Census Tract 310, San Francisco County, California",4020,4089,4140,69,51,120,1.72,1.25,2.99,San Francisco County
1400000US06075031100,"Census Tract 311, San Francisco County, California",6530,6295,6286,-235,-9,-244,-3.6,-0.14,-3.74,San Francisco County
1400000US06075031201,"Census Tract 312.01, San Francisco County, California",7025,6522,6341,-503,-181,-684,-7.16,-2.78,-9.74,San Francisco County
1400000US06075031202,"Census Tract 312.02, San Francisco County, California",3306,3239,2804,-67,-435,-502,-2.03,-13.43,-15.18,San Francisco County
1400000US06075031301,"Census Tract 313.01, San Francisco County, California",4069,3866,3868,-203,2,-201,-4.99,0.05,-4.94,San Francisco County
1400000US06075031302,"Census Tract 313.02, San Francisco County, California",5635,5503,4536,-132,-967,-1099,-2.34,-17.57,-19.5,San Francisco County
1400000US06075031401,"Census Tract 314.01, San Francisco County, California",2545,2378,2533,-167,155,-12,-6.56,6.52,-0.47,San Francisco County
1400000US06075031402,"Census Tract 314.02, San Francisco County, California",4755,4788,4545,33,-243,-210,0.69,-5.08,-4.42,San Francisco County
1400000US06075032601,"Census Tract 326.01, San Francisco County, California",5196,4874,4915,-322,41,-281,-6.2,0.84,-5.41,San Francisco County
1400000US06075032602,"Census Tract 326.02, San Francisco County, California",4637,4505,4344,-132,-161,-293,-2.85,-3.57,-6.32,San Francisco County
1400000US06075032700,"Census Tract 327, San Francisco County, California",7242,6932,6721,-310,-211,-521,-4.28,-3.04,-7.19,San Francisco County
1400000US06075032801,"Census Tract 328.01, San Francisco County, California",4055,4042,3831,-13,-211,-224,-0.32,-5.22,-5.52,San Francisco County
1400000US06075032802,"Census Tract 328.02, San Francisco County, California",4572,4624,4454,52,-170,-118,1.14,-3.68,-2.58,San Francisco County
1400000US06075032901,"Census Tract 329.01, San Francisco County, California",5335,5360,5064,25,-296,-271,0.47,-5.52,-5.08,San Francisco County
1400000US06075032902,"Census Tract 329.02, San Francisco County, California",4450,4103,3907,-347,-196,-543,-7.8,-4.78,-12.2,San Francisco County
1400000US06075033001,"Census Tract 330.01, San Francisco County, California",4210,4200,4075,-10,-125,-135,-0.24,-2.98,-3.21,San Francisco County
1400000US06075033002,"Census Tract 330.02, San Francisco County, California",3986,4227,4288,241,61,302,6.05,1.44,7.58,San Francisco County
1400000US06075033100,"Census Tract 331, San Francisco County, California",3868,3948,3980,80,32,112,2.07,0.81,2.9,San Francisco County
1400000US06075033201,"Census Tract 332.01, San Francisco County, California",4444,4262,3730,-182,-532,-714,-4.1,-12.48,-16.07,San Francisco County
1400000US06075033203,"Census Tract 332.03, San Francisco County, California",3498,3320,3313,-178,-7,-185,-5.09,-0.21,-5.29,San Francisco County
1400000US06075033204,"Census Tract 332.04, San Francisco County, California",4821,4402,3620,-419,-782,-1201,-8.69,-17.76,-24.91,San Francisco County
1400000US06075035101,"Census Tract 351.01, San Francisco County, California",4160,4035,4018,-125,-17,-142,-3,-0.42,-3.41,San Francisco County
1400000US06075035102,"Census Tract 351.02, San Francisco County, California",4575,4760,4458,185,-302,-117,4.04,-6.34,-2.56,San Francisco County
1400000US06075035201,"Census Tract 352.01, San Francisco County, California",5467,5497,5305,30,-192,-162,0.55,-3.49,-2.96,San Francisco County
1400000US06075035202,"Census Tract 352.02, San Francisco County, California",5015,4796,4878,-219,82,-137,-4.37,1.71,-2.73,San Francisco County
1400000US06075035300,"Census Tract 353, San Francisco County, California",7539,7537,7157,-2,-380,-382,-0.03,-5.04,-5.07,San Francisco County
1400000US06075035400,"Census Tract 354, San Francisco County, California",7332,7769,7431,437,-338,99,5.96,-4.35,1.35,San Francisco County
1400000US06075040100,"Census Tract 401, San Francisco County, California",4478,4342,4228,-136,-114,-250,-3.04,-2.63,-5.58,San Francisco County
1400000US06075040200,"Census Tract 402, San Francisco County, California",6144,5460,5464,-684,4,-680,-11.13,0.07,-11.07,San Francisco County
1400000US06075042601,"Census Tract 426.01, San Francisco County, California",4159,4261,4126,102,-135,-33,2.45,-3.17,-0.79,San Francisco County
1400000US06075042602,"Census Tract 426.02, San Francisco County, California",2854,2615,2842,-239,227,-12,-8.37,8.68,-0.42,San Francisco County
1400000US06075042700,"Census Tract 427, San Francisco County, California",5276,5361,5229,85,-132,-47,1.61,-2.46,-0.89,San Francisco County
1400000US06075042800,"Census Tract 428, San Francisco County, California",2416,2501,2348,85,-153,-68,3.52,-6.12,-2.81,San Francisco County
1400000US06075045100,"Census Tract 451, San Francisco County, California",5289,5209,4838,-80,-371,-451,-1.51,-7.12,-8.53,San Francisco County
1400000US06075045201,"Census Tract 452.01, San Francisco County, California",3357,3360,3104,3,-256,-253,0.09,-7.62,-7.54,San Francisco County
1400000US06075045202,"Census Tract 452.02, San Francisco County, California",3485,3396,3358,-89,-38,-127,-2.55,-1.12,-3.64,San Francisco County
1400000US06075047600,"Census Tract 476, San Francisco County, California",5418,5145,5121,-273,-24,-297,-5.04,-0.47,-5.48,San Francisco County
1400000US06075047701,"Census Tract 477.01, San Francisco County, California",4947,4978,4848,31,-130,-99,0.63,-2.61,-2,San Francisco County
1400000US06075047702,"Census Tract 477.02, San Francisco County, California",3803,3541,3654,-262,113,-149,-6.89,3.19,-3.92,San Francisco County
1400000US06075047801,"Census Tract 478.01, San Francisco County, California",4283,4550,4613,267,63,330,6.23,1.38,7.7,San Francisco County
1400000US06075047802,"Census Tract 478.02, San Francisco County, California",3904,3781,3664,-123,-117,-240,-3.15,-3.09,-6.15,San Francisco County
1400000US06075047902,"Census Tract 479.02, San Francisco County, California",3650,3610,3350,-40,-260,-300,-1.1,-7.2,-8.22,San Francisco County
1400000US06075047903,"Census Tract 479.03, San Francisco County, California",4315,4283,3981,-32,-302,-334,-0.74,-7.05,-7.74,San Francisco County
1400000US06075047904,"Census Tract 479.04, San Francisco County, California",3136,3111,3145,-25,34,9,-0.8,1.09,0.29,San Francisco County
1400000US06075060100,"Census Tract 601, San Francisco County, California",4073,4231,3952,158,-279,-121,3.88,-6.59,-2.97,San Francisco County
1400000US06075060400,"Census Tract 604, San Francisco County, California",1605,1595,1866,-10,271,261,-0.62,16.99,16.26,San Francisco County
1400000US06075060502,"Census Tract 605.02, San Francisco County, California",3611,3539,3361,-72,-178,-250,-1.99,-5.03,-6.92,San Francisco County
1400000US06075060701,"Census Tract 607.01, San Francisco County, California",6889,7621,7879,732,258,990,10.63,3.39,14.37,San Francisco County
1400000US06075060702,"Census Tract 607.02, San Francisco County, California",1203,1488,1945,285,457,742,23.69,30.71,61.68,San Francisco County
1400000US06075060703,"Census Tract 607.03, San Francisco County, California",5238,5787,6256,549,469,1018,10.48,8.1,19.43,San Francisco County
1400000US06075061000,"Census Tract 610, San Francisco County, California",5008,4825,4890,-183,65,-118,-3.65,1.35,-2.36,San Francisco County
1400000US06075061101,"Census Tract 611.01, San Francisco County, California",1913,1856,1861,-57,5,-52,-2.98,0.27,-2.72,San Francisco County
1400000US06075061102,"Census Tract 611.02, San Francisco County, California",2405,2341,2393,-64,52,-12,-2.66,2.22,-0.5,San Francisco County
1400000US06075061200,"Census Tract 612, San Francisco County, California",3769,3952,4006,183,54,237,4.86,1.37,6.29,San Francisco County
1400000US06075061401,"Census Tract 614.01, San Francisco County, California",3496,3199,2989,-297,-210,-507,-8.5,-6.56,-14.5,San Francisco County
1400000US06075061402,"Census Tract 614.02, San Francisco County, California",2400,2537,2331,137,-206,-69,5.71,-8.12,-2.88,San Francisco County
1400000US06075061501,"Census Tract 615.01, San Francisco County, California",2050,1837,1656,-213,-181,-394,-10.39,-9.85,-19.22,San Francisco County
1400000US06075061502,"Census Tract 615.02, San Francisco County, California",1703,1774,1901,71,127,198,4.17,7.16,11.63,San Francisco County
1400000US06075061503,"Census Tract 615.03, San Francisco County, California",3102,3400,3205,298,-195,103,9.61,-5.74,3.32,San Francisco County
1400000US06075061504,"Census Tract 615.04, San Francisco County, California",1646,1443,1567,-203,124,-79,-12.33,8.59,-4.8,San Francisco County
1400000US06075061505,"Census Tract 615.05, San Francisco County, California",710,776,1061,66,285,351,9.3,36.73,49.44,San Francisco County
1400000US06075061506,"Census Tract 615.06, San Francisco County, California",4899,4422,4541,-477,119,-358,-9.74,2.69,-7.31,San Francisco County
1400000US06075061507,"Census Tract 615.07, San Francisco County, California",1673,1940,1772,267,-168,99,15.96,-8.66,5.92,San Francisco County
1400000US06075061508,"Census Tract 615.08, San Francisco County, California",2302,2006,2222,-296,216,-80,-12.86,10.77,-3.48,San Francisco County
1400000US06075980200,"Census Tract 9802, San Francisco County, California",185,171,186,-14,15,1,-7.57,8.77,0.54,San Francisco County
1400000US06075980300,"Census Tract 9803, San Francisco County, California",32,25,38,-7,13,6,-21.88,52,18.75,San Francisco County
1400000US06075980401,"Census Tract 9804.01, San Francisco County, California",0,0,0,0,0,0,#DIV/0!,#DIV/0!,#DIV/0!,San Francisco County
1400000US06075980501,"Census Tract 9805.01, San Francisco County, California",153,104,129,-49,25,-24,-32.03,24.04,-15.69,San Francisco County
1400000US06075980600,"Census Tract 9806, San Francisco County, California",747,970,1172,223,202,425,29.85,20.82,56.89,San Francisco County
1400000US06075980900,"Census Tract 9809, San Francisco County, California",242,296,315,54,19,73,22.31,6.42,30.17,San Francisco County
1400000US06075990100,"Census Tract 9901, San Francisco County, California",0,0,0,0,0,0,#DIV/0!,#DIV/0!,#DIV/0!,San Francisco County
1400000US06075990200,"Census Tract 9902, San Francisco County, California",0,0,0,0,0,0,#DIV/0!,#DIV/0!,#DIV/0!,San Francisco County
1400000US06077000101,"Census Tract 1.01, San Joaquin County, California",1541,1562,1649,21,87,108,1.36,5.57,7.01,San Joaquin County
1400000US06077000102,"Census Tract 1.02, San Joaquin County, California",2180,1836,2013,-344,177,-167,-15.78,9.64,-7.66,San Joaquin County
1400000US06077000300,"Census Tract 3, San Joaquin County, California",2103,2278,2298,175,20,195,8.32,0.88,9.27,San Joaquin County
1400000US06077000401,"Census Tract 4.01, San Joaquin County, California",2703,2571,2856,-132,285,153,-4.88,11.09,5.66,San Joaquin County
1400000US06077000402,"Census Tract 4.02, San Joaquin County, California",4629,4581,4373,-48,-208,-256,-1.04,-4.54,-5.53,San Joaquin County
1400000US06077000500,"Census Tract 5, San Joaquin County, California",2357,2545,2496,188,-49,139,7.98,-1.93,5.9,San Joaquin County
1400000US06077000600,"Census Tract 6, San Joaquin County, California",1793,1933,2171,140,238,378,7.81,12.31,21.08,San Joaquin County
1400000US06077000700,"Census Tract 7, San Joaquin County, California",4680,4722,5284,42,562,604,0.9,11.9,12.91,San Joaquin County
1400000US06077000802,"Census Tract 8.02, San Joaquin County, California",1980,2125,1951,145,-174,-29,7.32,-8.19,-1.46,San Joaquin County
1400000US06077000803,"Census Tract 8.03, San Joaquin County, California",5530,5629,5845,99,216,315,1.79,3.84,5.7,San Joaquin County
1400000US06077000900,"Census Tract 9, San Joaquin County, California",5769,5906,5566,137,-340,-203,2.37,-5.76,-3.52,San Joaquin County
1400000US06077001000,"Census Tract 10, San Joaquin County, California",5440,5530,5346,90,-184,-94,1.65,-3.33,-1.73,San Joaquin County
1400000US06077001101,"Census Tract 11.01, San Joaquin County, California",5196,5523,5153,327,-370,-43,6.29,-6.7,-0.83,San Joaquin County
1400000US06077001102,"Census Tract 11.02, San Joaquin County, California",4883,5240,5356,357,116,473,7.31,2.21,9.69,San Joaquin County
1400000US06077001200,"Census Tract 12, San Joaquin County, California",6228,6211,5842,-17,-369,-386,-0.27,-5.94,-6.2,San Joaquin County
1400000US06077001300,"Census Tract 13, San Joaquin County, California",5176,5492,5745,316,253,569,6.11,4.61,10.99,San Joaquin County
1400000US06077001400,"Census Tract 14, San Joaquin County, California",4630,4676,4636,46,-40,6,0.99,-0.86,0.13,San Joaquin County
1400000US06077001501,"Census Tract 15.01, San Joaquin County, California",5683,5979,6290,296,311,607,5.21,5.2,10.68,San Joaquin County
1400000US06077001502,"Census Tract 15.02, San Joaquin County, California",4187,4325,3963,138,-362,-224,3.3,-8.37,-5.35,San Joaquin County
1400000US06077001600,"Census Tract 16, San Joaquin County, California",2370,2417,2494,47,77,124,1.98,3.19,5.23,San Joaquin County
1400000US06077001700,"Census Tract 17, San Joaquin County, California",3618,4552,4245,934,-307,627,25.82,-6.74,17.33,San Joaquin County
1400000US06077001800,"Census Tract 18, San Joaquin County, California",4322,4506,4355,184,-151,33,4.26,-3.35,0.76,San Joaquin County
1400000US06077001900,"Census Tract 19, San Joaquin County, California",4665,5115,5577,450,462,912,9.65,9.03,19.55,San Joaquin County
1400000US06077002000,"Census Tract 20, San Joaquin County, California",3305,3540,3674,235,134,369,7.11,3.79,11.16,San Joaquin County
1400000US06077002100,"Census Tract 21, San Joaquin County, California",5529,5650,5838,121,188,309,2.19,3.33,5.59,San Joaquin County
1400000US06077002201,"Census Tract 22.01, San Joaquin County, California",3379,3512,3564,133,52,185,3.94,1.48,5.47,San Joaquin County
1400000US06077002202,"Census Tract 22.02, San Joaquin County, California",4861,5362,5494,501,132,633,10.31,2.46,13.02,San Joaquin County
1400000US06077002300,"Census Tract 23, San Joaquin County, California",4402,4283,4560,-119,277,158,-2.7,6.47,3.59,San Joaquin County
1400000US06077002401,"Census Tract 24.01, San Joaquin County, California",5476,5432,5485,-44,53,9,-0.8,0.98,0.16,San Joaquin County
1400000US06077002402,"Census Tract 24.02, San Joaquin County, California",1705,1989,2047,284,58,342,16.66,2.92,20.06,San Joaquin County
1400000US06077002503,"Census Tract 25.03, San Joaquin County, California",1970,2194,2300,224,106,330,11.37,4.83,16.75,San Joaquin County
1400000US06077002504,"Census Tract 25.04, San Joaquin County, California",3970,4028,4396,58,368,426,1.46,9.14,10.73,San Joaquin County
1400000US06077002701,"Census Tract 27.01, San Joaquin County, California",6382,6637,6362,255,-275,-20,4,-4.14,-0.31,San Joaquin County
1400000US06077002702,"Census Tract 27.02, San Joaquin County, California",3714,3774,3762,60,-12,48,1.62,-0.32,1.29,San Joaquin County
1400000US06077002800,"Census Tract 28, San Joaquin County, California",6035,5864,6262,-171,398,227,-2.83,6.79,3.76,San Joaquin County
1400000US06077003106,"Census Tract 31.06, San Joaquin County, California",3948,4066,4203,118,137,255,2.99,3.37,6.46,San Joaquin County
1400000US06077003108,"Census Tract 31.08, San Joaquin County, California",5392,5185,5196,-207,11,-196,-3.84,0.21,-3.64,San Joaquin County
1400000US06077003109,"Census Tract 31.09, San Joaquin County, California",5121,5173,5210,52,37,89,1.02,0.72,1.74,San Joaquin County
1400000US06077003110,"Census Tract 31.10, San Joaquin County, California",4078,3999,3988,-79,-11,-90,-1.94,-0.28,-2.21,San Joaquin County
1400000US06077003111,"Census Tract 31.11, San Joaquin County, California",4245,4393,4828,148,435,583,3.49,9.9,13.73,San Joaquin County
1400000US06077003112,"Census Tract 31.12, San Joaquin County, California",3434,3219,3306,-215,87,-128,-6.26,2.7,-3.73,San Joaquin County
1400000US06077003115,"Census Tract 31.15, San Joaquin County, California",3649,4199,4348,550,149,699,15.07,3.55,19.16,San Joaquin County
1400000US06077003116,"Census Tract 31.16, San Joaquin County, California",3202,2894,3058,-308,164,-144,-9.62,5.67,-4.5,San Joaquin County
1400000US06077003117,"Census Tract 31.17, San Joaquin County, California",2683,3575,3701,892,126,1018,33.25,3.52,37.94,San Joaquin County
1400000US06077003118,"Census Tract 31.18, San Joaquin County, California",2915,3019,3112,104,93,197,3.57,3.08,6.76,San Joaquin County
1400000US06077003119,"Census Tract 31.19, San Joaquin County, California",3027,3083,2959,56,-124,-68,1.85,-4.02,-2.25,San Joaquin County
1400000US06077003203,"Census Tract 32.03, San Joaquin County, California",3438,3715,3861,277,146,423,8.06,3.93,12.3,San Joaquin County
1400000US06077003205,"Census Tract 32.05, San Joaquin County, California",4482,4517,4290,35,-227,-192,0.78,-5.03,-4.28,San Joaquin County
1400000US06077003209,"Census Tract 32.09, San Joaquin County, California",5110,5361,5159,251,-202,49,4.91,-3.77,0.96,San Joaquin County
1400000US06077003210,"Census Tract 32.10, San Joaquin County, California",2618,2614,2692,-4,78,74,-0.15,2.98,2.83,San Joaquin County
1400000US06077003213,"Census Tract 32.13, San Joaquin County, California",4837,5112,5216,275,104,379,5.69,2.03,7.84,San Joaquin County
1400000US06077003214,"Census Tract 32.14, San Joaquin County, California",2752,2743,2888,-9,145,136,-0.33,5.29,4.94,San Joaquin County
1400000US06077003215,"Census Tract 32.15, San Joaquin County, California",3981,3980,4206,-1,226,225,-0.03,5.68,5.65,San Joaquin County
1400000US06077003216,"Census Tract 32.16, San Joaquin County, California",3665,3764,3785,99,21,120,2.7,0.56,3.27,San Joaquin County
1400000US06077003217,"Census Tract 32.17, San Joaquin County, California",3609,3612,3584,3,-28,-25,0.08,-0.78,-0.69,San Joaquin County
1400000US06077003218,"Census Tract 32.18, San Joaquin County, California",3584,2995,3363,-589,368,-221,-16.43,12.29,-6.17,San Joaquin County
1400000US06077003219,"Census Tract 32.19, San Joaquin County, California",9751,10089,10755,338,666,1004,3.47,6.6,10.3,San Joaquin County
1400000US06077003305,"Census Tract 33.05, San Joaquin County, California",5233,5210,4918,-23,-292,-315,-0.44,-5.6,-6.02,San Joaquin County
1400000US06077003306,"Census Tract 33.06, San Joaquin County, California",4956,5394,5062,438,-332,106,8.84,-6.15,2.14,San Joaquin County
1400000US06077003307,"Census Tract 33.07, San Joaquin County, California",4842,4738,4837,-104,99,-5,-2.15,2.09,-0.1,San Joaquin County
1400000US06077003308,"Census Tract 33.08, San Joaquin County, California",1819,1662,1631,-157,-31,-188,-8.63,-1.87,-10.34,San Joaquin County
1400000US06077003310,"Census Tract 33.10, San Joaquin County, California",5147,5200,4710,53,-490,-437,1.03,-9.42,-8.49,San Joaquin County
1400000US06077003311,"Census Tract 33.11, San Joaquin County, California",3937,4086,4029,149,-57,92,3.78,-1.4,2.34,San Joaquin County
1400000US06077003312,"Census Tract 33.12, San Joaquin County, California",2667,2988,3095,321,107,428,12.04,3.58,16.05,San Joaquin County
1400000US06077003313,"Census Tract 33.13, San Joaquin County, California",2958,2799,3033,-159,234,75,-5.38,8.36,2.54,San Joaquin County
1400000US06077003403,"Census Tract 34.03, San Joaquin County, California",5221,5185,5287,-36,102,66,-0.69,1.97,1.26,San Joaquin County
1400000US06077003404,"Census Tract 34.04, San Joaquin County, California",6583,6625,7182,42,557,599,0.64,8.41,9.1,San Joaquin County
1400000US06077003405,"Census Tract 34.05, San Joaquin County, California",4305,4815,4466,510,-349,161,11.85,-7.25,3.74,San Joaquin County
1400000US06077003406,"Census Tract 34.06, San Joaquin County, California",3809,3940,3768,131,-172,-41,3.44,-4.37,-1.08,San Joaquin County
1400000US06077003407,"Census Tract 34.07, San Joaquin County, California",2677,2730,2608,53,-122,-69,1.98,-4.47,-2.58,San Joaquin County
1400000US06077003409,"Census Tract 34.09, San Joaquin County, California",3581,3815,4073,234,258,492,6.53,6.76,13.74,San Joaquin County
1400000US06077003410,"Census Tract 34.10, San Joaquin County, California",6381,6613,6531,232,-82,150,3.64,-1.24,2.35,San Joaquin County
1400000US06077003501,"Census Tract 35.01, San Joaquin County, California",2209,2146,2183,-63,37,-26,-2.85,1.72,-1.18,San Joaquin County
1400000US06077003502,"Census Tract 35.02, San Joaquin County, California",3033,2799,2934,-234,135,-99,-7.72,4.82,-3.26,San Joaquin County
1400000US06077003503,"Census Tract 35.03, San Joaquin County, California",9071,9376,8750,305,-626,-321,3.36,-6.68,-3.54,San Joaquin County
1400000US06077003504,"Census Tract 35.04, San Joaquin County, California",8762,8531,8244,-231,-287,-518,-2.64,-3.36,-5.91,San Joaquin County
1400000US06077003601,"Census Tract 36.01, San Joaquin County, California",3068,3131,2976,63,-155,-92,2.05,-4.95,-3,San Joaquin County
1400000US06077003602,"Census Tract 36.02, San Joaquin County, California",4068,4093,4476,25,383,408,0.61,9.36,10.03,San Joaquin County
1400000US06077003700,"Census Tract 37, San Joaquin County, California",3177,3444,3489,267,45,312,8.4,1.31,9.82,San Joaquin County
1400000US06077003803,"Census Tract 38.03, San Joaquin County, California",6662,6705,6728,43,23,66,0.65,0.34,0.99,San Joaquin County
1400000US06077003804,"Census Tract 38.04, San Joaquin County, California",5765,5899,5477,134,-422,-288,2.32,-7.15,-5,San Joaquin County
1400000US06077003805,"Census Tract 38.05, San Joaquin County, California",3343,2889,3345,-454,456,2,-13.58,15.78,0.06,San Joaquin County
1400000US06077003806,"Census Tract 38.06, San Joaquin County, California",3917,4000,3851,83,-149,-66,2.12,-3.73,-1.68,San Joaquin County
1400000US06077003807,"Census Tract 38.07, San Joaquin County, California",2330,2560,2543,230,-17,213,9.87,-0.66,9.14,San Joaquin County
1400000US06077003808,"Census Tract 38.08, San Joaquin County, California",5258,4834,4850,-424,16,-408,-8.06,0.33,-7.76,San Joaquin County
1400000US06077003900,"Census Tract 39, San Joaquin County, California",1697,1471,1612,-226,141,-85,-13.32,9.59,-5.01,San Joaquin County
1400000US06077004001,"Census Tract 40.01, San Joaquin County, California",2128,2062,2249,-66,187,121,-3.1,9.07,5.69,San Joaquin County
1400000US06077004003,"Census Tract 40.03, San Joaquin County, California",4458,4838,5135,380,297,677,8.52,6.14,15.19,San Joaquin County
1400000US06077004004,"Census Tract 40.04, San Joaquin County, California",7130,7243,6708,113,-535,-422,1.58,-7.39,-5.92,San Joaquin County
1400000US06077004104,"Census Tract 41.04, San Joaquin County, California",3911,3820,4122,-91,302,211,-2.33,7.91,5.4,San Joaquin County
1400000US06077004105,"Census Tract 41.05, San Joaquin County, California",5187,5479,5197,292,-282,10,5.63,-5.15,0.19,San Joaquin County
1400000US06077004106,"Census Tract 41.06, San Joaquin County, California",1897,2341,2464,444,123,567,23.41,5.25,29.89,San Joaquin County
1400000US06077004107,"Census Tract 41.07, San Joaquin County, California",2547,3315,3456,768,141,909,30.15,4.25,35.69,San Joaquin County
1400000US06077004108,"Census Tract 41.08, San Joaquin County, California",6830,7153,7245,323,92,415,4.73,1.29,6.08,San Joaquin County
1400000US06077004202,"Census Tract 42.02, San Joaquin County, California",1809,1836,1902,27,66,93,1.49,3.59,5.14,San Joaquin County
1400000US06077004203,"Census Tract 42.03, San Joaquin County, California",4068,4099,4192,31,93,124,0.76,2.27,3.05,San Joaquin County
1400000US06077004204,"Census Tract 42.04, San Joaquin County, California",2728,2791,2748,63,-43,20,2.31,-1.54,0.73,San Joaquin County
1400000US06077004205,"Census Tract 42.05, San Joaquin County, California",3409,3327,3213,-82,-114,-196,-2.41,-3.43,-5.75,San Joaquin County
1400000US06077004206,"Census Tract 42.06, San Joaquin County, California",3390,3449,3013,59,-436,-377,1.74,-12.64,-11.12,San Joaquin County
1400000US06077004302,"Census Tract 43.02, San Joaquin County, California",6426,6385,6595,-41,210,169,-0.64,3.29,2.63,San Joaquin County
1400000US06077004305,"Census Tract 43.05, San Joaquin County, California",6023,5911,5939,-112,28,-84,-1.86,0.47,-1.39,San Joaquin County
1400000US06077004307,"Census Tract 43.07, San Joaquin County, California",3862,3784,3880,-78,96,18,-2.02,2.54,0.47,San Joaquin County
1400000US06077004308,"Census Tract 43.08, San Joaquin County, California",4334,4149,4014,-185,-135,-320,-4.27,-3.25,-7.38,San Joaquin County
1400000US06077004309,"Census Tract 43.09, San Joaquin County, California",2375,2197,2252,-178,55,-123,-7.49,2.5,-5.18,San Joaquin County
1400000US06077004310,"Census Tract 43.10, San Joaquin County, California",2860,2931,2830,71,-101,-30,2.48,-3.45,-1.05,San Joaquin County
1400000US06077004402,"Census Tract 44.02, San Joaquin County, California",6006,5908,5903,-98,-5,-103,-1.63,-0.08,-1.71,San Joaquin County
1400000US06077004403,"Census Tract 44.03, San Joaquin County, California",3730,3924,3800,194,-124,70,5.2,-3.16,1.88,San Joaquin County
1400000US06077004404,"Census Tract 44.04, San Joaquin County, California",4403,4155,4401,-248,246,-2,-5.63,5.92,-0.05,San Joaquin County
1400000US06077004501,"Census Tract 45.01, San Joaquin County, California",2351,2575,2330,224,-245,-21,9.53,-9.51,-0.89,San Joaquin County
1400000US06077004502,"Census Tract 45.02, San Joaquin County, California",4097,4099,4304,2,205,207,0.05,5,5.05,San Joaquin County
1400000US06077004600,"Census Tract 46, San Joaquin County, California",6365,6619,6511,254,-108,146,3.99,-1.63,2.29,San Joaquin County
1400000US06077004701,"Census Tract 47.01, San Joaquin County, California",3034,3284,3426,250,142,392,8.24,4.32,12.92,San Joaquin County
1400000US06077004703,"Census Tract 47.03, San Joaquin County, California",3974,3912,3728,-62,-184,-246,-1.56,-4.7,-6.19,San Joaquin County
1400000US06077004704,"Census Tract 47.04, San Joaquin County, California",4697,4725,5112,28,387,415,0.6,8.19,8.84,San Joaquin County
1400000US06077004800,"Census Tract 48, San Joaquin County, California",5952,6096,5485,144,-611,-467,2.42,-10.02,-7.85,San Joaquin County
1400000US06077004903,"Census Tract 49.03, San Joaquin County, California",3083,2932,2932,-151,0,-151,-4.9,0,-4.9,San Joaquin County
1400000US06077004904,"Census Tract 49.04, San Joaquin County, California",4586,4612,4592,26,-20,6,0.57,-0.43,0.13,San Joaquin County
1400000US06077004905,"Census Tract 49.05, San Joaquin County, California",2514,2661,2487,147,-174,-27,5.85,-6.54,-1.07,San Joaquin County
1400000US06077004906,"Census Tract 49.06, San Joaquin County, California",3287,2920,2990,-367,70,-297,-11.17,2.4,-9.04,San Joaquin County
1400000US06077005001,"Census Tract 50.01, San Joaquin County, California",6433,6090,6192,-343,102,-241,-5.33,1.67,-3.75,San Joaquin County
1400000US06077005003,"Census Tract 50.03, San Joaquin County, California",6153,6106,6158,-47,52,5,-0.76,0.85,0.08,San Joaquin County
1400000US06077005004,"Census Tract 50.04, San Joaquin County, California",5979,6192,5928,213,-264,-51,3.56,-4.26,-0.85,San Joaquin County
1400000US06077005106,"Census Tract 51.06, San Joaquin County, California",9623,11424,12516,1801,1092,2893,18.72,9.56,30.06,San Joaquin County
1400000US06077005108,"Census Tract 51.08, San Joaquin County, California",4975,4998,5445,23,447,470,0.46,8.94,9.45,San Joaquin County
1400000US06077005109,"Census Tract 51.09, San Joaquin County, California",3721,3728,3493,7,-235,-228,0.19,-6.3,-6.13,San Joaquin County
1400000US06077005119,"Census Tract 51.19, San Joaquin County, California",8879,9700,9550,821,-150,671,9.25,-1.55,7.56,San Joaquin County
1400000US06077005122,"Census Tract 51.22, San Joaquin County, California",7453,7759,7781,306,22,328,4.11,0.28,4.4,San Joaquin County
1400000US06077005123,"Census Tract 51.23, San Joaquin County, California",4227,4237,4242,10,5,15,0.24,0.12,0.35,San Joaquin County
1400000US06077005124,"Census Tract 51.24, San Joaquin County, California",3194,2994,3340,-200,346,146,-6.26,11.56,4.57,San Joaquin County
1400000US06077005125,"Census Tract 51.25, San Joaquin County, California",1998,2107,2086,109,-21,88,5.46,-1,4.4,San Joaquin County
1400000US06077005126,"Census Tract 51.26, San Joaquin County, California",4775,5078,5242,303,164,467,6.35,3.23,9.78,San Joaquin County
1400000US06077005127,"Census Tract 51.27, San Joaquin County, California",7019,7824,7580,805,-244,561,11.47,-3.12,7.99,San Joaquin County
1400000US06077005129,"Census Tract 51.29, San Joaquin County, California",3922,4421,4439,499,18,517,12.72,0.41,13.18,San Joaquin County
1400000US06077005130,"Census Tract 51.30, San Joaquin County, California",2749,3055,3265,306,210,516,11.13,6.87,18.77,San Joaquin County
1400000US06077005131,"Census Tract 51.31, San Joaquin County, California",7603,8326,7931,723,-395,328,9.51,-4.74,4.31,San Joaquin County
1400000US06077005132,"Census Tract 51.32, San Joaquin County, California",3044,2824,3075,-220,251,31,-7.23,8.89,1.02,San Joaquin County
1400000US06077005133,"Census Tract 51.33, San Joaquin County, California",4411,4508,4447,97,-61,36,2.2,-1.35,0.82,San Joaquin County
1400000US06077005134,"Census Tract 51.34, San Joaquin County, California",4626,4541,4883,-85,342,257,-1.84,7.53,5.56,San Joaquin County
1400000US06077005135,"Census Tract 51.35, San Joaquin County, California",8024,7895,8420,-129,525,396,-1.61,6.65,4.94,San Joaquin County
1400000US06077005136,"Census Tract 51.36, San Joaquin County, California",3445,3513,3348,68,-165,-97,1.97,-4.7,-2.82,San Joaquin County
1400000US06077005137,"Census Tract 51.37, San Joaquin County, California",7629,7714,7752,85,38,123,1.11,0.49,1.61,San Joaquin County
1400000US06077005138,"Census Tract 51.38, San Joaquin County, California",2985,2842,2884,-143,42,-101,-4.79,1.48,-3.38,San Joaquin County
1400000US06077005139,"Census Tract 51.39, San Joaquin County, California",3299,3202,3212,-97,10,-87,-2.94,0.31,-2.64,San Joaquin County
1400000US06077005140,"Census Tract 51.40, San Joaquin County, California",4043,3913,3864,-130,-49,-179,-3.22,-1.25,-4.43,San Joaquin County
1400000US06077005141,"Census Tract 51.41, San Joaquin County, California",2866,2986,3040,120,54,174,4.19,1.81,6.07,San Joaquin County
1400000US06077005208,"Census Tract 52.08, San Joaquin County, California",6700,6554,6863,-146,309,163,-2.18,4.71,2.43,San Joaquin County
1400000US06077005211,"Census Tract 52.11, San Joaquin County, California",4450,4573,4568,123,-5,118,2.76,-0.11,2.65,San Joaquin County
1400000US06077005212,"Census Tract 52.12, San Joaquin County, California",7151,7102,7352,-49,250,201,-0.69,3.52,2.81,San Joaquin County
1400000US06077005213,"Census Tract 52.13, San Joaquin County, California",3004,2967,3300,-37,333,296,-1.23,11.22,9.85,San Joaquin County
1400000US06077005214,"Census Tract 52.14, San Joaquin County, California",4934,6168,8130,1234,1962,3196,25.01,31.81,64.78,San Joaquin County
1400000US06077005215,"Census Tract 52.15, San Joaquin County, California",4409,4625,4477,216,-148,68,4.9,-3.2,1.54,San Joaquin County
1400000US06077005216,"Census Tract 52.16, San Joaquin County, California",4626,4960,5157,334,197,531,7.22,3.97,11.48,San Joaquin County
1400000US06077005217,"Census Tract 52.17, San Joaquin County, California",3601,3625,3497,24,-128,-104,0.67,-3.53,-2.89,San Joaquin County
1400000US06077005218,"Census Tract 52.18, San Joaquin County, California",3408,3528,3808,120,280,400,3.52,7.94,11.74,San Joaquin County
1400000US06077005219,"Census Tract 52.19, San Joaquin County, California",5269,5411,5401,142,-10,132,2.7,-0.18,2.51,San Joaquin County
1400000US06077005220,"Census Tract 52.20, San Joaquin County, California",2321,2424,2270,103,-154,-51,4.44,-6.35,-2.2,San Joaquin County
1400000US06077005221,"Census Tract 52.21, San Joaquin County, California",10320,10092,9430,-228,-662,-890,-2.21,-6.56,-8.62,San Joaquin County
1400000US06077005222,"Census Tract 52.22, San Joaquin County, California",4858,4866,4969,8,103,111,0.16,2.12,2.28,San Joaquin County
1400000US06077005223,"Census Tract 52.23, San Joaquin County, California",6209,8174,9191,1965,1017,2982,31.65,12.44,48.03,San Joaquin County
1400000US06077005224,"Census Tract 52.24, San Joaquin County, California",5242,5446,5834,204,388,592,3.89,7.12,11.29,San Joaquin County
1400000US06077005225,"Census Tract 52.25, San Joaquin County, California",2632,3001,3109,369,108,477,14.02,3.6,18.12,San Joaquin County
1400000US06077005303,"Census Tract 53.03, San Joaquin County, California",6146,6182,6454,36,272,308,0.59,4.4,5.01,San Joaquin County
1400000US06077005307,"Census Tract 53.07, San Joaquin County, California",3285,3463,3403,178,-60,118,5.42,-1.73,3.59,San Joaquin County
1400000US06077005308,"Census Tract 53.08, San Joaquin County, California",4852,4506,4356,-346,-150,-496,-7.13,-3.33,-10.22,San Joaquin County
1400000US06077005309,"Census Tract 53.09, San Joaquin County, California",2651,2770,2727,119,-43,76,4.49,-1.55,2.87,San Joaquin County
1400000US06077005310,"Census Tract 53.10, San Joaquin County, California",4671,4422,4440,-249,18,-231,-5.33,0.41,-4.95,San Joaquin County
1400000US06077005311,"Census Tract 53.11, San Joaquin County, California",3118,3170,3055,52,-115,-63,1.67,-3.63,-2.02,San Joaquin County
1400000US06077005312,"Census Tract 53.12, San Joaquin County, California",3443,3353,3073,-90,-280,-370,-2.61,-8.35,-10.75,San Joaquin County
1400000US06077005403,"Census Tract 54.03, San Joaquin County, California",6593,6390,6249,-203,-141,-344,-3.08,-2.21,-5.22,San Joaquin County
1400000US06077005405,"Census Tract 54.05, San Joaquin County, California",3520,3633,3862,113,229,342,3.21,6.3,9.72,San Joaquin County
1400000US06077005406,"Census Tract 54.06, San Joaquin County, California",3370,3487,3129,117,-358,-241,3.47,-10.27,-7.15,San Joaquin County
1400000US06077005502,"Census Tract 55.02, San Joaquin County, California",2034,2686,3096,652,410,1062,32.06,15.26,52.21,San Joaquin County
1400000US06077005503,"Census Tract 55.03, San Joaquin County, California",1529,1581,1704,52,123,175,3.4,7.78,11.45,San Joaquin County
1400000US06077980000,"Census Tract 9800, San Joaquin County, California",2355,2234,1629,-121,-605,-726,-5.14,-27.08,-30.83,San Joaquin County
1400000US06079010016,"Census Tract 100.16, San Luis Obispo County, California",5118,5383,5206,265,-177,88,5.18,-3.29,1.72,San Luis Obispo County
1400000US06079010017,"Census Tract 100.17, San Luis Obispo County, California",4664,4669,4483,5,-186,-181,0.11,-3.98,-3.88,San Luis Obispo County
1400000US06079010101,"Census Tract 101.01, San Luis Obispo County, California",1779,1771,1707,-8,-64,-72,-0.45,-3.61,-4.05,San Luis Obispo County
1400000US06079010103,"Census Tract 101.03, San Luis Obispo County, California",3581,3470,3088,-111,-382,-493,-3.1,-11.01,-13.77,San Luis Obispo County
1400000US06079010104,"Census Tract 101.04, San Luis Obispo County, California",3471,3664,3100,193,-564,-371,5.56,-15.39,-10.69,San Luis Obispo County
1400000US06079010202,"Census Tract 102.02, San Luis Obispo County, California",5334,5440,6017,106,577,683,1.99,10.61,12.8,San Luis Obispo County
1400000US06079010204,"Census Tract 102.04, San Luis Obispo County, California",5922,5888,5989,-34,101,67,-0.57,1.72,1.13,San Luis Obispo County
1400000US06079010205,"Census Tract 102.05, San Luis Obispo County, California",5328,5295,5570,-33,275,242,-0.62,5.19,4.54,San Luis Obispo County
1400000US06079010206,"Census Tract 102.06, San Luis Obispo County, California",3206,3165,3252,-41,87,46,-1.28,2.75,1.43,San Luis Obispo County
1400000US06079010207,"Census Tract 102.07, San Luis Obispo County, California",3800,3873,4132,73,259,332,1.92,6.69,8.74,San Luis Obispo County
1400000US06079010301,"Census Tract 103.01, San Luis Obispo County, California",3509,3957,4054,448,97,545,12.77,2.45,15.53,San Luis Obispo County
1400000US06079010302,"Census Tract 103.02, San Luis Obispo County, California",3375,3451,3454,76,3,79,2.25,0.09,2.34,San Luis Obispo County
1400000US06079010303,"Census Tract 103.03, San Luis Obispo County, California",2723,2951,2804,228,-147,81,8.37,-4.98,2.97,San Luis Obispo County
1400000US06079010403,"Census Tract 104.03, San Luis Obispo County, California",3585,3597,3893,12,296,308,0.33,8.23,8.59,San Luis Obispo County
1400000US06079010404,"Census Tract 104.04, San Luis Obispo County, California",1970,1890,1932,-80,42,-38,-4.06,2.22,-1.93,San Luis Obispo County
1400000US06079010504,"Census Tract 105.04, San Luis Obispo County, California",2228,2133,2361,-95,228,133,-4.26,10.69,5.97,San Luis Obispo County
1400000US06079010505,"Census Tract 105.05, San Luis Obispo County, California",3113,3256,3477,143,221,364,4.59,6.79,11.69,San Luis Obispo County
1400000US06079010506,"Census Tract 105.06, San Luis Obispo County, California",2354,2436,2283,82,-153,-71,3.48,-6.28,-3.02,San Luis Obispo County
1400000US06079010602,"Census Tract 106.02, San Luis Obispo County, California",3739,3768,3919,29,151,180,0.78,4.01,4.81,San Luis Obispo County
1400000US06079010603,"Census Tract 106.03, San Luis Obispo County, California",1477,1487,1359,10,-128,-118,0.68,-8.61,-7.99,San Luis Obispo County
1400000US06079010701,"Census Tract 107.01, San Luis Obispo County, California",5228,5017,5068,-211,51,-160,-4.04,1.02,-3.06,San Luis Obispo County
1400000US06079010703,"Census Tract 107.03, San Luis Obispo County, California",3903,3825,3793,-78,-32,-110,-2,-0.84,-2.82,San Luis Obispo County
1400000US06079010707,"Census Tract 107.07, San Luis Obispo County, California",6506,6385,6295,-121,-90,-211,-1.86,-1.41,-3.24,San Luis Obispo County
1400000US06079010902,"Census Tract 109.02, San Luis Obispo County, California",3958,4247,4708,289,461,750,7.3,10.85,18.95,San Luis Obispo County
1400000US06079010903,"Census Tract 109.03, San Luis Obispo County, California",8148,7774,7151,-374,-623,-997,-4.59,-8.01,-12.24,San Luis Obispo County
1400000US06079010904,"Census Tract 109.04, San Luis Obispo County, California",3031,2975,2705,-56,-270,-326,-1.85,-9.08,-10.76,San Luis Obispo County
1400000US06079011001,"Census Tract 110.01, San Luis Obispo County, California",4715,4709,4504,-6,-205,-211,-0.13,-4.35,-4.48,San Luis Obispo County
1400000US06079011002,"Census Tract 110.02, San Luis Obispo County, California",3544,3566,3414,22,-152,-130,0.62,-4.26,-3.67,San Luis Obispo County
1400000US06079011101,"Census Tract 111.01, San Luis Obispo County, California",3616,3420,3683,-196,263,67,-5.42,7.69,1.85,San Luis Obispo County
1400000US06079011103,"Census Tract 111.03, San Luis Obispo County, California",3229,3222,3422,-7,200,193,-0.22,6.21,5.98,San Luis Obispo County
1400000US06079011104,"Census Tract 111.04, San Luis Obispo County, California",1846,1822,1853,-24,31,7,-1.3,1.7,0.38,San Luis Obispo County
1400000US06079011105,"Census Tract 111.05, San Luis Obispo County, California",3674,3827,3805,153,-22,131,4.16,-0.57,3.57,San Luis Obispo County
1400000US06079011201,"Census Tract 112.01, San Luis Obispo County, California",4205,4513,4628,308,115,423,7.32,2.55,10.06,San Luis Obispo County
1400000US06079011202,"Census Tract 112.02, San Luis Obispo County, California",4512,3966,4255,-546,289,-257,-12.1,7.29,-5.7,San Luis Obispo County
1400000US06079011300,"Census Tract 113, San Luis Obispo County, California",7047,6724,6429,-323,-295,-618,-4.58,-4.39,-8.77,San Luis Obispo County
1400000US06079011400,"Census Tract 114, San Luis Obispo County, California",3019,2989,2591,-30,-398,-428,-0.99,-13.32,-14.18,San Luis Obispo County
1400000US06079011501,"Census Tract 115.01, San Luis Obispo County, California",1936,2021,1836,85,-185,-100,4.39,-9.15,-5.17,San Luis Obispo County
1400000US06079011505,"Census Tract 115.05, San Luis Obispo County, California",5055,5021,4703,-34,-318,-352,-0.67,-6.33,-6.96,San Luis Obispo County
1400000US06079011600,"Census Tract 116, San Luis Obispo County, California",4135,4235,4294,100,59,159,2.42,1.39,3.85,San Luis Obispo County
1400000US06079011704,"Census Tract 117.04, San Luis Obispo County, California",3371,3429,3301,58,-128,-70,1.72,-3.73,-2.08,San Luis Obispo County
1400000US06079011705,"Census Tract 117.05, San Luis Obispo County, California",1751,1651,1670,-100,19,-81,-5.71,1.15,-4.63,San Luis Obispo County
1400000US06079011706,"Census Tract 117.06, San Luis Obispo County, California",2897,2978,3079,81,101,182,2.8,3.39,6.28,San Luis Obispo County
1400000US06079011800,"Census Tract 118, San Luis Obispo County, California",7500,7805,7625,305,-180,125,4.07,-2.31,1.67,San Luis Obispo County
1400000US06079011901,"Census Tract 119.01, San Luis Obispo County, California",3247,3193,3235,-54,42,-12,-1.66,1.32,-0.37,San Luis Obispo County
1400000US06079011903,"Census Tract 119.03, San Luis Obispo County, California",1733,1912,1950,179,38,217,10.33,1.99,12.52,San Luis Obispo County
1400000US06079011904,"Census Tract 119.04, San Luis Obispo County, California",6993,6921,7017,-72,96,24,-1.03,1.39,0.34,San Luis Obispo County
1400000US06079012001,"Census Tract 120.01, San Luis Obispo County, California",2772,2550,2523,-222,-27,-249,-8.01,-1.06,-8.98,San Luis Obispo County
1400000US06079012002,"Census Tract 120.02, San Luis Obispo County, California",5142,4829,4699,-313,-130,-443,-6.09,-2.69,-8.62,San Luis Obispo County
1400000US06079012102,"Census Tract 121.02, San Luis Obispo County, California",5567,5467,5533,-100,66,-34,-1.8,1.21,-0.61,San Luis Obispo County
1400000US06079012201,"Census Tract 122.01, San Luis Obispo County, California",3116,3371,3323,255,-48,207,8.18,-1.42,6.64,San Luis Obispo County
1400000US06079012202,"Census Tract 122.02, San Luis Obispo County, California",3883,3595,3520,-288,-75,-363,-7.42,-2.09,-9.35,San Luis Obispo County
1400000US06079012302,"Census Tract 123.02, San Luis Obispo County, California",5760,6122,6276,362,154,516,6.28,2.52,8.96,San Luis Obispo County
1400000US06079012305,"Census Tract 123.05, San Luis Obispo County, California",5850,6216,5952,366,-264,102,6.26,-4.25,1.74,San Luis Obispo County
1400000US06079012306,"Census Tract 123.06, San Luis Obispo County, California",4753,5094,5099,341,5,346,7.17,0.1,7.28,San Luis Obispo County
1400000US06079012403,"Census Tract 124.03, San Luis Obispo County, California",4068,4162,4075,94,-87,7,2.31,-2.09,0.17,San Luis Obispo County
1400000US06079012404,"Census Tract 124.04, San Luis Obispo County, California",6049,6073,5953,24,-120,-96,0.4,-1.98,-1.59,San Luis Obispo County
1400000US06079012405,"Census Tract 124.05, San Luis Obispo County, California",3256,3248,3124,-8,-124,-132,-0.25,-3.82,-4.05,San Luis Obispo County
1400000US06079012406,"Census Tract 124.06, San Luis Obispo County, California",3999,3943,4342,-56,399,343,-1.4,10.12,8.58,San Luis Obispo County
1400000US06079012502,"Census Tract 125.02, San Luis Obispo County, California",5856,5974,5840,118,-134,-16,2.02,-2.24,-0.27,San Luis Obispo County
1400000US06079012503,"Census Tract 125.03, San Luis Obispo County, California",7006,6369,6401,-637,32,-605,-9.09,0.5,-8.64,San Luis Obispo County
1400000US06079012505,"Census Tract 125.05, San Luis Obispo County, California",4761,4625,4459,-136,-166,-302,-2.86,-3.59,-6.34,San Luis Obispo County
1400000US06079012601,"Census Tract 126.01, San Luis Obispo County, California",6328,5972,6324,-356,352,-4,-5.63,5.89,-0.06,San Luis Obispo County
1400000US06079012602,"Census Tract 126.02, San Luis Obispo County, California",1568,1542,1553,-26,11,-15,-1.66,0.71,-0.96,San Luis Obispo County
1400000US06079012705,"Census Tract 127.05, San Luis Obispo County, California",5924,5835,5692,-89,-143,-232,-1.5,-2.45,-3.92,San Luis Obispo County
1400000US06079012706,"Census Tract 127.06, San Luis Obispo County, California",3958,4015,4115,57,100,157,1.44,2.49,3.97,San Luis Obispo County
1400000US06079012707,"Census Tract 127.07, San Luis Obispo County, California",4616,4733,4639,117,-94,23,2.53,-1.99,0.5,San Luis Obispo County
1400000US06079012708,"Census Tract 127.08, San Luis Obispo County, California",934,1017,978,83,-39,44,8.89,-3.83,4.71,San Luis Obispo County
1400000US06079013000,"Census Tract 130, San Luis Obispo County, California",2881,2742,2725,-139,-17,-156,-4.82,-0.62,-5.41,San Luis Obispo County
1400000US06079013100,"Census Tract 131, San Luis Obispo County, California",5395,5586,5473,191,-113,78,3.54,-2.02,1.45,San Luis Obispo County
1400000US06079990000,"Census Tract 9900, San Luis Obispo County, California",0,0,0,0,0,0,#DIV/0!,#DIV/0!,#DIV/0!,San Luis Obispo County
1400000US06081600100,"Census Tract 6001, San Mateo County, California",5101,5188,5175,87,-13,74,1.71,-0.25,1.45,San Mateo County
1400000US06081600200,"Census Tract 6002, San Mateo County, California",4475,4183,4246,-292,63,-229,-6.53,1.51,-5.12,San Mateo County
1400000US06081600300,"Census Tract 6003, San Mateo County, California",4112,4657,4088,545,-569,-24,13.25,-12.22,-0.58,San Mateo County
1400000US06081600401,"Census Tract 6004.01, San Mateo County, California",3417,3396,3278,-21,-118,-139,-0.61,-3.47,-4.07,San Mateo County
1400000US06081600402,"Census Tract 6004.02, San Mateo County, California",5089,4125,4688,-964,563,-401,-18.94,13.65,-7.88,San Mateo County
1400000US06081600501,"Census Tract 6005.01, San Mateo County, California",4011,4323,3793,312,-530,-218,7.78,-12.26,-5.44,San Mateo County
1400000US06081600502,"Census Tract 6005.02, San Mateo County, California",4444,4024,3908,-420,-116,-536,-9.45,-2.88,-12.06,San Mateo County
1400000US06081600600,"Census Tract 6006, San Mateo County, California",5416,5115,4845,-301,-270,-571,-5.56,-5.28,-10.54,San Mateo County
1400000US06081600701,"Census Tract 6007.01, San Mateo County, California",4742,4276,3620,-466,-656,-1122,-9.83,-15.34,-23.66,San Mateo County
1400000US06081600702,"Census Tract 6007.02, San Mateo County, California",2717,2531,2724,-186,193,7,-6.85,7.63,0.26,San Mateo County
1400000US06081600800,"Census Tract 6008, San Mateo County, California",8019,7979,8390,-40,411,371,-0.5,5.15,4.63,San Mateo County
1400000US06081600900,"Census Tract 6009, San Mateo County, California",4134,4044,4035,-90,-9,-99,-2.18,-0.22,-2.39,San Mateo County
1400000US06081601000,"Census Tract 6010, San Mateo County, California",7791,7783,7202,-8,-581,-589,-0.1,-7.46,-7.56,San Mateo County
1400000US06081601100,"Census Tract 6011, San Mateo County, California",6294,6335,6277,41,-58,-17,0.65,-0.92,-0.27,San Mateo County
1400000US06081601200,"Census Tract 6012, San Mateo County, California",6585,6774,6754,189,-20,169,2.87,-0.3,2.57,San Mateo County
1400000US06081601301,"Census Tract 6013.01, San Mateo County, California",3592,3990,3726,398,-264,134,11.08,-6.62,3.73,San Mateo County
1400000US06081601302,"Census Tract 6013.02, San Mateo County, California",5087,4654,4975,-433,321,-112,-8.51,6.9,-2.2,San Mateo County
1400000US06081601400,"Census Tract 6014, San Mateo County, California",7002,6936,6884,-66,-52,-118,-0.94,-0.75,-1.69,San Mateo County
1400000US06081601501,"Census Tract 6015.01, San Mateo County, California",5262,5200,5503,-62,303,241,-1.18,5.83,4.58,San Mateo County
1400000US06081601502,"Census Tract 6015.02, San Mateo County, California",5450,5368,5451,-82,83,1,-1.5,1.55,0.02,San Mateo County
1400000US06081601601,"Census Tract 6016.01, San Mateo County, California",2807,2683,2654,-124,-29,-153,-4.42,-1.08,-5.45,San Mateo County
1400000US06081601603,"Census Tract 6016.03, San Mateo County, California",6206,6183,6251,-23,68,45,-0.37,1.1,0.73,San Mateo County
1400000US06081601604,"Census Tract 6016.04, San Mateo County, California",2599,2423,2431,-176,8,-168,-6.77,0.33,-6.46,San Mateo County
1400000US06081601605,"Census Tract 6016.05, San Mateo County, California",5857,5729,5947,-128,218,90,-2.19,3.81,1.54,San Mateo County
1400000US06081601700,"Census Tract 6017, San Mateo County, California",4217,4392,4561,175,169,344,4.15,3.85,8.16,San Mateo County
1400000US06081601800,"Census Tract 6018, San Mateo County, California",6453,6247,6141,-206,-106,-312,-3.19,-1.7,-4.83,San Mateo County
1400000US06081601901,"Census Tract 6019.01, San Mateo County, California",4020,4071,4080,51,9,60,1.27,0.22,1.49,San Mateo County
1400000US06081601902,"Census Tract 6019.02, San Mateo County, California",5706,5839,5664,133,-175,-42,2.33,-3,-0.74,San Mateo County
1400000US06081602001,"Census Tract 6020.01, San Mateo County, California",4308,4068,3946,-240,-122,-362,-5.57,-3,-8.4,San Mateo County
1400000US06081602002,"Census Tract 6020.02, San Mateo County, California",4047,4067,4036,20,-31,-11,0.49,-0.76,-0.27,San Mateo County
1400000US06081602100,"Census Tract 6021, San Mateo County, California",3369,3377,3484,8,107,115,0.24,3.17,3.41,San Mateo County
1400000US06081602201,"Census Tract 6022.01, San Mateo County, California",5296,4874,4761,-422,-113,-535,-7.97,-2.32,-10.1,San Mateo County
1400000US06081602202,"Census Tract 6022.02, San Mateo County, California",2945,3155,3142,210,-13,197,7.13,-0.41,6.69,San Mateo County
1400000US06081602300,"Census Tract 6023, San Mateo County, California",4458,4516,4419,58,-97,-39,1.3,-2.15,-0.87,San Mateo County
1400000US06081602400,"Census Tract 6024, San Mateo County, California",8042,7604,7636,-438,32,-406,-5.45,0.42,-5.05,San Mateo County
1400000US06081602500,"Census Tract 6025, San Mateo County, California",5597,5388,5293,-209,-95,-304,-3.73,-1.76,-5.43,San Mateo County
1400000US06081602601,"Census Tract 6026.01, San Mateo County, California",3879,4109,4096,230,-13,217,5.93,-0.32,5.59,San Mateo County
1400000US06081602602,"Census Tract 6026.02, San Mateo County, California",4156,4311,4370,155,59,214,3.73,1.37,5.15,San Mateo County
1400000US06081602700,"Census Tract 6027, San Mateo County, California",6219,5925,5702,-294,-223,-517,-4.73,-3.76,-8.31,San Mateo County
1400000US06081602800,"Census Tract 6028, San Mateo County, California",4908,4870,4734,-38,-136,-174,-0.77,-2.79,-3.55,San Mateo County
1400000US06081602900,"Census Tract 6029, San Mateo County, California",3904,3727,3703,-177,-24,-201,-4.53,-0.64,-5.15,San Mateo County
1400000US06081603000,"Census Tract 6030, San Mateo County, California",4327,4539,4575,212,36,248,4.9,0.79,5.73,San Mateo County
1400000US06081603100,"Census Tract 6031, San Mateo County, California",3257,3326,3368,69,42,111,2.12,1.26,3.41,San Mateo County
1400000US06081603200,"Census Tract 6032, San Mateo County, California",3597,3757,3733,160,-24,136,4.45,-0.64,3.78,San Mateo County
1400000US06081603300,"Census Tract 6033, San Mateo County, California",6374,6686,6427,312,-259,53,4.89,-3.87,0.83,San Mateo County
1400000US06081603400,"Census Tract 6034, San Mateo County, California",6091,5779,5819,-312,40,-272,-5.12,0.69,-4.47,San Mateo County
1400000US06081603700,"Census Tract 6037, San Mateo County, California",5856,5536,5644,-320,108,-212,-5.46,1.95,-3.62,San Mateo County
1400000US06081603801,"Census Tract 6038.01, San Mateo County, California",2213,2314,1992,101,-322,-221,4.56,-13.92,-9.99,San Mateo County
1400000US06081603802,"Census Tract 6038.02, San Mateo County, California",5357,5538,5530,181,-8,173,3.38,-0.14,3.23,San Mateo County
1400000US06081603900,"Census Tract 6039, San Mateo County, California",5852,5863,5633,11,-230,-219,0.19,-3.92,-3.74,San Mateo County
1400000US06081604000,"Census Tract 6040, San Mateo County, California",3313,3311,3273,-2,-38,-40,-0.06,-1.15,-1.21,San Mateo County
1400000US06081604102,"Census Tract 6041.02, San Mateo County, California",3040,2969,3164,-71,195,124,-2.34,6.57,4.08,San Mateo County
1400000US06081604103,"Census Tract 6041.03, San Mateo County, California",4638,4339,4344,-299,5,-294,-6.45,0.12,-6.34,San Mateo County
1400000US06081604104,"Census Tract 6041.04, San Mateo County, California",3985,3980,3862,-5,-118,-123,-0.13,-2.96,-3.09,San Mateo County
1400000US06081604200,"Census Tract 6042, San Mateo County, California",4585,4223,4055,-362,-168,-530,-7.9,-3.98,-11.56,San Mateo County
1400000US06081604400,"Census Tract 6044, San Mateo County, California",5276,5520,5314,244,-206,38,4.62,-3.73,0.72,San Mateo County
1400000US06081604500,"Census Tract 6045, San Mateo County, California",3920,3705,3756,-215,51,-164,-5.48,1.38,-4.18,San Mateo County
1400000US06081604600,"Census Tract 6046, San Mateo County, California",2648,2603,2565,-45,-38,-83,-1.7,-1.46,-3.13,San Mateo County
1400000US06081604700,"Census Tract 6047, San Mateo County, California",2782,2793,2801,11,8,19,0.4,0.29,0.68,San Mateo County
1400000US06081604800,"Census Tract 6048, San Mateo County, California",5253,5429,5349,176,-80,96,3.35,-1.47,1.83,San Mateo County
1400000US06081604900,"Census Tract 6049, San Mateo County, California",3119,3033,3040,-86,7,-79,-2.76,0.23,-2.53,San Mateo County
1400000US06081605000,"Census Tract 6050, San Mateo County, California",8038,8039,8194,1,155,156,0.01,1.93,1.94,San Mateo County
1400000US06081605100,"Census Tract 6051, San Mateo County, California",3269,3207,2927,-62,-280,-342,-1.9,-8.73,-10.46,San Mateo County
1400000US06081605200,"Census Tract 6052, San Mateo County, California",3435,3561,3623,126,62,188,3.67,1.74,5.47,San Mateo County
1400000US06081605300,"Census Tract 6053, San Mateo County, California",4682,4937,5149,255,212,467,5.45,4.29,9.97,San Mateo County
1400000US06081605400,"Census Tract 6054, San Mateo County, California",6047,6690,6790,643,100,743,10.63,1.49,12.29,San Mateo County
1400000US06081605501,"Census Tract 6055.01, San Mateo County, California",2834,3094,2918,260,-176,84,9.17,-5.69,2.96,San Mateo County
1400000US06081605502,"Census Tract 6055.02, San Mateo County, California",2533,2726,2599,193,-127,66,7.62,-4.66,2.61,San Mateo County
1400000US06081605600,"Census Tract 6056, San Mateo County, California",6094,6110,6032,16,-78,-62,0.26,-1.28,-1.02,San Mateo County
1400000US06081605700,"Census Tract 6057, San Mateo County, California",5514,5280,5226,-234,-54,-288,-4.24,-1.02,-5.22,San Mateo County
1400000US06081605800,"Census Tract 6058, San Mateo County, California",2547,2726,2723,179,-3,176,7.03,-0.11,6.91,San Mateo County
1400000US06081605901,"Census Tract 6059.01, San Mateo County, California",2742,2885,2815,143,-70,73,5.22,-2.43,2.66,San Mateo County
1400000US06081605902,"Census Tract 6059.02, San Mateo County, California",3068,2906,3061,-162,155,-7,-5.28,5.33,-0.23,San Mateo County
1400000US06081606000,"Census Tract 6060, San Mateo County, California",5419,5384,5476,-35,92,57,-0.65,1.71,1.05,San Mateo County
1400000US06081606100,"Census Tract 6061, San Mateo County, California",5046,4934,5091,-112,157,45,-2.22,3.18,0.89,San Mateo County
1400000US06081606201,"Census Tract 6062.01, San Mateo County, California",3876,4004,3731,128,-273,-145,3.3,-6.82,-3.74,San Mateo County
1400000US06081606202,"Census Tract 6062.02, San Mateo County, California",3571,3433,3805,-138,372,234,-3.86,10.84,6.55,San Mateo County
1400000US06081606300,"Census Tract 6063, San Mateo County, California",3928,4173,3817,245,-356,-111,6.24,-8.53,-2.83,San Mateo County
1400000US06081606400,"Census Tract 6064, San Mateo County, California",4869,4987,4739,118,-248,-130,2.42,-4.97,-2.67,San Mateo County
1400000US06081606500,"Census Tract 6065, San Mateo County, California",3517,3519,3479,2,-40,-38,0.06,-1.14,-1.08,San Mateo County
1400000US06081606600,"Census Tract 6066, San Mateo County, California",3802,4056,3838,254,-218,36,6.68,-5.37,0.95,San Mateo County
1400000US06081606700,"Census Tract 6067, San Mateo County, California",2523,2519,2497,-4,-22,-26,-0.16,-0.87,-1.03,San Mateo County
1400000US06081606800,"Census Tract 6068, San Mateo County, California",3761,3744,3809,-17,65,48,-0.45,1.74,1.28,San Mateo County
1400000US06081606900,"Census Tract 6069, San Mateo County, California",3070,2921,2797,-149,-124,-273,-4.85,-4.25,-8.89,San Mateo County
1400000US06081607000,"Census Tract 6070, San Mateo County, California",3340,3278,3436,-62,158,96,-1.86,4.82,2.87,San Mateo County
1400000US06081607100,"Census Tract 6071, San Mateo County, California",3130,3063,2998,-67,-65,-132,-2.14,-2.12,-4.22,San Mateo County
1400000US06081607200,"Census Tract 6072, San Mateo County, California",4122,4169,4424,47,255,302,1.14,6.12,7.33,San Mateo County
1400000US06081607300,"Census Tract 6073, San Mateo County, California",3986,4293,3853,307,-440,-133,7.7,-10.25,-3.34,San Mateo County
1400000US06081607400,"Census Tract 6074, San Mateo County, California",4806,4675,4799,-131,124,-7,-2.73,2.65,-0.15,San Mateo County
1400000US06081607500,"Census Tract 6075, San Mateo County, California",5976,6235,6214,259,-21,238,4.33,-0.34,3.98,San Mateo County
1400000US06081607600,"Census Tract 6076, San Mateo County, California",3640,3954,3978,314,24,338,8.63,0.61,9.29,San Mateo County
1400000US06081607701,"Census Tract 6077.01, San Mateo County, California",4355,4538,4298,183,-240,-57,4.2,-5.29,-1.31,San Mateo County
1400000US06081607702,"Census Tract 6077.02, San Mateo County, California",3223,3508,3299,285,-209,76,8.84,-5.96,2.36,San Mateo County
1400000US06081607800,"Census Tract 6078, San Mateo County, California",3390,3423,3432,33,9,42,0.97,0.26,1.24,San Mateo County
1400000US06081607900,"Census Tract 6079, San Mateo County, California",3030,3060,3182,30,122,152,0.99,3.99,5.02,San Mateo County
1400000US06081608001,"Census Tract 6080.01, San Mateo County, California",3520,3559,3531,39,-28,11,1.11,-0.79,0.31,San Mateo County
1400000US06081608002,"Census Tract 6080.02, San Mateo County, California",3558,3564,3551,6,-13,-7,0.17,-0.36,-0.2,San Mateo County
1400000US06081608013,"Census Tract 6080.13, San Mateo County, California",3439,3359,3677,-80,318,238,-2.33,9.47,6.92,San Mateo County
1400000US06081608023,"Census Tract 6080.23, San Mateo County, California",2504,2475,2366,-29,-109,-138,-1.16,-4.4,-5.51,San Mateo County
1400000US06081608024,"Census Tract 6080.24, San Mateo County, California",3432,3478,3192,46,-286,-240,1.34,-8.22,-6.99,San Mateo County
1400000US06081608025,"Census Tract 6080.25, San Mateo County, California",5778,6193,6340,415,147,562,7.18,2.37,9.73,San Mateo County
1400000US06081608100,"Census Tract 6081, San Mateo County, California",3580,3702,3564,122,-138,-16,3.41,-3.73,-0.45,San Mateo County
1400000US06081608200,"Census Tract 6082, San Mateo County, California",3861,3854,3798,-7,-56,-63,-0.18,-1.45,-1.63,San Mateo County
1400000US06081608300,"Census Tract 6083, San Mateo County, California",3384,3327,3196,-57,-131,-188,-1.68,-3.94,-5.56,San Mateo County
1400000US06081608400,"Census Tract 6084, San Mateo County, California",5821,5147,5243,-674,96,-578,-11.58,1.87,-9.93,San Mateo County
1400000US06081608501,"Census Tract 6085.01, San Mateo County, California",5168,5339,5120,171,-219,-48,3.31,-4.1,-0.93,San Mateo County
1400000US06081608502,"Census Tract 6085.02, San Mateo County, California",2664,2714,2628,50,-86,-36,1.88,-3.17,-1.35,San Mateo County
1400000US06081608600,"Census Tract 6086, San Mateo County, California",4817,5012,4598,195,-414,-219,4.05,-8.26,-4.55,San Mateo County
1400000US06081608700,"Census Tract 6087, San Mateo County, California",6822,6908,7315,86,407,493,1.26,5.89,7.23,San Mateo County
1400000US06081608800,"Census Tract 6088, San Mateo County, California",6265,6491,6278,226,-213,13,3.61,-3.28,0.21,San Mateo County
1400000US06081608900,"Census Tract 6089, San Mateo County, California",6903,7338,7303,435,-35,400,6.3,-0.48,5.79,San Mateo County
1400000US06081609000,"Census Tract 6090, San Mateo County, California",2464,2644,2637,180,-7,173,7.31,-0.26,7.02,San Mateo County
1400000US06081609100,"Census Tract 6091, San Mateo County, California",1563,1621,1478,58,-143,-85,3.71,-8.82,-5.44,San Mateo County
1400000US06081609201,"Census Tract 6092.01, San Mateo County, California",3246,3470,3548,224,78,302,6.9,2.25,9.3,San Mateo County
1400000US06081609202,"Census Tract 6092.02, San Mateo County, California",4869,5201,5172,332,-29,303,6.82,-0.56,6.22,San Mateo County
1400000US06081609300,"Census Tract 6093, San Mateo County, California",3298,3343,3449,45,106,151,1.36,3.17,4.58,San Mateo County
1400000US06081609400,"Census Tract 6094, San Mateo County, California",3291,3457,3408,166,-49,117,5.04,-1.42,3.56,San Mateo County
1400000US06081609500,"Census Tract 6095, San Mateo County, California",4723,4844,5029,121,185,306,2.56,3.82,6.48,San Mateo County
1400000US06081609601,"Census Tract 6096.01, San Mateo County, California",3636,3774,3675,138,-99,39,3.8,-2.62,1.07,San Mateo County
1400000US06081609602,"Census Tract 6096.02, San Mateo County, California",1846,1801,1786,-45,-15,-60,-2.44,-0.83,-3.25,San Mateo County
1400000US06081609603,"Census Tract 6096.03, San Mateo County, California",4691,4823,4757,132,-66,66,2.81,-1.37,1.41,San Mateo County
1400000US06081609700,"Census Tract 6097, San Mateo County, California",5176,4881,4783,-295,-98,-393,-5.7,-2.01,-7.59,San Mateo County
1400000US06081609800,"Census Tract 6098, San Mateo County, California",4719,4653,4581,-66,-72,-138,-1.4,-1.55,-2.92,San Mateo County
1400000US06081609900,"Census Tract 6099, San Mateo County, California",3197,3077,2949,-120,-128,-248,-3.75,-4.16,-7.76,San Mateo County
1400000US06081610000,"Census Tract 6100, San Mateo County, California",4853,4932,4780,79,-152,-73,1.63,-3.08,-1.5,San Mateo County
1400000US06081610100,"Census Tract 6101, San Mateo County, California",2560,2581,2551,21,-30,-9,0.82,-1.16,-0.35,San Mateo County
1400000US06081610201,"Census Tract 6102.01, San Mateo County, California",5504,5107,5256,-397,149,-248,-7.21,2.92,-4.51,San Mateo County
1400000US06081610202,"Census Tract 6102.02, San Mateo County, California",4441,4860,4681,419,-179,240,9.43,-3.68,5.4,San Mateo County
1400000US06081610203,"Census Tract 6102.03, San Mateo County, California",3215,3159,3134,-56,-25,-81,-1.74,-0.79,-2.52,San Mateo County
1400000US06081610302,"Census Tract 6103.02, San Mateo County, California",3954,4020,4398,66,378,444,1.67,9.4,11.23,San Mateo County
1400000US06081610303,"Census Tract 6103.03, San Mateo County, California",7037,7232,7091,195,-141,54,2.77,-1.95,0.77,San Mateo County
1400000US06081610304,"Census Tract 6103.04, San Mateo County, California",4566,4540,4497,-26,-43,-69,-0.57,-0.95,-1.51,San Mateo County
1400000US06081610400,"Census Tract 6104, San Mateo County, California",5903,5953,5981,50,28,78,0.85,0.47,1.32,San Mateo County
1400000US06081610500,"Census Tract 6105, San Mateo County, California",5191,5098,4729,-93,-369,-462,-1.79,-7.24,-8.9,San Mateo County
1400000US06081610601,"Census Tract 6106.01, San Mateo County, California",6272,5692,5993,-580,301,-279,-9.25,5.29,-4.45,San Mateo County
1400000US06081610602,"Census Tract 6106.02, San Mateo County, California",3529,3570,2996,41,-574,-533,1.16,-16.08,-15.1,San Mateo County
1400000US06081610700,"Census Tract 6107, San Mateo County, California",5926,6019,6010,93,-9,84,1.57,-0.15,1.42,San Mateo County
1400000US06081610800,"Census Tract 6108, San Mateo County, California",4418,4173,4311,-245,138,-107,-5.55,3.31,-2.42,San Mateo County
1400000US06081610901,"Census Tract 6109.01, San Mateo County, California",3948,3884,3591,-64,-293,-357,-1.62,-7.54,-9.04,San Mateo County
1400000US06081610902,"Census Tract 6109.02, San Mateo County, California",3364,3137,2804,-227,-333,-560,-6.75,-10.62,-16.65,San Mateo County
1400000US06081611000,"Census Tract 6110, San Mateo County, California",7131,7043,6735,-88,-308,-396,-1.23,-4.37,-5.55,San Mateo County
1400000US06081611100,"Census Tract 6111, San Mateo County, California",6267,6338,6426,71,88,159,1.13,1.39,2.54,San Mateo County
1400000US06081611200,"Census Tract 6112, San Mateo County, California",2828,2655,2634,-173,-21,-194,-6.12,-0.79,-6.86,San Mateo County
1400000US06081611300,"Census Tract 6113, San Mateo County, California",5424,5089,4946,-335,-143,-478,-6.18,-2.81,-8.81,San Mateo County
1400000US06081611400,"Census Tract 6114, San Mateo County, California",4189,4374,4251,185,-123,62,4.42,-2.81,1.48,San Mateo County
1400000US06081611500,"Census Tract 6115, San Mateo County, California",2871,2807,2873,-64,66,2,-2.23,2.35,0.07,San Mateo County
1400000US06081611600,"Census Tract 6116, San Mateo County, California",2603,2437,2335,-166,-102,-268,-6.38,-4.19,-10.3,San Mateo County
1400000US06081611700,"Census Tract 6117, San Mateo County, California",5859,5694,5699,-165,5,-160,-2.82,0.09,-2.73,San Mateo County
1400000US06081611800,"Census Tract 6118, San Mateo County, California",4323,4938,4558,615,-380,235,14.23,-7.7,5.44,San Mateo County
1400000US06081611901,"Census Tract 6119.01, San Mateo County, California",3982,4621,4392,639,-229,410,16.05,-4.96,10.3,San Mateo County
1400000US06081611902,"Census Tract 6119.02, San Mateo County, California",6747,6576,7336,-171,760,589,-2.53,11.56,8.73,San Mateo County
1400000US06081612001,"Census Tract 6120.01, San Mateo County, California",3597,4060,4017,463,-43,420,12.87,-1.06,11.68,San Mateo County
1400000US06081612002,"Census Tract 6120.02, San Mateo County, California",3218,3216,2941,-2,-275,-277,-0.06,-8.55,-8.61,San Mateo County
1400000US06081612101,"Census Tract 6121.01, San Mateo County, California",4190,3530,3484,-660,-46,-706,-15.75,-1.3,-16.85,San Mateo County
1400000US06081612102,"Census Tract 6121.02, San Mateo County, California",4249,3801,3935,-448,134,-314,-10.54,3.53,-7.39,San Mateo County
1400000US06081612500,"Census Tract 6125, San Mateo County, California",4910,4688,4524,-222,-164,-386,-4.52,-3.5,-7.86,San Mateo County
1400000US06081612600,"Census Tract 6126, San Mateo County, California",4537,4343,4372,-194,29,-165,-4.28,0.67,-3.64,San Mateo County
1400000US06081612700,"Census Tract 6127, San Mateo County, California",2212,2113,2064,-99,-49,-148,-4.48,-2.32,-6.69,San Mateo County
1400000US06081612800,"Census Tract 6128, San Mateo County, California",3556,3466,3379,-90,-87,-177,-2.53,-2.51,-4.98,San Mateo County
1400000US06081612900,"Census Tract 6129, San Mateo County, California",4922,4564,4441,-358,-123,-481,-7.27,-2.7,-9.77,San Mateo County
1400000US06081613000,"Census Tract 6130, San Mateo County, California",3796,3540,3460,-256,-80,-336,-6.74,-2.26,-8.85,San Mateo County
1400000US06081613200,"Census Tract 6132, San Mateo County, California",6731,6589,6851,-142,262,120,-2.11,3.98,1.78,San Mateo County
1400000US06081613300,"Census Tract 6133, San Mateo County, California",2918,2766,2734,-152,-32,-184,-5.21,-1.16,-6.31,San Mateo County
1400000US06081613400,"Census Tract 6134, San Mateo County, California",3109,3076,3067,-33,-9,-42,-1.06,-0.29,-1.35,San Mateo County
1400000US06081613501,"Census Tract 6135.01, San Mateo County, California",4994,4384,4247,-610,-137,-747,-12.21,-3.13,-14.96,San Mateo County
1400000US06081613502,"Census Tract 6135.02, San Mateo County, California",6624,6296,6164,-328,-132,-460,-4.95,-2.1,-6.94,San Mateo County
1400000US06081613600,"Census Tract 6136, San Mateo County, California",6269,6106,5814,-163,-292,-455,-2.6,-4.78,-7.26,San Mateo County
1400000US06081613701,"Census Tract 6137.01, San Mateo County, California",4093,3656,3929,-437,273,-164,-10.68,7.47,-4.01,San Mateo County
1400000US06081613702,"Census Tract 6137.02, San Mateo County, California",4903,5156,4687,253,-469,-216,5.16,-9.1,-4.41,San Mateo County
1400000US06081613800,"Census Tract 6138, San Mateo County, California",4342,4363,4064,21,-299,-278,0.48,-6.85,-6.4,San Mateo County
1400000US06081613900,"Census Tract 6139, San Mateo County, California",7072,6711,6358,-361,-353,-714,-5.1,-5.26,-10.1,San Mateo County
1400000US06081614000,"Census Tract 6140, San Mateo County, California",5842,5773,5872,-69,99,30,-1.18,1.71,0.51,San Mateo County
1400000US06081984300,"Census Tract 9843, San Mateo County, California",0,0,0,0,0,0,#DIV/0!,#DIV/0!,#DIV/0!,San Mateo County
1400000US06081990100,"Census Tract 9901, San Mateo County, California",0,0,0,0,0,0,#DIV/0!,#DIV/0!,#DIV/0!,San Mateo County
1400000US06083000101,"Census Tract 1.01, Santa Barbara County, California",6008,6098,5674,90,-424,-334,1.5,-6.95,-5.56,Santa Barbara County
1400000US06083000102,"Census Tract 1.02, Santa Barbara County, California",4773,4723,4639,-50,-84,-134,-1.05,-1.78,-2.81,Santa Barbara County
1400000US06083000103,"Census Tract 1.03, Santa Barbara County, California",4107,4143,4341,36,198,234,0.88,4.78,5.7,Santa Barbara County
1400000US06083000201,"Census Tract 2.01, Santa Barbara County, California",2518,2654,2656,136,2,138,5.4,0.08,5.48,Santa Barbara County
1400000US06083000202,"Census Tract 2.02, Santa Barbara County, California",2263,2203,2405,-60,202,142,-2.65,9.17,6.27,Santa Barbara County
1400000US06083000301,"Census Tract 3.01, Santa Barbara County, California",3110,3141,3087,31,-54,-23,1,-1.72,-0.74,Santa Barbara County
1400000US06083000302,"Census Tract 3.02, Santa Barbara County, California",4137,4109,4331,-28,222,194,-0.68,5.4,4.69,Santa Barbara County
1400000US06083000400,"Census Tract 4, Santa Barbara County, California",5449,5563,5377,114,-186,-72,2.09,-3.34,-1.32,Santa Barbara County
1400000US06083000501,"Census Tract 5.01, Santa Barbara County, California",3334,3142,3352,-192,210,18,-5.76,6.68,0.54,Santa Barbara County
1400000US06083000502,"Census Tract 5.02, Santa Barbara County, California",5640,5475,5395,-165,-80,-245,-2.93,-1.46,-4.34,Santa Barbara County
1400000US06083000600,"Census Tract 6, Santa Barbara County, California",5460,5089,5470,-371,381,10,-6.79,7.49,0.18,Santa Barbara County
1400000US06083000700,"Census Tract 7, Santa Barbara County, California",6452,6116,6233,-336,117,-219,-5.21,1.91,-3.39,Santa Barbara County
1400000US06083000801,"Census Tract 8.01, Santa Barbara County, California",3846,4059,3957,213,-102,111,5.54,-2.51,2.89,Santa Barbara County
1400000US06083000805,"Census Tract 8.05, Santa Barbara County, California",946,970,1077,24,107,131,2.54,11.03,13.85,Santa Barbara County
1400000US06083000806,"Census Tract 8.06, Santa Barbara County, California",5598,5598,5484,0,-114,-114,0,-2.04,-2.04,Santa Barbara County
1400000US06083000900,"Census Tract 9, Santa Barbara County, California",3616,3511,3254,-105,-257,-362,-2.9,-7.32,-10.01,Santa Barbara County
1400000US06083001001,"Census Tract 10.01, Santa Barbara County, California",3479,3239,2953,-240,-286,-526,-6.9,-8.83,-15.12,Santa Barbara County
1400000US06083001002,"Census Tract 10.02, Santa Barbara County, California",3435,3427,3188,-8,-239,-247,-0.23,-6.97,-7.19,Santa Barbara County
1400000US06083001101,"Census Tract 11.01, Santa Barbara County, California",4975,4676,4599,-299,-77,-376,-6.01,-1.65,-7.56,Santa Barbara County
1400000US06083001102,"Census Tract 11.02, Santa Barbara County, California",4630,4675,4394,45,-281,-236,0.97,-6.01,-5.1,Santa Barbara County
1400000US06083001203,"Census Tract 12.03, Santa Barbara County, California",3693,3566,3535,-127,-31,-158,-3.44,-0.87,-4.28,Santa Barbara County
1400000US06083001206,"Census Tract 12.06, Santa Barbara County, California",4138,4222,3969,84,-253,-169,2.03,-5.99,-4.08,Santa Barbara County
1400000US06083001208,"Census Tract 12.08, Santa Barbara County, California",4087,4204,4206,117,2,119,2.86,0.05,2.91,Santa Barbara County
1400000US06083001306,"Census Tract 13.06, Santa Barbara County, California",3758,3710,3725,-48,15,-33,-1.28,0.4,-0.88,Santa Barbara County
1400000US06083001307,"Census Tract 13.07, Santa Barbara County, California",3824,3318,3365,-506,47,-459,-13.23,1.42,-12,Santa Barbara County
1400000US06083001308,"Census Tract 13.08, Santa Barbara County, California",3575,3447,3650,-128,203,75,-3.58,5.89,2.1,Santa Barbara County
1400000US06083001403,"Census Tract 14.03, Santa Barbara County, California",1533,1662,1691,129,29,158,8.41,1.74,10.31,Santa Barbara County
1400000US06083001404,"Census Tract 14.04, Santa Barbara County, California",1572,1511,1432,-61,-79,-140,-3.88,-5.23,-8.91,Santa Barbara County
1400000US06083001500,"Census Tract 15, Santa Barbara County, California",2545,2474,2628,-71,154,83,-2.79,6.22,3.26,Santa Barbara County
1400000US06083001601,"Census Tract 16.01, Santa Barbara County, California",6375,5973,5912,-402,-61,-463,-6.31,-1.02,-7.26,Santa Barbara County
1400000US06083001604,"Census Tract 16.04, Santa Barbara County, California",4360,4331,4466,-29,135,106,-0.67,3.12,2.43,Santa Barbara County
1400000US06083001704,"Census Tract 17.04, Santa Barbara County, California",3284,3078,3216,-206,138,-68,-6.27,4.48,-2.07,Santa Barbara County
1400000US06083001706,"Census Tract 17.06, Santa Barbara County, California",4173,4148,4599,-25,451,426,-0.6,10.87,10.21,Santa Barbara County
1400000US06083001800,"Census Tract 18, Santa Barbara County, California",931,1166,1125,235,-41,194,25.24,-3.52,20.84,Santa Barbara County
1400000US06083001905,"Census Tract 19.05, Santa Barbara County, California",2807,3103,3073,296,-30,266,10.55,-0.97,9.48,Santa Barbara County
1400000US06083001907,"Census Tract 19.07, Santa Barbara County, California",813,803,898,-10,95,85,-1.23,11.83,10.46,Santa Barbara County
1400000US06083001908,"Census Tract 19.08, Santa Barbara County, California",5335,5268,5357,-67,89,22,-1.26,1.69,0.41,Santa Barbara County
1400000US06083001909,"Census Tract 19.09, Santa Barbara County, California",3629,3965,3661,336,-304,32,9.26,-7.67,0.88,Santa Barbara County
1400000US06083001910,"Census Tract 19.10, Santa Barbara County, California",2756,2902,2858,146,-44,102,5.3,-1.52,3.7,Santa Barbara County
1400000US06083001911,"Census Tract 19.11, Santa Barbara County, California",2011,1969,1624,-42,-345,-387,-2.09,-17.52,-19.24,Santa Barbara County
1400000US06083001912,"Census Tract 19.12, Santa Barbara County, California",5339,5226,5151,-113,-75,-188,-2.12,-1.44,-3.52,Santa Barbara County
1400000US06083002005,"Census Tract 20.05, Santa Barbara County, California",5643,5182,4979,-461,-203,-664,-8.17,-3.92,-11.77,Santa Barbara County
1400000US06083002006,"Census Tract 20.06, Santa Barbara County, California",2700,2813,2754,113,-59,54,4.19,-2.1,2,Santa Barbara County
1400000US06083002008,"Census Tract 20.08, Santa Barbara County, California",7678,7382,7204,-296,-178,-474,-3.86,-2.41,-6.17,Santa Barbara County
1400000US06083002009,"Census Tract 20.09, Santa Barbara County, California",3836,3776,3806,-60,30,-30,-1.56,0.79,-0.78,Santa Barbara County
1400000US06083002010,"Census Tract 20.10, Santa Barbara County, California",4180,4251,4617,71,366,437,1.7,8.61,10.45,Santa Barbara County
1400000US06083002011,"Census Tract 20.11, Santa Barbara County, California",6378,5851,5925,-527,74,-453,-8.26,1.26,-7.1,Santa Barbara County
1400000US06083002012,"Census Tract 20.12, Santa Barbara County, California",2805,2916,2830,111,-86,25,3.96,-2.95,0.89,Santa Barbara County
1400000US06083002013,"Census Tract 20.13, Santa Barbara County, California",2636,2777,2732,141,-45,96,5.35,-1.62,3.64,Santa Barbara County
1400000US06083002014,"Census Tract 20.14, Santa Barbara County, California",6328,6387,6423,59,36,95,0.93,0.56,1.5,Santa Barbara County
1400000US06083002015,"Census Tract 20.15, Santa Barbara County, California",3941,3740,3724,-201,-16,-217,-5.1,-0.43,-5.51,Santa Barbara County
1400000US06083002101,"Census Tract 21.01, Santa Barbara County, California",4134,4638,4805,504,167,671,12.19,3.6,16.23,Santa Barbara County
1400000US06083002102,"Census Tract 21.02, Santa Barbara County, California",2254,2240,2368,-14,128,114,-0.62,5.71,5.06,Santa Barbara County
1400000US06083002103,"Census Tract 21.03, Santa Barbara County, California",5117,5093,5324,-24,231,207,-0.47,4.54,4.05,Santa Barbara County
1400000US06083002205,"Census Tract 22.05, Santa Barbara County, California",5280,5561,5218,281,-343,-62,5.32,-6.17,-1.17,Santa Barbara County
1400000US06083002206,"Census Tract 22.06, Santa Barbara County, California",5346,5576,5520,230,-56,174,4.3,-1,3.25,Santa Barbara County
1400000US06083002209,"Census Tract 22.09, Santa Barbara County, California",4065,4072,3904,7,-168,-161,0.17,-4.13,-3.96,Santa Barbara County
1400000US06083002210,"Census Tract 22.10, Santa Barbara County, California",6668,6676,6755,8,79,87,0.12,1.18,1.3,Santa Barbara County
1400000US06083002211,"Census Tract 22.11, Santa Barbara County, California",5669,5697,6035,28,338,366,0.49,5.93,6.46,Santa Barbara County
1400000US06083002303,"Census Tract 23.03, Santa Barbara County, California",6357,6402,6037,45,-365,-320,0.71,-5.7,-5.03,Santa Barbara County
1400000US06083002304,"Census Tract 23.04, Santa Barbara County, California",6623,7263,7036,640,-227,413,9.66,-3.13,6.24,Santa Barbara County
1400000US06083002307,"Census Tract 23.07, Santa Barbara County, California",5272,5235,5103,-37,-132,-169,-0.7,-2.52,-3.21,Santa Barbara County
1400000US06083002308,"Census Tract 23.08, Santa Barbara County, California",3082,3072,3044,-10,-28,-38,-0.32,-0.91,-1.23,Santa Barbara County
1400000US06083002309,"Census Tract 23.09, Santa Barbara County, California",3617,3921,3849,304,-72,232,8.4,-1.84,6.41,Santa Barbara County
1400000US06083002310,"Census Tract 23.10, Santa Barbara County, California",3283,3516,3656,233,140,373,7.1,3.98,11.36,Santa Barbara County
1400000US06083002405,"Census Tract 24.05, Santa Barbara County, California",4354,4181,4173,-173,-8,-181,-3.97,-0.19,-4.16,Santa Barbara County
1400000US06083002406,"Census Tract 24.06, Santa Barbara County, California",3781,4262,4446,481,184,665,12.72,4.32,17.59,Santa Barbara County
1400000US06083002407,"Census Tract 24.07, Santa Barbara County, California",4594,4757,4748,163,-9,154,3.55,-0.19,3.35,Santa Barbara County
1400000US06083002408,"Census Tract 24.08, Santa Barbara County, California",2093,2295,2466,202,171,373,9.65,7.45,17.82,Santa Barbara County
1400000US06083002409,"Census Tract 24.09, Santa Barbara County, California",8142,8696,9401,554,705,1259,6.8,8.11,15.46,Santa Barbara County
1400000US06083002410,"Census Tract 24.10, Santa Barbara County, California",5786,6066,5646,280,-420,-140,4.84,-6.92,-2.42,Santa Barbara County
1400000US06083002503,"Census Tract 25.03, Santa Barbara County, California",1220,1142,1563,-78,421,343,-6.39,36.87,28.11,Santa Barbara County
1400000US06083002504,"Census Tract 25.04, Santa Barbara County, California",6502,7179,6920,677,-259,418,10.41,-3.61,6.43,Santa Barbara County
1400000US06083002703,"Census Tract 27.03, Santa Barbara County, California",3628,3553,3411,-75,-142,-217,-2.07,-4,-5.98,Santa Barbara County
1400000US06083002705,"Census Tract 27.05, Santa Barbara County, California",4176,3952,4127,-224,175,-49,-5.36,4.43,-1.17,Santa Barbara County
1400000US06083002706,"Census Tract 27.06, Santa Barbara County, California",6339,6519,6316,180,-203,-23,2.84,-3.11,-0.36,Santa Barbara County
1400000US06083002707,"Census Tract 27.07, Santa Barbara County, California",2256,2291,2392,35,101,136,1.55,4.41,6.03,Santa Barbara County
1400000US06083002708,"Census Tract 27.08, Santa Barbara County, California",2256,2297,2514,41,217,258,1.82,9.45,11.44,Santa Barbara County
1400000US06083002709,"Census Tract 27.09, Santa Barbara County, California",3737,4154,4419,417,265,682,11.16,6.38,18.25,Santa Barbara County
1400000US06083002710,"Census Tract 27.10, Santa Barbara County, California",4336,4841,4747,505,-94,411,11.65,-1.94,9.48,Santa Barbara County
1400000US06083002802,"Census Tract 28.02, Santa Barbara County, California",7413,7611,7653,198,42,240,2.67,0.55,3.24,Santa Barbara County
1400000US06083002806,"Census Tract 28.06, Santa Barbara County, California",2623,2800,2846,177,46,223,6.75,1.64,8.5,Santa Barbara County
1400000US06083002808,"Census Tract 28.08, Santa Barbara County, California",7945,7085,6702,-860,-383,-1243,-10.82,-5.41,-15.65,Santa Barbara County
1400000US06083002809,"Census Tract 28.09, Santa Barbara County, California",5287,5229,5012,-58,-217,-275,-1.1,-4.15,-5.2,Santa Barbara County
1400000US06083002906,"Census Tract 29.06, Santa Barbara County, California",3920,4009,4190,89,181,270,2.27,4.51,6.89,Santa Barbara County
1400000US06083002907,"Census Tract 29.07, Santa Barbara County, California",4185,4198,4039,13,-159,-146,0.31,-3.79,-3.49,Santa Barbara County
1400000US06083002909,"Census Tract 29.09, Santa Barbara County, California",5492,5540,5462,48,-78,-30,0.87,-1.41,-0.55,Santa Barbara County
1400000US06083002913,"Census Tract 29.13, Santa Barbara County, California",4274,4339,4193,65,-146,-81,1.52,-3.36,-1.9,Santa Barbara County
1400000US06083002914,"Census Tract 29.14, Santa Barbara County, California",3327,3136,3097,-191,-39,-230,-5.74,-1.24,-6.91,Santa Barbara County
1400000US06083002924,"Census Tract 29.24, Santa Barbara County, California",6553,6700,6746,147,46,193,2.24,0.69,2.95,Santa Barbara County
1400000US06083002926,"Census Tract 29.26, Santa Barbara County, California",5659,5319,4714,-340,-605,-945,-6.01,-11.37,-16.7,Santa Barbara County
1400000US06083002932,"Census Tract 29.32, Santa Barbara County, California",2441,2411,2321,-30,-90,-120,-1.23,-3.73,-4.92,Santa Barbara County
1400000US06083002933,"Census Tract 29.33, Santa Barbara County, California",5815,6048,6649,233,601,834,4.01,9.94,14.34,Santa Barbara County
1400000US06083002934,"Census Tract 29.34, Santa Barbara County, California",3607,3603,3597,-4,-6,-10,-0.11,-0.17,-0.28,Santa Barbara County
1400000US06083002935,"Census Tract 29.35, Santa Barbara County, California",3303,3479,3087,176,-392,-216,5.33,-11.27,-6.54,Santa Barbara County
1400000US06083002936,"Census Tract 29.36, Santa Barbara County, California",3521,3713,3262,192,-451,-259,5.45,-12.15,-7.36,Santa Barbara County
1400000US06083002937,"Census Tract 29.37, Santa Barbara County, California",3163,3267,3253,104,-14,90,3.29,-0.43,2.85,Santa Barbara County
1400000US06083003001,"Census Tract 30.01, Santa Barbara County, California",5920,6039,6217,119,178,297,2.01,2.95,5.02,Santa Barbara County
1400000US06083003004,"Census Tract 30.04, Santa Barbara County, California",4916,4980,4891,64,-89,-25,1.3,-1.79,-0.51,Santa Barbara County
1400000US06083003005,"Census Tract 30.05, Santa Barbara County, California",4711,4694,4704,-17,10,-7,-0.36,0.21,-0.15,Santa Barbara County
1400000US06083003007,"Census Tract 30.07, Santa Barbara County, California",3462,3501,3554,39,53,92,1.13,1.51,2.66,Santa Barbara County
1400000US06083003102,"Census Tract 31.02, Santa Barbara County, California",3314,3206,3092,-108,-114,-222,-3.26,-3.56,-6.7,Santa Barbara County
1400000US06083980000,"Census Tract 9800, Santa Barbara County, California",0,0,0,0,0,0,#DIV/0!,#DIV/0!,#DIV/0!,Santa Barbara County
1400000US06083980100,"Census Tract 9801, Santa Barbara County, California",13,9,10,-4,1,-3,-30.77,11.11,-23.08,Santa Barbara County
1400000US06083980200,"Census Tract 9802, Santa Barbara County, California",3646,3638,3655,-8,17,9,-0.22,0.47,0.25,Santa Barbara County
1400000US06083980300,"Census Tract 9803, Santa Barbara County, California",6971,7196,6574,225,-622,-397,3.23,-8.64,-5.7,Santa Barbara County
1400000US06083980400,"Census Tract 9804, Santa Barbara County, California",2989,3004,2710,15,-294,-279,0.5,-9.79,-9.33,Santa Barbara County
1400000US06083980500,"Census Tract 9805, Santa Barbara County, California",19,18,39,-1,21,20,-5.26,116.67,105.26,Santa Barbara County
1400000US06083990000,"Census Tract 9900, Santa Barbara County, California",0,0,0,0,0,0,#DIV/0!,#DIV/0!,#DIV/0!,Santa Barbara County
1400000US06085500100,"Census Tract 5001, Santa Clara County, California",7074,7077,7903,3,826,829,0.04,11.67,11.72,Santa Clara County
1400000US06085500200,"Census Tract 5002, Santa Clara County, California",6285,5863,5406,-422,-457,-879,-6.71,-7.79,-13.99,Santa Clara County
1400000US06085500300,"Census Tract 5003, Santa Clara County, California",3789,3943,4156,154,213,367,4.06,5.4,9.69,Santa Clara County
1400000US06085500400,"Census Tract 5004, Santa Clara County, California",2712,2743,2545,31,-198,-167,1.14,-7.22,-6.16,Santa Clara County
1400000US06085500500,"Census Tract 5005, Santa Clara County, California",5732,5377,5020,-355,-357,-712,-6.19,-6.64,-12.42,Santa Clara County
1400000US06085500600,"Census Tract 5006, Santa Clara County, California",5713,5633,6069,-80,436,356,-1.4,7.74,6.23,Santa Clara County
1400000US06085500800,"Census Tract 5008, Santa Clara County, California",4482,4445,4483,-37,38,1,-0.83,0.85,0.02,Santa Clara County
1400000US06085500901,"Census Tract 5009.01, Santa Clara County, California",4326,4083,4459,-243,376,133,-5.62,9.21,3.07,Santa Clara County
1400000US06085500902,"Census Tract 5009.02, Santa Clara County, California",5064,4736,4613,-328,-123,-451,-6.48,-2.6,-8.91,Santa Clara County
1400000US06085501000,"Census Tract 5010, Santa Clara County, California",5156,4865,5003,-291,138,-153,-5.64,2.84,-2.97,Santa Clara County
1400000US06085501101,"Census Tract 5011.01, Santa Clara County, California",4329,4239,4369,-90,130,40,-2.08,3.07,0.92,Santa Clara County
1400000US06085501102,"Census Tract 5011.02, Santa Clara County, California",4465,4245,4191,-220,-54,-274,-4.93,-1.27,-6.14,Santa Clara County
1400000US06085501200,"Census Tract 5012, Santa Clara County, California",4099,4249,4345,150,96,246,3.66,2.26,6,Santa Clara County
1400000US06085501300,"Census Tract 5013, Santa Clara County, California",4093,4026,4063,-67,37,-30,-1.64,0.92,-0.73,Santa Clara County
1400000US06085501401,"Census Tract 5014.01, Santa Clara County, California",2793,3029,2954,236,-75,161,8.45,-2.48,5.76,Santa Clara County
1400000US06085501402,"Census Tract 5014.02, Santa Clara County, California",3161,2929,2705,-232,-224,-456,-7.34,-7.65,-14.43,Santa Clara County
1400000US06085501501,"Census Tract 5015.01, Santa Clara County, California",4335,4259,4159,-76,-100,-176,-1.75,-2.35,-4.06,Santa Clara County
1400000US06085501502,"Census Tract 5015.02, Santa Clara County, California",4578,4246,4160,-332,-86,-418,-7.25,-2.03,-9.13,Santa Clara County
1400000US06085501601,"Census Tract 5016.01, Santa Clara County, California",4181,4044,4088,-137,44,-93,-3.28,1.09,-2.22,Santa Clara County
1400000US06085501602,"Census Tract 5016.02, Santa Clara County, California",3792,3648,3255,-144,-393,-537,-3.8,-10.77,-14.16,Santa Clara County
1400000US06085501700,"Census Tract 5017, Santa Clara County, California",4831,4508,4466,-323,-42,-365,-6.69,-0.93,-7.56,Santa Clara County
1400000US06085501800,"Census Tract 5018, Santa Clara County, California",4934,4794,4622,-140,-172,-312,-2.84,-3.59,-6.32,Santa Clara County
1400000US06085501901,"Census Tract 5019.01, Santa Clara County, California",2196,2345,2618,149,273,422,6.79,11.64,19.22,Santa Clara County
1400000US06085501902,"Census Tract 5019.02, Santa Clara County, California",3236,3249,3385,13,136,149,0.4,4.19,4.6,Santa Clara County
1400000US06085502001,"Census Tract 5020.01, Santa Clara County, California",5089,4984,4767,-105,-217,-322,-2.06,-4.35,-6.33,Santa Clara County
1400000US06085502002,"Census Tract 5020.02, Santa Clara County, California",5963,5801,5308,-162,-493,-655,-2.72,-8.5,-10.98,Santa Clara County
1400000US06085502101,"Census Tract 5021.01, Santa Clara County, California",5309,5389,5045,80,-344,-264,1.51,-6.38,-4.97,Santa Clara County
1400000US06085502103,"Census Tract 5021.03, Santa Clara County, California",4675,4459,4261,-216,-198,-414,-4.62,-4.44,-8.86,Santa Clara County
1400000US06085502104,"Census Tract 5021.04, Santa Clara County, California",2408,2528,2634,120,106,226,4.98,4.19,9.39,Santa Clara County
1400000US06085502202,"Census Tract 5022.02, Santa Clara County, California",2802,2812,2910,10,98,108,0.36,3.49,3.85,Santa Clara County
1400000US06085502203,"Census Tract 5022.03, Santa Clara County, California",4214,4277,4211,63,-66,-3,1.5,-1.54,-0.07,Santa Clara County
1400000US06085502204,"Census Tract 5022.04, Santa Clara County, California",3438,3109,3242,-329,133,-196,-9.57,4.28,-5.7,Santa Clara County
1400000US06085502301,"Census Tract 5023.01, Santa Clara County, California",3384,3393,3185,9,-208,-199,0.27,-6.13,-5.88,Santa Clara County
1400000US06085502302,"Census Tract 5023.02, Santa Clara County, California",3524,3417,3332,-107,-85,-192,-3.04,-2.49,-5.45,Santa Clara County
1400000US06085502400,"Census Tract 5024, Santa Clara County, California",7048,6861,6909,-187,48,-139,-2.65,0.7,-1.97,Santa Clara County
1400000US06085502500,"Census Tract 5025, Santa Clara County, California",6760,6692,6537,-68,-155,-223,-1.01,-2.32,-3.3,Santa Clara County
1400000US06085502601,"Census Tract 5026.01, Santa Clara County, California",3281,3102,3048,-179,-54,-233,-5.46,-1.74,-7.1,Santa Clara County
1400000US06085502603,"Census Tract 5026.03, Santa Clara County, California",2858,3068,3026,210,-42,168,7.35,-1.37,5.88,Santa Clara County
1400000US06085502604,"Census Tract 5026.04, Santa Clara County, California",4109,3912,3998,-197,86,-111,-4.79,2.2,-2.7,Santa Clara County
1400000US06085502701,"Census Tract 5027.01, Santa Clara County, California",5665,5697,5611,32,-86,-54,0.56,-1.51,-0.95,Santa Clara County
1400000US06085502703,"Census Tract 5027.03, Santa Clara County, California",3811,3896,4015,85,119,204,2.23,3.05,5.35,Santa Clara County
1400000US06085502704,"Census Tract 5027.04, Santa Clara County, California",4042,4245,4143,203,-102,101,5.02,-2.4,2.5,Santa Clara County
1400000US06085502800,"Census Tract 5028, Santa Clara County, California",4442,4459,4419,17,-40,-23,0.38,-0.9,-0.52,Santa Clara County
1400000US06085502901,"Census Tract 5029.01, Santa Clara County, California",6210,5927,6213,-283,286,3,-4.56,4.83,0.05,Santa Clara County
1400000US06085502902,"Census Tract 5029.02, Santa Clara County, California",9023,9412,9155,389,-257,132,4.31,-2.73,1.46,Santa Clara County
1400000US06085502903,"Census Tract 5029.03, Santa Clara County, California",5220,5239,5270,19,31,50,0.36,0.59,0.96,Santa Clara County
1400000US06085502906,"Census Tract 5029.06, Santa Clara County, California",4912,4993,4995,81,2,83,1.65,0.04,1.69,Santa Clara County
1400000US06085502907,"Census Tract 5029.07, Santa Clara County, California",3960,3929,3912,-31,-17,-48,-0.78,-0.43,-1.21,Santa Clara County
1400000US06085502908,"Census Tract 5029.08, Santa Clara County, California",6617,6590,6464,-27,-126,-153,-0.41,-1.91,-2.31,Santa Clara County
1400000US06085502909,"Census Tract 5029.09, Santa Clara County, California",5170,4896,4918,-274,22,-252,-5.3,0.45,-4.87,Santa Clara County
1400000US06085502910,"Census Tract 5029.10, Santa Clara County, California",3835,3999,3960,164,-39,125,4.28,-0.98,3.26,Santa Clara County
1400000US06085503001,"Census Tract 5030.01, Santa Clara County, California",4297,4369,4455,72,86,158,1.68,1.97,3.68,Santa Clara County
1400000US06085503002,"Census Tract 5030.02, Santa Clara County, California",3747,3850,3814,103,-36,67,2.75,-0.94,1.79,Santa Clara County
1400000US06085503003,"Census Tract 5030.03, Santa Clara County, California",5259,4915,5050,-344,135,-209,-6.54,2.75,-3.97,Santa Clara County
1400000US06085503105,"Census Tract 5031.05, Santa Clara County, California",2466,2248,2139,-218,-109,-327,-8.84,-4.85,-13.26,Santa Clara County
1400000US06085503110,"Census Tract 5031.10, Santa Clara County, California",4160,4184,4067,24,-117,-93,0.58,-2.8,-2.24,Santa Clara County
1400000US06085503111,"Census Tract 5031.11, Santa Clara County, California",5979,5620,5243,-359,-377,-736,-6,-6.71,-12.31,Santa Clara County
1400000US06085503112,"Census Tract 5031.12, Santa Clara County, California",3783,4077,4062,294,-15,279,7.77,-0.37,7.38,Santa Clara County
1400000US06085503113,"Census Tract 5031.13, Santa Clara County, California",4897,4910,4746,13,-164,-151,0.27,-3.34,-3.08,Santa Clara County
1400000US06085503116,"Census Tract 5031.16, Santa Clara County, California",6831,6687,6469,-144,-218,-362,-2.11,-3.26,-5.3,Santa Clara County
1400000US06085503117,"Census Tract 5031.17, Santa Clara County, California",2972,3088,2823,116,-265,-149,3.9,-8.58,-5.01,Santa Clara County
1400000US06085503118,"Census Tract 5031.18, Santa Clara County, California",4551,4727,4413,176,-314,-138,3.87,-6.64,-3.03,Santa Clara County
1400000US06085503121,"Census Tract 5031.21, Santa Clara County, California",4771,5196,5056,425,-140,285,8.91,-2.69,5.97,Santa Clara County
1400000US06085503122,"Census Tract 5031.22, Santa Clara County, California",3588,3547,3451,-41,-96,-137,-1.14,-2.71,-3.82,Santa Clara County
1400000US06085503123,"Census Tract 5031.23, Santa Clara County, California",3834,3744,3777,-90,33,-57,-2.35,0.88,-1.49,Santa Clara County
1400000US06085503124,"Census Tract 5031.24, Santa Clara County, California",5577,5884,5747,307,-137,170,5.5,-2.33,3.05,Santa Clara County
1400000US06085503125,"Census Tract 5031.25, Santa Clara County, California",3435,3566,3663,131,97,228,3.81,2.72,6.64,Santa Clara County
1400000US06085503126,"Census Tract 5031.26, Santa Clara County, California",3421,3778,3770,357,-8,349,10.44,-0.21,10.2,Santa Clara County
1400000US06085503127,"Census Tract 5031.27, Santa Clara County, California",4012,4302,4723,290,421,711,7.23,9.79,17.72,Santa Clara County
1400000US06085503207,"Census Tract 5032.07, Santa Clara County, California",3872,3720,3589,-152,-131,-283,-3.93,-3.52,-7.31,Santa Clara County
1400000US06085503208,"Census Tract 5032.08, Santa Clara County, California",3858,3398,3182,-460,-216,-676,-11.92,-6.36,-17.52,Santa Clara County
1400000US06085503210,"Census Tract 5032.10, Santa Clara County, California",4546,4520,4435,-26,-85,-111,-0.57,-1.88,-2.44,Santa Clara County
1400000US06085503211,"Census Tract 5032.11, Santa Clara County, California",4473,4484,4160,11,-324,-313,0.25,-7.23,-7,Santa Clara County
1400000US06085503212,"Census Tract 5032.12, Santa Clara County, California",4596,4440,4176,-156,-264,-420,-3.39,-5.95,-9.14,Santa Clara County
1400000US06085503213,"Census Tract 5032.13, Santa Clara County, California",5351,5197,5140,-154,-57,-211,-2.88,-1.1,-3.94,Santa Clara County
1400000US06085503217,"Census Tract 5032.17, Santa Clara County, California",4196,4377,4412,181,35,216,4.31,0.8,5.15,Santa Clara County
1400000US06085503218,"Census Tract 5032.18, Santa Clara County, California",5002,4706,4519,-296,-187,-483,-5.92,-3.97,-9.66,Santa Clara County
1400000US06085503219,"Census Tract 5032.19, Santa Clara County, California",2989,2871,2648,-118,-223,-341,-3.95,-7.77,-11.41,Santa Clara County
1400000US06085503220,"Census Tract 5032.20, Santa Clara County, California",4543,4848,5092,305,244,549,6.71,5.03,12.08,Santa Clara County
1400000US06085503221,"Census Tract 5032.21, Santa Clara County, California",2523,2395,2338,-128,-57,-185,-5.07,-2.38,-7.33,Santa Clara County
1400000US06085503222,"Census Tract 5032.22, Santa Clara County, California",6121,6029,6103,-92,74,-18,-1.5,1.23,-0.29,Santa Clara County
1400000US06085503304,"Census Tract 5033.04, Santa Clara County, California",7373,7084,6804,-289,-280,-569,-3.92,-3.95,-7.72,Santa Clara County
1400000US06085503305,"Census Tract 5033.05, Santa Clara County, California",5578,5843,5854,265,11,276,4.75,0.19,4.95,Santa Clara County
1400000US06085503306,"Census Tract 5033.06, Santa Clara County, California",4100,4120,4047,20,-73,-53,0.49,-1.77,-1.29,Santa Clara County
1400000US06085503312,"Census Tract 5033.12, Santa Clara County, California",3926,4021,3540,95,-481,-386,2.42,-11.96,-9.83,Santa Clara County
1400000US06085503313,"Census Tract 5033.13, Santa Clara County, California",4421,4500,4729,79,229,308,1.79,5.09,6.97,Santa Clara County
1400000US06085503315,"Census Tract 5033.15, Santa Clara County, California",9243,8857,8473,-386,-384,-770,-4.18,-4.34,-8.33,Santa Clara County
1400000US06085503321,"Census Tract 5033.21, Santa Clara County, California",4732,4387,4301,-345,-86,-431,-7.29,-1.96,-9.11,Santa Clara County
1400000US06085503322,"Census Tract 5033.22, Santa Clara County, California",4990,4752,4635,-238,-117,-355,-4.77,-2.46,-7.11,Santa Clara County
1400000US06085503323,"Census Tract 5033.23, Santa Clara County, California",4051,3855,3750,-196,-105,-301,-4.84,-2.72,-7.43,Santa Clara County
1400000US06085503324,"Census Tract 5033.24, Santa Clara County, California",3583,3556,3420,-27,-136,-163,-0.75,-3.82,-4.55,Santa Clara County
1400000US06085503325,"Census Tract 5033.25, Santa Clara County, California",4625,4409,4391,-216,-18,-234,-4.67,-0.41,-5.06,Santa Clara County
1400000US06085503326,"Census Tract 5033.26, Santa Clara County, California",7743,7474,7172,-269,-302,-571,-3.47,-4.04,-7.37,Santa Clara County
1400000US06085503327,"Census Tract 5033.27, Santa Clara County, California",4849,4525,4522,-324,-3,-327,-6.68,-0.07,-6.74,Santa Clara County
1400000US06085503329,"Census Tract 5033.29, Santa Clara County, California",3855,3724,3579,-131,-145,-276,-3.4,-3.89,-7.16,Santa Clara County
1400000US06085503330,"Census Tract 5033.30, Santa Clara County, California",7163,7418,7156,255,-262,-7,3.56,-3.53,-0.1,Santa Clara County
1400000US06085503331,"Census Tract 5033.31, Santa Clara County, California",3748,3652,3725,-96,73,-23,-2.56,2,-0.61,Santa Clara County
1400000US06085503332,"Census Tract 5033.32, Santa Clara County, California",6528,6033,5993,-495,-40,-535,-7.58,-0.66,-8.2,Santa Clara County
1400000US06085503333,"Census Tract 5033.33, Santa Clara County, California",4717,4781,4608,64,-173,-109,1.36,-3.62,-2.31,Santa Clara County
1400000US06085503336,"Census Tract 5033.36, Santa Clara County, California",3444,3193,3081,-251,-112,-363,-7.29,-3.51,-10.54,Santa Clara County
1400000US06085503337,"Census Tract 5033.37, Santa Clara County, California",4186,4231,4330,45,99,144,1.08,2.34,3.44,Santa Clara County
1400000US06085503338,"Census Tract 5033.38, Santa Clara County, California",4381,4385,4092,4,-293,-289,0.09,-6.68,-6.6,Santa Clara County
1400000US06085503339,"Census Tract 5033.39, Santa Clara County, California",4011,3880,3934,-131,54,-77,-3.27,1.39,-1.92,Santa Clara County
1400000US06085503401,"Census Tract 5034.01, Santa Clara County, California",4741,4308,4329,-433,21,-412,-9.13,0.49,-8.69,Santa Clara County
1400000US06085503402,"Census Tract 5034.02, Santa Clara County, California",5114,4918,4597,-196,-321,-517,-3.83,-6.53,-10.11,Santa Clara County
1400000US06085503504,"Census Tract 5035.04, Santa Clara County, California",6603,6006,5601,-597,-405,-1002,-9.04,-6.74,-15.17,Santa Clara County
1400000US06085503506,"Census Tract 5035.06, Santa Clara County, California",7011,6982,6910,-29,-72,-101,-0.41,-1.03,-1.44,Santa Clara County
1400000US06085503507,"Census Tract 5035.07, Santa Clara County, California",2558,2382,2332,-176,-50,-226,-6.88,-2.1,-8.84,Santa Clara County
1400000US06085503508,"Census Tract 5035.08, Santa Clara County, California",5896,5859,5982,-37,123,86,-0.63,2.1,1.46,Santa Clara County
1400000US06085503509,"Census Tract 5035.09, Santa Clara County, California",4763,4611,4396,-152,-215,-367,-3.19,-4.66,-7.71,Santa Clara County
1400000US06085503510,"Census Tract 5035.10, Santa Clara County, California",5345,5045,4565,-300,-480,-780,-5.61,-9.51,-14.59,Santa Clara County
1400000US06085503511,"Census Tract 5035.11, Santa Clara County, California",3522,3625,3499,103,-126,-23,2.92,-3.48,-0.65,Santa Clara County
1400000US06085503601,"Census Tract 5036.01, Santa Clara County, California",3451,3671,3582,220,-89,131,6.37,-2.42,3.8,Santa Clara County
1400000US06085503602,"Census Tract 5036.02, Santa Clara County, California",5444,5465,5255,21,-210,-189,0.39,-3.84,-3.47,Santa Clara County
1400000US06085503703,"Census Tract 5037.03, Santa Clara County, California",4393,4102,3888,-291,-214,-505,-6.62,-5.22,-11.5,Santa Clara County
1400000US06085503707,"Census Tract 5037.07, Santa Clara County, California",5543,5174,5264,-369,90,-279,-6.66,1.74,-5.03,Santa Clara County
1400000US06085503708,"Census Tract 5037.08, Santa Clara County, California",3024,2800,2662,-224,-138,-362,-7.41,-4.93,-11.97,Santa Clara County
1400000US06085503709,"Census Tract 5037.09, Santa Clara County, California",6179,6348,6178,169,-170,-1,2.74,-2.68,-0.02,Santa Clara County
1400000US06085503710,"Census Tract 5037.10, Santa Clara County, California",3455,3457,3334,2,-123,-121,0.06,-3.56,-3.5,Santa Clara County
1400000US06085503711,"Census Tract 5037.11, Santa Clara County, California",5344,5243,4780,-101,-463,-564,-1.89,-8.83,-10.55,Santa Clara County
1400000US06085503712,"Census Tract 5037.12, Santa Clara County, California",4745,4472,4340,-273,-132,-405,-5.75,-2.95,-8.54,Santa Clara County
1400000US06085503713,"Census Tract 5037.13, Santa Clara County, California",3352,3315,3331,-37,16,-21,-1.1,0.48,-0.63,Santa Clara County
1400000US06085503802,"Census Tract 5038.02, Santa Clara County, California",8141,8061,7937,-80,-124,-204,-0.98,-1.54,-2.51,Santa Clara County
1400000US06085503803,"Census Tract 5038.03, Santa Clara County, California",5174,5053,4988,-121,-65,-186,-2.34,-1.29,-3.59,Santa Clara County
1400000US06085503804,"Census Tract 5038.04, Santa Clara County, California",5209,5421,5372,212,-49,163,4.07,-0.9,3.13,Santa Clara County
1400000US06085503902,"Census Tract 5039.02, Santa Clara County, California",6088,6385,6393,297,8,305,4.88,0.13,5.01,Santa Clara County
1400000US06085503903,"Census Tract 5039.03, Santa Clara County, California",3390,3386,3083,-4,-303,-307,-0.12,-8.95,-9.06,Santa Clara County
1400000US06085504001,"Census Tract 5040.01, Santa Clara County, California",5307,5396,5085,89,-311,-222,1.68,-5.76,-4.18,Santa Clara County
1400000US06085504002,"Census Tract 5040.02, Santa Clara County, California",7203,6609,6385,-594,-224,-818,-8.25,-3.39,-11.36,Santa Clara County
1400000US06085504101,"Census Tract 5041.01, Santa Clara County, California",4814,4626,4490,-188,-136,-324,-3.91,-2.94,-6.73,Santa Clara County
1400000US06085504102,"Census Tract 5041.02, Santa Clara County, California",5751,5635,5730,-116,95,-21,-2.02,1.69,-0.37,Santa Clara County
1400000US06085504201,"Census Tract 5042.01, Santa Clara County, California",5534,5513,5936,-21,423,402,-0.38,7.67,7.26,Santa Clara County
1400000US06085504202,"Census Tract 5042.02, Santa Clara County, California",4040,4160,4184,120,24,144,2.97,0.58,3.56,Santa Clara County
1400000US06085504307,"Census Tract 5043.07, Santa Clara County, California",5840,5864,5740,24,-124,-100,0.41,-2.11,-1.71,Santa Clara County
1400000US06085504308,"Census Tract 5043.08, Santa Clara County, California",4637,4577,4895,-60,318,258,-1.29,6.95,5.56,Santa Clara County
1400000US06085504311,"Census Tract 5043.11, Santa Clara County, California",7547,7705,8064,158,359,517,2.09,4.66,6.85,Santa Clara County
1400000US06085504314,"Census Tract 5043.14, Santa Clara County, California",4978,4767,4745,-211,-22,-233,-4.24,-0.46,-4.68,Santa Clara County
1400000US06085504315,"Census Tract 5043.15, Santa Clara County, California",7097,6841,6719,-256,-122,-378,-3.61,-1.78,-5.33,Santa Clara County
1400000US06085504316,"Census Tract 5043.16, Santa Clara County, California",5513,5387,5410,-126,23,-103,-2.29,0.43,-1.87,Santa Clara County
1400000US06085504317,"Census Tract 5043.17, Santa Clara County, California",4100,3849,3763,-251,-86,-337,-6.12,-2.23,-8.22,Santa Clara County
1400000US06085504318,"Census Tract 5043.18, Santa Clara County, California",6840,6782,7213,-58,431,373,-0.85,6.36,5.45,Santa Clara County
1400000US06085504319,"Census Tract 5043.19, Santa Clara County, California",6799,6755,6720,-44,-35,-79,-0.65,-0.52,-1.16,Santa Clara County
1400000US06085504320,"Census Tract 5043.20, Santa Clara County, California",3002,3038,3000,36,-38,-2,1.2,-1.25,-0.07,Santa Clara County
1400000US06085504321,"Census Tract 5043.21, Santa Clara County, California",5766,5511,5412,-255,-99,-354,-4.42,-1.8,-6.14,Santa Clara County
1400000US06085504322,"Census Tract 5043.22, Santa Clara County, California",6058,6192,6103,134,-89,45,2.21,-1.44,0.74,Santa Clara County
1400000US06085504323,"Census Tract 5043.23, Santa Clara County, California",6191,6081,5733,-110,-348,-458,-1.78,-5.72,-7.4,Santa Clara County
1400000US06085504410,"Census Tract 5044.10, Santa Clara County, California",4593,4286,4124,-307,-162,-469,-6.68,-3.78,-10.21,Santa Clara County
1400000US06085504411,"Census Tract 5044.11, Santa Clara County, California",6097,6006,5901,-91,-105,-196,-1.49,-1.75,-3.21,Santa Clara County
1400000US06085504412,"Census Tract 5044.12, Santa Clara County, California",4956,5153,5044,197,-109,88,3.97,-2.12,1.78,Santa Clara County
1400000US06085504413,"Census Tract 5044.13, Santa Clara County, California",1969,2099,2048,130,-51,79,6.6,-2.43,4.01,Santa Clara County
1400000US06085504414,"Census Tract 5044.14, Santa Clara County, California",4547,5113,5296,566,183,749,12.45,3.58,16.47,Santa Clara County
1400000US06085504415,"Census Tract 5044.15, Santa Clara County, California",4922,5026,4690,104,-336,-232,2.11,-6.69,-4.71,Santa Clara County
1400000US06085504416,"Census Tract 5044.16, Santa Clara County, California",3827,3974,3927,147,-47,100,3.84,-1.18,2.61,Santa Clara County
1400000US06085504418,"Census Tract 5044.18, Santa Clara County, California",3817,4318,4118,501,-200,301,13.13,-4.63,7.89,Santa Clara County
1400000US06085504421,"Census Tract 5044.21, Santa Clara County, California",5707,5682,5631,-25,-51,-76,-0.44,-0.9,-1.33,Santa Clara County
1400000US06085504422,"Census Tract 5044.22, Santa Clara County, California",3259,3281,3316,22,35,57,0.68,1.07,1.75,Santa Clara County
1400000US06085504423,"Census Tract 5044.23, Santa Clara County, California",2149,2173,2101,24,-72,-48,1.12,-3.31,-2.23,Santa Clara County
1400000US06085504424,"Census Tract 5044.24, Santa Clara County, California",4972,5448,5269,476,-179,297,9.57,-3.29,5.97,Santa Clara County
1400000US06085504505,"Census Tract 5045.05, Santa Clara County, California",9319,10522,10682,1203,160,1363,12.91,1.52,14.63,Santa Clara County
1400000US06085504506,"Census Tract 5045.06, Santa Clara County, California",7047,7144,6609,97,-535,-438,1.38,-7.49,-6.22,Santa Clara County
1400000US06085504507,"Census Tract 5045.07, Santa Clara County, California",5871,6075,6238,204,163,367,3.47,2.68,6.25,Santa Clara County
1400000US06085504508,"Census Tract 5045.08, Santa Clara County, California",4185,4181,4302,-4,121,117,-0.1,2.89,2.8,Santa Clara County
1400000US06085504509,"Census Tract 5045.09, Santa Clara County, California",4094,4461,4740,367,279,646,8.96,6.25,15.78,Santa Clara County
1400000US06085504510,"Census Tract 5045.10, Santa Clara County, California",3769,4000,4325,231,325,556,6.13,8.13,14.75,Santa Clara County
1400000US06085504601,"Census Tract 5046.01, Santa Clara County, California",1065,1269,1255,204,-14,190,19.15,-1.1,17.84,Santa Clara County
1400000US06085504602,"Census Tract 5046.02, Santa Clara County, California",2257,2325,1920,68,-405,-337,3.01,-17.42,-14.93,Santa Clara County
1400000US06085504700,"Census Tract 5047, Santa Clara County, California",518,587,667,69,80,149,13.32,13.63,28.76,Santa Clara County
1400000US06085504802,"Census Tract 5048.02, Santa Clara County, California",5165,5185,4933,20,-252,-232,0.39,-4.86,-4.49,Santa Clara County
1400000US06085504805,"Census Tract 5048.05, Santa Clara County, California",7249,7464,7442,215,-22,193,2.97,-0.29,2.66,Santa Clara County
1400000US06085504806,"Census Tract 5048.06, Santa Clara County, California",2972,3056,2980,84,-76,8,2.83,-2.49,0.27,Santa Clara County
1400000US06085504807,"Census Tract 5048.07, Santa Clara County, California",5640,5644,5841,4,197,201,0.07,3.49,3.56,Santa Clara County
1400000US06085504808,"Census Tract 5048.08, Santa Clara County, California",2023,2143,2251,120,108,228,5.93,5.04,11.27,Santa Clara County
1400000US06085504902,"Census Tract 5049.02, Santa Clara County, California",4709,4766,4616,57,-150,-93,1.21,-3.15,-1.97,Santa Clara County
1400000US06085504903,"Census Tract 5049.03, Santa Clara County, California",4735,4518,4970,-217,452,235,-4.58,10,4.96,Santa Clara County
1400000US06085505006,"Census Tract 5050.06, Santa Clara County, California",12242,12008,11716,-234,-292,-526,-1.91,-2.43,-4.3,Santa Clara County
1400000US06085505007,"Census Tract 5050.07, Santa Clara County, California",4397,4449,4285,52,-164,-112,1.18,-3.69,-2.55,Santa Clara County
1400000US06085505010,"Census Tract 5050.10, Santa Clara County, California",4400,4538,4473,138,-65,73,3.14,-1.43,1.66,Santa Clara County
1400000US06085505011,"Census Tract 5050.11, Santa Clara County, California",5436,5505,4875,69,-630,-561,1.27,-11.44,-10.32,Santa Clara County
1400000US06085505012,"Census Tract 5050.12, Santa Clara County, California",2547,2913,2879,366,-34,332,14.37,-1.17,13.03,Santa Clara County
1400000US06085505013,"Census Tract 5050.13, Santa Clara County, California",5602,5857,5965,255,108,363,4.55,1.84,6.48,Santa Clara County
1400000US06085505014,"Census Tract 5050.14, Santa Clara County, California",5940,6539,6023,599,-516,83,10.08,-7.89,1.4,Santa Clara County
1400000US06085505015,"Census Tract 5050.15, Santa Clara County, California",5149,4954,5229,-195,275,80,-3.79,5.55,1.55,Santa Clara County
1400000US06085505100,"Census Tract 5051, Santa Clara County, California",4093,4272,4389,179,117,296,4.37,2.74,7.23,Santa Clara County
1400000US06085505202,"Census Tract 5052.02, Santa Clara County, California",6998,7226,7912,228,686,914,3.26,9.49,13.06,Santa Clara County
1400000US06085505203,"Census Tract 5052.03, Santa Clara County, California",5909,5559,5476,-350,-83,-433,-5.92,-1.49,-7.33,Santa Clara County
1400000US06085505301,"Census Tract 5053.01, Santa Clara County, California",4548,4865,5018,317,153,470,6.97,3.14,10.33,Santa Clara County
1400000US06085505302,"Census Tract 5053.02, Santa Clara County, California",4345,4737,4828,392,91,483,9.02,1.92,11.12,Santa Clara County
1400000US06085505303,"Census Tract 5053.03, Santa Clara County, California",6414,6398,5986,-16,-412,-428,-0.25,-6.44,-6.67,Santa Clara County
1400000US06085505304,"Census Tract 5053.04, Santa Clara County, California",3559,3469,3598,-90,129,39,-2.53,3.72,1.1,Santa Clara County
1400000US06085505305,"Census Tract 5053.05, Santa Clara County, California",5831,6071,5626,240,-445,-205,4.12,-7.33,-3.52,Santa Clara County
1400000US06085505401,"Census Tract 5054.01, Santa Clara County, California",6799,6501,6630,-298,129,-169,-4.38,1.98,-2.49,Santa Clara County
1400000US06085505402,"Census Tract 5054.02, Santa Clara County, California",2992,3031,3058,39,27,66,1.3,0.89,2.21,Santa Clara County
1400000US06085505403,"Census Tract 5054.03, Santa Clara County, California",8775,8596,8563,-179,-33,-212,-2.04,-0.38,-2.42,Santa Clara County
1400000US06085505500,"Census Tract 5055, Santa Clara County, California",4392,4469,4661,77,192,269,1.75,4.3,6.12,Santa Clara County
1400000US06085505600,"Census Tract 5056, Santa Clara County, California",4623,4577,4594,-46,17,-29,-1,0.37,-0.63,Santa Clara County
1400000US06085505700,"Census Tract 5057, Santa Clara County, California",6389,5932,5853,-457,-79,-536,-7.15,-1.33,-8.39,Santa Clara County
1400000US06085505800,"Census Tract 5058, Santa Clara County, California",4457,4306,4242,-151,-64,-215,-3.39,-1.49,-4.82,Santa Clara County
1400000US06085505901,"Census Tract 5059.01, Santa Clara County, California",3668,3962,4153,294,191,485,8.02,4.82,13.22,Santa Clara County
1400000US06085505902,"Census Tract 5059.02, Santa Clara County, California",3789,3874,3950,85,76,161,2.24,1.96,4.25,Santa Clara County
1400000US06085506000,"Census Tract 5060, Santa Clara County, California",4815,4780,4993,-35,213,178,-0.73,4.46,3.7,Santa Clara County
1400000US06085506101,"Census Tract 5061.01, Santa Clara County, California",4175,4614,4845,439,231,670,10.51,5.01,16.05,Santa Clara County
1400000US06085506102,"Census Tract 5061.02, Santa Clara County, California",4295,4616,4384,321,-232,89,7.47,-5.03,2.07,Santa Clara County
1400000US06085506103,"Census Tract 5061.03, Santa Clara County, California",5255,5350,5218,95,-132,-37,1.81,-2.47,-0.7,Santa Clara County
1400000US06085506202,"Census Tract 5062.02, Santa Clara County, California",8586,8026,8409,-560,383,-177,-6.52,4.77,-2.06,Santa Clara County
1400000US06085506203,"Census Tract 5062.03, Santa Clara County, California",6416,6101,6127,-315,26,-289,-4.91,0.43,-4.5,Santa Clara County
1400000US06085506204,"Census Tract 5062.04, Santa Clara County, California",5275,5424,5546,149,122,271,2.82,2.25,5.14,Santa Clara County
1400000US06085506301,"Census Tract 5063.01, Santa Clara County, California",5342,5184,5101,-158,-83,-241,-2.96,-1.6,-4.51,Santa Clara County
1400000US06085506302,"Census Tract 5063.02, Santa Clara County, California",6349,5503,6180,-846,677,-169,-13.32,12.3,-2.66,Santa Clara County
1400000US06085506304,"Census Tract 5063.04, Santa Clara County, California",6240,6089,6164,-151,75,-76,-2.42,1.23,-1.22,Santa Clara County
1400000US06085506305,"Census Tract 5063.05, Santa Clara County, California",6599,6050,5638,-549,-412,-961,-8.32,-6.81,-14.56,Santa Clara County
1400000US06085506401,"Census Tract 5064.01, Santa Clara County, California",4781,4992,4710,211,-282,-71,4.41,-5.65,-1.49,Santa Clara County
1400000US06085506402,"Census Tract 5064.02, Santa Clara County, California",5714,5805,5398,91,-407,-316,1.59,-7.01,-5.53,Santa Clara County
1400000US06085506502,"Census Tract 5065.02, Santa Clara County, California",4199,4555,4893,356,338,694,8.48,7.42,16.53,Santa Clara County
1400000US06085506503,"Census Tract 5065.03, Santa Clara County, California",6066,6149,6182,83,33,116,1.37,0.54,1.91,Santa Clara County
1400000US06085506504,"Census Tract 5065.04, Santa Clara County, California",2856,2734,2832,-122,98,-24,-4.27,3.58,-0.84,Santa Clara County
1400000US06085506505,"Census Tract 5065.05, Santa Clara County, California",4894,4648,4333,-246,-315,-561,-5.03,-6.78,-11.46,Santa Clara County
1400000US06085506601,"Census Tract 5066.01, Santa Clara County, California",4122,3921,3887,-201,-34,-235,-4.88,-0.87,-5.7,Santa Clara County
1400000US06085506603,"Census Tract 5066.03, Santa Clara County, California",4277,4087,4252,-190,165,-25,-4.44,4.04,-0.58,Santa Clara County
1400000US06085506604,"Census Tract 5066.04, Santa Clara County, California",7343,7498,7362,155,-136,19,2.11,-1.81,0.26,Santa Clara County
1400000US06085506605,"Census Tract 5066.05, Santa Clara County, California",4558,4347,4397,-211,50,-161,-4.63,1.15,-3.53,Santa Clara County
1400000US06085506606,"Census Tract 5066.06, Santa Clara County, California",5004,5157,5137,153,-20,133,3.06,-0.39,2.66,Santa Clara County
1400000US06085506701,"Census Tract 5067.01, Santa Clara County, California",4177,4362,4268,185,-94,91,4.43,-2.15,2.18,Santa Clara County
1400000US06085506702,"Census Tract 5067.02, Santa Clara County, California",6185,5845,5799,-340,-46,-386,-5.5,-0.79,-6.24,Santa Clara County
1400000US06085506703,"Census Tract 5067.03, Santa Clara County, California",3480,3682,3622,202,-60,142,5.8,-1.63,4.08,Santa Clara County
1400000US06085506801,"Census Tract 5068.01, Santa Clara County, California",5656,5977,6111,321,134,455,5.68,2.24,8.04,Santa Clara County
1400000US06085506802,"Census Tract 5068.02, Santa Clara County, California",5897,5959,5885,62,-74,-12,1.05,-1.24,-0.2,Santa Clara County
1400000US06085506803,"Census Tract 5068.03, Santa Clara County, California",7146,7033,7090,-113,57,-56,-1.58,0.81,-0.78,Santa Clara County
1400000US06085506804,"Census Tract 5068.04, Santa Clara County, California",4459,4629,4602,170,-27,143,3.81,-0.58,3.21,Santa Clara County
1400000US06085506900,"Census Tract 5069, Santa Clara County, California",7720,8013,8174,293,161,454,3.8,2.01,5.88,Santa Clara County
1400000US06085507002,"Census Tract 5070.02, Santa Clara County, California",3429,3559,3415,130,-144,-14,3.79,-4.05,-0.41,Santa Clara County
1400000US06085507003,"Census Tract 5070.03, Santa Clara County, California",3088,2969,3074,-119,105,-14,-3.85,3.54,-0.45,Santa Clara County
1400000US06085507004,"Census Tract 5070.04, Santa Clara County, California",3459,3639,3926,180,287,467,5.2,7.89,13.5,Santa Clara County
1400000US06085507100,"Census Tract 5071, Santa Clara County, California",3159,3347,3029,188,-318,-130,5.95,-9.5,-4.12,Santa Clara County
1400000US06085507203,"Census Tract 5072.03, Santa Clara County, California",3062,3391,3192,329,-199,130,10.74,-5.87,4.25,Santa Clara County
1400000US06085507205,"Census Tract 5072.05, Santa Clara County, California",4651,4797,4652,146,-145,1,3.14,-3.02,0.02,Santa Clara County
1400000US06085507206,"Census Tract 5072.06, Santa Clara County, California",2586,2628,2594,42,-34,8,1.62,-1.29,0.31,Santa Clara County
1400000US06085507301,"Census Tract 5073.01, Santa Clara County, California",6883,6718,6820,-165,102,-63,-2.4,1.52,-0.92,Santa Clara County
1400000US06085507302,"Census Tract 5073.02, Santa Clara County, California",2846,2556,2640,-290,84,-206,-10.19,3.29,-7.24,Santa Clara County
1400000US06085507401,"Census Tract 5074.01, Santa Clara County, California",5869,5886,5907,17,21,38,0.29,0.36,0.65,Santa Clara County
1400000US06085507402,"Census Tract 5074.02, Santa Clara County, California",3996,4150,3980,154,-170,-16,3.85,-4.1,-0.4,Santa Clara County
1400000US06085507500,"Census Tract 5075, Santa Clara County, California",5856,5979,5747,123,-232,-109,2.1,-3.88,-1.86,Santa Clara County
1400000US06085507600,"Census Tract 5076, Santa Clara County, California",5888,6079,6018,191,-61,130,3.24,-1,2.21,Santa Clara County
1400000US06085507701,"Census Tract 5077.01, Santa Clara County, California",3296,3535,3435,239,-100,139,7.25,-2.83,4.22,Santa Clara County
1400000US06085507702,"Census Tract 5077.02, Santa Clara County, California",6993,6873,6618,-120,-255,-375,-1.72,-3.71,-5.36,Santa Clara County
1400000US06085507704,"Census Tract 5077.04, Santa Clara County, California",3352,3533,3344,181,-189,-8,5.4,-5.35,-0.24,Santa Clara County
1400000US06085507705,"Census Tract 5077.05, Santa Clara County, California",4270,4229,4092,-41,-137,-178,-0.96,-3.24,-4.17,Santa Clara County
1400000US06085507805,"Census Tract 5078.05, Santa Clara County, California",5005,5169,5220,164,51,215,3.28,0.99,4.3,Santa Clara County
1400000US06085507806,"Census Tract 5078.06, Santa Clara County, California",6012,6038,5971,26,-67,-41,0.43,-1.11,-0.68,Santa Clara County
1400000US06085507807,"Census Tract 5078.07, Santa Clara County, California",3557,3462,3432,-95,-30,-125,-2.67,-0.87,-3.51,Santa Clara County
1400000US06085507808,"Census Tract 5078.08, Santa Clara County, California",5680,5812,5811,132,-1,131,2.32,-0.02,2.31,Santa Clara County
1400000US06085507903,"Census Tract 5079.03, Santa Clara County, California",5684,5424,5262,-260,-162,-422,-4.57,-2.99,-7.42,Santa Clara County
1400000US06085507904,"Census Tract 5079.04, Santa Clara County, California",3221,3018,3061,-203,43,-160,-6.3,1.42,-4.97,Santa Clara County
1400000US06085507905,"Census Tract 5079.05, Santa Clara County, California",5339,5209,5181,-130,-28,-158,-2.43,-0.54,-2.96,Santa Clara County
1400000US06085507906,"Census Tract 5079.06, Santa Clara County, California",4386,4410,4481,24,71,95,0.55,1.61,2.17,Santa Clara County
1400000US06085508003,"Census Tract 5080.03, Santa Clara County, California",2521,2492,2353,-29,-139,-168,-1.15,-5.58,-6.66,Santa Clara County
1400000US06085508004,"Census Tract 5080.04, Santa Clara County, California",5954,5622,5862,-332,240,-92,-5.58,4.27,-1.55,Santa Clara County
1400000US06085508005,"Census Tract 5080.05, Santa Clara County, California",3562,3649,3615,87,-34,53,2.44,-0.93,1.49,Santa Clara County
1400000US06085508006,"Census Tract 5080.06, Santa Clara County, California",3838,4008,4215,170,207,377,4.43,5.16,9.82,Santa Clara County
1400000US06085508101,"Census Tract 5081.01, Santa Clara County, California",6786,6522,6519,-264,-3,-267,-3.89,-0.05,-3.93,Santa Clara County
1400000US06085508102,"Census Tract 5081.02, Santa Clara County, California",3185,3371,3556,186,185,371,5.84,5.49,11.65,Santa Clara County
1400000US06085508203,"Census Tract 5082.03, Santa Clara County, California",5820,5950,5873,130,-77,53,2.23,-1.29,0.91,Santa Clara County
1400000US06085508204,"Census Tract 5082.04, Santa Clara County, California",4704,4946,4892,242,-54,188,5.14,-1.09,4,Santa Clara County
1400000US06085508205,"Census Tract 5082.05, Santa Clara County, California",3663,3879,3882,216,3,219,5.9,0.08,5.98,Santa Clara County
1400000US06085508206,"Census Tract 5082.06, Santa Clara County, California",3704,4039,3934,335,-105,230,9.04,-2.6,6.21,Santa Clara County
1400000US06085508301,"Census Tract 5083.01, Santa Clara County, California",4587,4734,4702,147,-32,115,3.2,-0.68,2.51,Santa Clara County
1400000US06085508303,"Census Tract 5083.03, Santa Clara County, California",2534,2562,2569,28,7,35,1.1,0.27,1.38,Santa Clara County
1400000US06085508305,"Census Tract 5083.05, Santa Clara County, California",5623,5724,5604,101,-120,-19,1.8,-2.1,-0.34,Santa Clara County
1400000US06085508306,"Census Tract 5083.06, Santa Clara County, California",3019,3301,3130,282,-171,111,9.34,-5.18,3.68,Santa Clara County
1400000US06085508401,"Census Tract 5084.01, Santa Clara County, California",7695,8022,8085,327,63,390,4.25,0.79,5.07,Santa Clara County
1400000US06085508403,"Census Tract 5084.03, Santa Clara County, California",3084,3275,3320,191,45,236,6.19,1.37,7.65,Santa Clara County
1400000US06085508404,"Census Tract 5084.04, Santa Clara County, California",6352,6444,6553,92,109,201,1.45,1.69,3.16,Santa Clara County
1400000US06085508503,"Census Tract 5085.03, Santa Clara County, California",6235,6517,6212,282,-305,-23,4.52,-4.68,-0.37,Santa Clara County
1400000US06085508505,"Census Tract 5085.05, Santa Clara County, California",4998,5022,4765,24,-257,-233,0.48,-5.12,-4.66,Santa Clara County
1400000US06085508507,"Census Tract 5085.07, Santa Clara County, California",3230,3251,2838,21,-413,-392,0.65,-12.7,-12.14,Santa Clara County
1400000US06085508508,"Census Tract 5085.08, Santa Clara County, California",5660,6143,6144,483,1,484,8.53,0.02,8.55,Santa Clara County
1400000US06085508509,"Census Tract 5085.09, Santa Clara County, California",4318,4182,4186,-136,4,-132,-3.15,0.1,-3.06,Santa Clara County
1400000US06085508510,"Census Tract 5085.10, Santa Clara County, California",3782,3793,3500,11,-293,-282,0.29,-7.72,-7.46,Santa Clara County
1400000US06085508601,"Census Tract 5086.01, Santa Clara County, California",3762,3866,3892,104,26,130,2.76,0.67,3.46,Santa Clara County
1400000US06085508602,"Census Tract 5086.02, Santa Clara County, California",5153,5300,5575,147,275,422,2.85,5.19,8.19,Santa Clara County
1400000US06085508705,"Census Tract 5087.05, Santa Clara County, California",4031,4110,4463,79,353,432,1.96,8.59,10.72,Santa Clara County
1400000US06085508706,"Census Tract 5087.06, Santa Clara County, California",4196,4259,4079,63,-180,-117,1.5,-4.23,-2.79,Santa Clara County
1400000US06085508707,"Census Tract 5087.07, Santa Clara County, California",4144,3853,4033,-291,180,-111,-7.02,4.67,-2.68,Santa Clara County
1400000US06085508708,"Census Tract 5087.08, Santa Clara County, California",3880,4236,4917,356,681,1037,9.18,16.08,26.73,Santa Clara County
1400000US06085508800,"Census Tract 5088, Santa Clara County, California",3850,3889,3575,39,-314,-275,1.01,-8.07,-7.14,Santa Clara County
1400000US06085508900,"Census Tract 5089, Santa Clara County, California",5324,5132,4782,-192,-350,-542,-3.61,-6.82,-10.18,Santa Clara County
1400000US06085509001,"Census Tract 5090.01, Santa Clara County, California",2696,2957,2929,261,-28,233,9.68,-0.95,8.64,Santa Clara County
1400000US06085509002,"Census Tract 5090.02, Santa Clara County, California",4424,4278,3954,-146,-324,-470,-3.3,-7.57,-10.62,Santa Clara County
1400000US06085509102,"Census Tract 5091.02, Santa Clara County, California",4888,4796,4865,-92,69,-23,-1.88,1.44,-0.47,Santa Clara County
1400000US06085509106,"Census Tract 5091.06, Santa Clara County, California",4067,4264,4264,197,0,197,4.84,0,4.84,Santa Clara County
1400000US06085509107,"Census Tract 5091.07, Santa Clara County, California",4969,4783,4765,-186,-18,-204,-3.74,-0.38,-4.11,Santa Clara County
1400000US06085509108,"Census Tract 5091.08, Santa Clara County, California",4146,4674,4549,528,-125,403,12.74,-2.67,9.72,Santa Clara County
1400000US06085509109,"Census Tract 5091.09, Santa Clara County, California",5885,6374,6572,489,198,687,8.31,3.11,11.67,Santa Clara County
1400000US06085509110,"Census Tract 5091.10, Santa Clara County, California",3012,3286,3248,274,-38,236,9.1,-1.16,7.84,Santa Clara County
1400000US06085509111,"Census Tract 5091.11, Santa Clara County, California",3659,3727,4205,68,478,546,1.86,12.83,14.92,Santa Clara County
1400000US06085509201,"Census Tract 5092.01, Santa Clara County, California",5979,5903,5611,-76,-292,-368,-1.27,-4.95,-6.15,Santa Clara County
1400000US06085509202,"Census Tract 5092.02, Santa Clara County, California",4429,4313,4137,-116,-176,-292,-2.62,-4.08,-6.59,Santa Clara County
1400000US06085509302,"Census Tract 5093.02, Santa Clara County, California",3549,3619,3535,70,-84,-14,1.97,-2.32,-0.39,Santa Clara County
1400000US06085509303,"Census Tract 5093.03, Santa Clara County, California",3699,3639,3816,-60,177,117,-1.62,4.86,3.16,Santa Clara County
1400000US06085509304,"Census Tract 5093.04, Santa Clara County, California",3197,3101,2936,-96,-165,-261,-3,-5.32,-8.16,Santa Clara County
1400000US06085509401,"Census Tract 5094.01, Santa Clara County, California",3994,4117,4318,123,201,324,3.08,4.88,8.11,Santa Clara County
1400000US06085509403,"Census Tract 5094.03, Santa Clara County, California",5534,5553,4895,19,-658,-639,0.34,-11.85,-11.55,Santa Clara County
1400000US06085509404,"Census Tract 5094.04, Santa Clara County, California",6398,6436,6382,38,-54,-16,0.59,-0.84,-0.25,Santa Clara County
1400000US06085509500,"Census Tract 5095, Santa Clara County, California",5321,5292,5409,-29,117,88,-0.55,2.21,1.65,Santa Clara County
1400000US06085509600,"Census Tract 5096, Santa Clara County, California",3562,3547,3630,-15,83,68,-0.42,2.34,1.91,Santa Clara County
1400000US06085509700,"Census Tract 5097, Santa Clara County, California",3087,3237,3040,150,-197,-47,4.86,-6.09,-1.52,Santa Clara County
1400000US06085509801,"Census Tract 5098.01, Santa Clara County, California",5489,5783,5921,294,138,432,5.36,2.39,7.87,Santa Clara County
1400000US06085509802,"Census Tract 5098.02, Santa Clara County, California",3056,3155,3158,99,3,102,3.24,0.1,3.34,Santa Clara County
1400000US06085509901,"Census Tract 5099.01, Santa Clara County, California",2294,2404,2472,110,68,178,4.8,2.83,7.76,Santa Clara County
1400000US06085509902,"Census Tract 5099.02, Santa Clara County, California",4925,5196,5157,271,-39,232,5.5,-0.75,4.71,Santa Clara County
1400000US06085510001,"Census Tract 5100.01, Santa Clara County, California",6264,6263,5969,-1,-294,-295,-0.02,-4.69,-4.71,Santa Clara County
1400000US06085510002,"Census Tract 5100.02, Santa Clara County, California",3827,4102,4075,275,-27,248,7.19,-0.66,6.48,Santa Clara County
1400000US06085510100,"Census Tract 5101, Santa Clara County, California",2989,3040,2970,51,-70,-19,1.71,-2.3,-0.64,Santa Clara County
1400000US06085510200,"Census Tract 5102, Santa Clara County, California",4699,4721,4717,22,-4,18,0.47,-0.08,0.38,Santa Clara County
1400000US06085510300,"Census Tract 5103, Santa Clara County, California",4307,4500,4629,193,129,322,4.48,2.87,7.48,Santa Clara County
1400000US06085510400,"Census Tract 5104, Santa Clara County, California",3875,3937,3767,62,-170,-108,1.6,-4.32,-2.79,Santa Clara County
1400000US06085510500,"Census Tract 5105, Santa Clara County, California",4438,4452,4637,14,185,199,0.32,4.16,4.48,Santa Clara County
1400000US06085510600,"Census Tract 5106, Santa Clara County, California",5663,6109,6100,446,-9,437,7.88,-0.15,7.72,Santa Clara County
1400000US06085510700,"Census Tract 5107, Santa Clara County, California",5169,5291,4784,122,-507,-385,2.36,-9.58,-7.45,Santa Clara County
1400000US06085510801,"Census Tract 5108.01, Santa Clara County, California",5837,5802,5595,-35,-207,-242,-0.6,-3.57,-4.15,Santa Clara County
1400000US06085510802,"Census Tract 5108.02, Santa Clara County, California",2061,2041,1997,-20,-44,-64,-0.97,-2.16,-3.11,Santa Clara County
1400000US06085510803,"Census Tract 5108.03, Santa Clara County, California",3259,3331,3435,72,104,176,2.21,3.12,5.4,Santa Clara County
1400000US06085510900,"Census Tract 5109, Santa Clara County, California",5392,5267,5122,-125,-145,-270,-2.32,-2.75,-5.01,Santa Clara County
1400000US06085511000,"Census Tract 5110, Santa Clara County, California",6630,7140,7208,510,68,578,7.69,0.95,8.72,Santa Clara County
1400000US06085511100,"Census Tract 5111, Santa Clara County, California",5610,5593,5643,-17,50,33,-0.3,0.89,0.59,Santa Clara County
1400000US06085511200,"Census Tract 5112, Santa Clara County, California",4978,5029,4995,51,-34,17,1.02,-0.68,0.34,Santa Clara County
1400000US06085511301,"Census Tract 5113.01, Santa Clara County, California",4228,3995,3925,-233,-70,-303,-5.51,-1.75,-7.17,Santa Clara County
1400000US06085511302,"Census Tract 5113.02, Santa Clara County, California",3943,3645,3466,-298,-179,-477,-7.56,-4.91,-12.1,Santa Clara County
1400000US06085511400,"Census Tract 5114, Santa Clara County, California",3496,3617,3705,121,88,209,3.46,2.43,5.98,Santa Clara County
1400000US06085511501,"Census Tract 5115.01, Santa Clara County, California",4738,4742,4820,4,78,82,0.08,1.64,1.73,Santa Clara County
1400000US06085511502,"Census Tract 5115.02, Santa Clara County, California",3178,3171,3223,-7,52,45,-0.22,1.64,1.42,Santa Clara County
1400000US06085511608,"Census Tract 5116.08, Santa Clara County, California",3326,3333,3252,7,-81,-74,0.21,-2.43,-2.22,Santa Clara County
1400000US06085511609,"Census Tract 5116.09, Santa Clara County, California",3473,3380,3274,-93,-106,-199,-2.68,-3.14,-5.73,Santa Clara County
1400000US06085511701,"Census Tract 5117.01, Santa Clara County, California",4249,4432,4346,183,-86,97,4.31,-1.94,2.28,Santa Clara County
1400000US06085511702,"Census Tract 5117.02, Santa Clara County, California",2649,2726,2829,77,103,180,2.91,3.78,6.8,Santa Clara County
1400000US06085511704,"Census Tract 5117.04, Santa Clara County, California",4585,4627,4577,42,-50,-8,0.92,-1.08,-0.17,Santa Clara County
1400000US06085511705,"Census Tract 5117.05, Santa Clara County, California",1600,1723,2047,123,324,447,7.69,18.8,27.94,Santa Clara County
1400000US06085511707,"Census Tract 5117.07, Santa Clara County, California",2955,3036,3090,81,54,135,2.74,1.78,4.57,Santa Clara County
1400000US06085511800,"Census Tract 5118, Santa Clara County, California",4360,4369,4538,9,169,178,0.21,3.87,4.08,Santa Clara County
1400000US06085511905,"Census Tract 5119.05, Santa Clara County, California",2959,3306,2969,347,-337,10,11.73,-10.19,0.34,Santa Clara County
1400000US06085511907,"Census Tract 5119.07, Santa Clara County, California",4303,4329,4144,26,-185,-159,0.6,-4.27,-3.7,Santa Clara County
1400000US06085511910,"Census Tract 5119.10, Santa Clara County, California",3106,3089,3051,-17,-38,-55,-0.55,-1.23,-1.77,Santa Clara County
1400000US06085511911,"Census Tract 5119.11, Santa Clara County, California",4893,4911,5049,18,138,156,0.37,2.81,3.19,Santa Clara County
1400000US06085511912,"Census Tract 5119.12, Santa Clara County, California",5749,5776,5705,27,-71,-44,0.47,-1.23,-0.77,Santa Clara County
1400000US06085511913,"Census Tract 5119.13, Santa Clara County, California",4288,4365,4624,77,259,336,1.8,5.93,7.84,Santa Clara County
1400000US06085511914,"Census Tract 5119.14, Santa Clara County, California",6393,6353,6327,-40,-26,-66,-0.63,-0.41,-1.03,Santa Clara County
1400000US06085511915,"Census Tract 5119.15, Santa Clara County, California",4066,4049,4055,-17,6,-11,-0.42,0.15,-0.27,Santa Clara County
1400000US06085511916,"Census Tract 5119.16, Santa Clara County, California",4634,4530,4463,-104,-67,-171,-2.24,-1.48,-3.69,Santa Clara County
1400000US06085511917,"Census Tract 5119.17, Santa Clara County, California",4163,4263,4220,100,-43,57,2.4,-1.01,1.37,Santa Clara County
1400000US06085511918,"Census Tract 5119.18, Santa Clara County, California",3200,3135,3127,-65,-8,-73,-2.03,-0.26,-2.28,Santa Clara County
1400000US06085512001,"Census Tract 5120.01, Santa Clara County, California",6099,6515,6384,416,-131,285,6.82,-2.01,4.67,Santa Clara County
1400000US06085512005,"Census Tract 5120.05, Santa Clara County, California",6965,6880,6633,-85,-247,-332,-1.22,-3.59,-4.77,Santa Clara County
1400000US06085512019,"Census Tract 5120.19, Santa Clara County, California",4789,4718,4404,-71,-314,-385,-1.48,-6.66,-8.04,Santa Clara County
1400000US06085512021,"Census Tract 5120.21, Santa Clara County, California",6448,6349,6133,-99,-216,-315,-1.54,-3.4,-4.89,Santa Clara County
1400000US06085512022,"Census Tract 5120.22, Santa Clara County, California",6355,6162,6217,-193,55,-138,-3.04,0.89,-2.17,Santa Clara County
1400000US06085512023,"Census Tract 5120.23, Santa Clara County, California",5583,5614,5737,31,123,154,0.56,2.19,2.76,Santa Clara County
1400000US06085512024,"Census Tract 5120.24, Santa Clara County, California",5286,5125,4977,-161,-148,-309,-3.05,-2.89,-5.85,Santa Clara County
1400000US06085512025,"Census Tract 5120.25, Santa Clara County, California",3029,3008,2983,-21,-25,-46,-0.69,-0.83,-1.52,Santa Clara County
1400000US06085512026,"Census Tract 5120.26, Santa Clara County, California",3865,3734,3680,-131,-54,-185,-3.39,-1.45,-4.79,Santa Clara County
1400000US06085512027,"Census Tract 5120.27, Santa Clara County, California",4552,4354,4237,-198,-117,-315,-4.35,-2.69,-6.92,Santa Clara County
1400000US06085512029,"Census Tract 5120.29, Santa Clara County, California",8204,8002,7849,-202,-153,-355,-2.46,-1.91,-4.33,Santa Clara County
1400000US06085512030,"Census Tract 5120.30, Santa Clara County, California",3167,3219,2922,52,-297,-245,1.64,-9.23,-7.74,Santa Clara County
1400000US06085512031,"Census Tract 5120.31, Santa Clara County, California",4443,4436,4378,-7,-58,-65,-0.16,-1.31,-1.46,Santa Clara County
1400000US06085512032,"Census Tract 5120.32, Santa Clara County, California",2899,3245,3314,346,69,415,11.94,2.13,14.32,Santa Clara County
1400000US06085512034,"Census Tract 5120.34, Santa Clara County, California",2901,2832,2932,-69,100,31,-2.38,3.53,1.07,Santa Clara County
1400000US06085512035,"Census Tract 5120.35, Santa Clara County, California",4985,4944,4900,-41,-44,-85,-0.82,-0.89,-1.71,Santa Clara County
1400000US06085512036,"Census Tract 5120.36, Santa Clara County, California",4713,4902,4884,189,-18,171,4.01,-0.37,3.63,Santa Clara County
1400000US06085512037,"Census Tract 5120.37, Santa Clara County, California",3099,3145,3064,46,-81,-35,1.48,-2.58,-1.13,Santa Clara County
1400000US06085512038,"Census Tract 5120.38, Santa Clara County, California",3308,3199,3142,-109,-57,-166,-3.3,-1.78,-5.02,Santa Clara County
1400000US06085512039,"Census Tract 5120.39, Santa Clara County, California",6439,6160,6127,-279,-33,-312,-4.33,-0.54,-4.85,Santa Clara County
1400000US06085512042,"Census Tract 5120.42, Santa Clara County, California",3115,3100,2991,-15,-109,-124,-0.48,-3.52,-3.98,Santa Clara County
1400000US06085512043,"Census Tract 5120.43, Santa Clara County, California",5967,5704,5919,-263,215,-48,-4.41,3.77,-0.8,Santa Clara County
1400000US06085512045,"Census Tract 5120.45, Santa Clara County, California",5217,5291,5244,74,-47,27,1.42,-0.89,0.52,Santa Clara County
1400000US06085512047,"Census Tract 5120.47, Santa Clara County, California",5843,6041,5783,198,-258,-60,3.39,-4.27,-1.03,Santa Clara County
1400000US06085512052,"Census Tract 5120.52, Santa Clara County, California",4011,4060,4279,49,219,268,1.22,5.39,6.68,Santa Clara County
1400000US06085512053,"Census Tract 5120.53, Santa Clara County, California",4894,5166,5205,272,39,311,5.56,0.75,6.35,Santa Clara County
1400000US06085512054,"Census Tract 5120.54, Santa Clara County, California",4258,4228,4150,-30,-78,-108,-0.7,-1.84,-2.54,Santa Clara County
1400000US06085512055,"Census Tract 5120.55, Santa Clara County, California",3746,3727,3532,-19,-195,-214,-0.51,-5.23,-5.71,Santa Clara County
1400000US06085512056,"Census Tract 5120.56, Santa Clara County, California",4102,3814,3125,-288,-689,-977,-7.02,-18.07,-23.82,Santa Clara County
1400000US06085512057,"Census Tract 5120.57, Santa Clara County, California",4116,4153,4125,37,-28,9,0.9,-0.67,0.22,Santa Clara County
1400000US06085512058,"Census Tract 5120.58, Santa Clara County, California",4337,5008,5504,671,496,1167,15.47,9.9,26.91,Santa Clara County
1400000US06085512059,"Census Tract 5120.59, Santa Clara County, California",6975,6788,6927,-187,139,-48,-2.68,2.05,-0.69,Santa Clara County
1400000US06085512100,"Census Tract 5121, Santa Clara County, California",1468,1660,1640,192,-20,172,13.08,-1.2,11.72,Santa Clara County
1400000US06085512200,"Census Tract 5122, Santa Clara County, California",3837,4622,4905,785,283,1068,20.46,6.12,27.83,Santa Clara County
1400000US06085512305,"Census Tract 5123.05, Santa Clara County, California",4555,4646,4658,91,12,103,2,0.26,2.26,Santa Clara County
1400000US06085512307,"Census Tract 5123.07, Santa Clara County, California",7151,7134,6918,-17,-216,-233,-0.24,-3.03,-3.26,Santa Clara County
1400000US06085512308,"Census Tract 5123.08, Santa Clara County, California",8661,8415,8460,-246,45,-201,-2.84,0.53,-2.32,Santa Clara County
1400000US06085512309,"Census Tract 5123.09, Santa Clara County, California",5102,5164,5295,62,131,193,1.22,2.54,3.78,Santa Clara County
1400000US06085512310,"Census Tract 5123.10, Santa Clara County, California",5328,5470,5395,142,-75,67,2.67,-1.37,1.26,Santa Clara County
1400000US06085512311,"Census Tract 5123.11, Santa Clara County, California",3931,4216,4171,285,-45,240,7.25,-1.07,6.11,Santa Clara County
1400000US06085512312,"Census Tract 5123.12, Santa Clara County, California",3649,3499,3493,-150,-6,-156,-4.11,-0.17,-4.28,Santa Clara County
1400000US06085512313,"Census Tract 5123.13, Santa Clara County, California",3627,3779,3833,152,54,206,4.19,1.43,5.68,Santa Clara County
1400000US06085512314,"Census Tract 5123.14, Santa Clara County, California",7070,7182,7077,112,-105,7,1.58,-1.46,0.1,Santa Clara County
1400000US06085512401,"Census Tract 5124.01, Santa Clara County, California",4542,4298,4600,-244,302,58,-5.37,7.03,1.28,Santa Clara County
1400000US06085512402,"Census Tract 5124.02, Santa Clara County, California",5344,5601,5246,257,-355,-98,4.81,-6.34,-1.83,Santa Clara County
1400000US06085512505,"Census Tract 5125.05, Santa Clara County, California",7856,8166,7947,310,-219,91,3.95,-2.68,1.16,Santa Clara County
1400000US06085512509,"Census Tract 5125.09, Santa Clara County, California",7176,7826,8056,650,230,880,9.06,2.94,12.26,Santa Clara County
1400000US06085512510,"Census Tract 5125.10, Santa Clara County, California",6790,6979,6844,189,-135,54,2.78,-1.93,0.8,Santa Clara County
1400000US06085512511,"Census Tract 5125.11, Santa Clara County, California",4020,4878,4872,858,-6,852,21.34,-0.12,21.19,Santa Clara County
1400000US06085512512,"Census Tract 5125.12, Santa Clara County, California",3650,3733,4052,83,319,402,2.27,8.55,11.01,Santa Clara County
1400000US06085512513,"Census Tract 5125.13, Santa Clara County, California",3860,4081,3761,221,-320,-99,5.73,-7.84,-2.56,Santa Clara County
1400000US06085512514,"Census Tract 5125.14, Santa Clara County, California",3005,3249,2924,244,-325,-81,8.12,-10,-2.7,Santa Clara County
1400000US06085512515,"Census Tract 5125.15, Santa Clara County, California",4805,5110,5028,305,-82,223,6.35,-1.6,4.64,Santa Clara County
1400000US06085512516,"Census Tract 5125.16, Santa Clara County, California",4229,4298,4525,69,227,296,1.63,5.28,7,Santa Clara County
1400000US06085512602,"Census Tract 5126.02, Santa Clara County, California",2696,2748,2838,52,90,142,1.93,3.28,5.27,Santa Clara County
1400000US06085512603,"Census Tract 5126.03, Santa Clara County, California",4176,4165,4357,-11,192,181,-0.26,4.61,4.33,Santa Clara County
1400000US06085512604,"Census Tract 5126.04, Santa Clara County, California",4536,4896,4744,360,-152,208,7.94,-3.1,4.59,Santa Clara County
1400000US06085513000,"Census Tract 5130, Santa Clara County, California",9696,9829,10780,133,951,1084,1.37,9.68,11.18,Santa Clara County
1400000US06085513500,"Census Tract 5135, Santa Clara County, California",1225,1266,1362,41,96,137,3.35,7.58,11.18,Santa Clara County
1400000US06087100100,"Census Tract 1001, Santa Cruz County, California",2220,2132,2253,-88,121,33,-3.96,5.68,1.49,Santa Cruz County
1400000US06087100200,"Census Tract 1002, Santa Cruz County, California",7107,7110,7093,3,-17,-14,0.04,-0.24,-0.2,Santa Cruz County
1400000US06087100300,"Census Tract 1003, Santa Cruz County, California",3888,3545,3741,-343,196,-147,-8.82,5.53,-3.78,Santa Cruz County
1400000US06087100400,"Census Tract 1004, Santa Cruz County, California",10375,10396,9546,21,-850,-829,0.2,-8.18,-7.99,Santa Cruz County
1400000US06087100500,"Census Tract 1005, Santa Cruz County, California",6460,5982,5709,-478,-273,-751,-7.4,-4.56,-11.63,Santa Cruz County
1400000US06087100600,"Census Tract 1006, Santa Cruz County, California",3488,3269,3063,-219,-206,-425,-6.28,-6.3,-12.18,Santa Cruz County
1400000US06087100700,"Census Tract 1007, Santa Cruz County, California",1907,1882,2094,-25,212,187,-1.31,11.26,9.81,Santa Cruz County
1400000US06087100801,"Census Tract 1008.01, Santa Cruz County, California",3921,3962,3926,41,-36,5,1.05,-0.91,0.13,Santa Cruz County
1400000US06087100802,"Census Tract 1008.02, Santa Cruz County, California",2824,2828,3013,4,185,189,0.14,6.54,6.69,Santa Cruz County
1400000US06087100900,"Census Tract 1009, Santa Cruz County, California",4304,3890,3921,-414,31,-383,-9.62,0.8,-8.9,Santa Cruz County
1400000US06087101001,"Census Tract 1010.01, Santa Cruz County, California",4155,4049,3752,-106,-297,-403,-2.55,-7.34,-9.7,Santa Cruz County
1400000US06087101002,"Census Tract 1010.02, Santa Cruz County, California",4275,4339,4041,64,-298,-234,1.5,-6.87,-5.47,Santa Cruz County
1400000US06087101100,"Census Tract 1011, Santa Cruz County, California",5915,5614,5570,-301,-44,-345,-5.09,-0.78,-5.83,Santa Cruz County
1400000US06087101200,"Census Tract 1012, Santa Cruz County, California",3113,2863,2928,-250,65,-185,-8.03,2.27,-5.94,Santa Cruz County
1400000US06087110101,"Census Tract 1101.01, Santa Cruz County, California",2315,2525,2767,210,242,452,9.07,9.58,19.52,Santa Cruz County
1400000US06087110102,"Census Tract 1101.02, Santa Cruz County, California",4304,4529,4747,225,218,443,5.23,4.81,10.29,Santa Cruz County
1400000US06087110201,"Census Tract 1102.01, Santa Cruz County, California",2772,3201,3144,429,-57,372,15.48,-1.78,13.42,Santa Cruz County
1400000US06087110202,"Census Tract 1102.02, Santa Cruz County, California",5155,5193,4642,38,-551,-513,0.74,-10.61,-9.95,Santa Cruz County
1400000US06087110301,"Census Tract 1103.01, Santa Cruz County, California",4144,4052,4285,-92,233,141,-2.22,5.75,3.4,Santa Cruz County
1400000US06087110302,"Census Tract 1103.02, Santa Cruz County, California",3205,3350,3178,145,-172,-27,4.52,-5.13,-0.84,Santa Cruz County
1400000US06087110401,"Census Tract 1104.01, Santa Cruz County, California",3234,3318,3546,84,228,312,2.6,6.87,9.65,Santa Cruz County
1400000US06087110402,"Census Tract 1104.02, Santa Cruz County, California",4814,4614,4369,-200,-245,-445,-4.15,-5.31,-9.24,Santa Cruz County
1400000US06087110503,"Census Tract 1105.03, Santa Cruz County, California",3171,3293,3110,122,-183,-61,3.85,-5.56,-1.92,Santa Cruz County
1400000US06087110504,"Census Tract 1105.04, Santa Cruz County, California",3212,3340,3166,128,-174,-46,3.99,-5.21,-1.43,Santa Cruz County
1400000US06087110505,"Census Tract 1105.05, Santa Cruz County, California",4656,4620,5206,-36,586,550,-0.77,12.68,11.81,Santa Cruz County
1400000US06087110506,"Census Tract 1105.06, Santa Cruz County, California",2964,3132,3077,168,-55,113,5.67,-1.76,3.81,Santa Cruz County
1400000US06087110601,"Census Tract 1106.01, Santa Cruz County, California",5746,5245,4587,-501,-658,-1159,-8.72,-12.55,-20.17,Santa Cruz County
1400000US06087110602,"Census Tract 1106.02, Santa Cruz County, California",3304,3248,3465,-56,217,161,-1.69,6.68,4.87,Santa Cruz County
1400000US06087110700,"Census Tract 1107, Santa Cruz County, California",2990,2964,2912,-26,-52,-78,-0.87,-1.75,-2.61,Santa Cruz County
1400000US06087120200,"Census Tract 1202, Santa Cruz County, California",4630,4922,4724,292,-198,94,6.31,-4.02,2.03,Santa Cruz County
1400000US06087120301,"Census Tract 1203.01, Santa Cruz County, California",4496,4572,4650,76,78,154,1.69,1.71,3.43,Santa Cruz County
1400000US06087120302,"Census Tract 1203.02, Santa Cruz County, California",3716,3882,3729,166,-153,13,4.47,-3.94,0.35,Santa Cruz County
1400000US06087120400,"Census Tract 1204, Santa Cruz County, California",5041,4916,4921,-125,5,-120,-2.48,0.1,-2.38,Santa Cruz County
1400000US06087120500,"Census Tract 1205, Santa Cruz County, California",6039,5908,5686,-131,-222,-353,-2.17,-3.76,-5.85,Santa Cruz County
1400000US06087120600,"Census Tract 1206, Santa Cruz County, California",4506,4379,4283,-127,-96,-223,-2.82,-2.19,-4.95,Santa Cruz County
1400000US06087120700,"Census Tract 1207, Santa Cruz County, California",4278,4289,4150,11,-139,-128,0.26,-3.24,-2.99,Santa Cruz County
1400000US06087120800,"Census Tract 1208, Santa Cruz County, California",5990,5929,6157,-61,228,167,-1.02,3.85,2.79,Santa Cruz County
1400000US06087120901,"Census Tract 1209.01, Santa Cruz County, California",3677,3901,3745,224,-156,68,6.09,-4,1.85,Santa Cruz County
1400000US06087120902,"Census Tract 1209.02, Santa Cruz County, California",5189,5056,5004,-133,-52,-185,-2.56,-1.03,-3.57,Santa Cruz County
1400000US06087121000,"Census Tract 1210, Santa Cruz County, California",3433,3192,3090,-241,-102,-343,-7.02,-3.2,-9.99,Santa Cruz County
1400000US06087121100,"Census Tract 1211, Santa Cruz County, California",3242,3195,3122,-47,-73,-120,-1.45,-2.28,-3.7,Santa Cruz County
1400000US06087121200,"Census Tract 1212, Santa Cruz County, California",6483,6774,6718,291,-56,235,4.49,-0.83,3.62,Santa Cruz County
1400000US06087121300,"Census Tract 1213, Santa Cruz County, California",4151,4426,4248,275,-178,97,6.62,-4.02,2.34,Santa Cruz County
1400000US06087121401,"Census Tract 1214.01, Santa Cruz County, California",2615,2585,2967,-30,382,352,-1.15,14.78,13.46,Santa Cruz County
1400000US06087121402,"Census Tract 1214.02, Santa Cruz County, California",4170,4706,4626,536,-80,456,12.85,-1.7,10.94,Santa Cruz County
1400000US06087121403,"Census Tract 1214.03, Santa Cruz County, California",3095,3010,3192,-85,182,97,-2.75,6.05,3.13,Santa Cruz County
1400000US06087121501,"Census Tract 1215.01, Santa Cruz County, California",2930,2873,2548,-57,-325,-382,-1.95,-11.31,-13.04,Santa Cruz County
1400000US06087121502,"Census Tract 1215.02, Santa Cruz County, California",2616,2496,2542,-120,46,-74,-4.59,1.84,-2.83,Santa Cruz County
1400000US06087121601,"Census Tract 1216.01, Santa Cruz County, California",3591,3906,3741,315,-165,150,8.77,-4.22,4.18,Santa Cruz County
1400000US06087121602,"Census Tract 1216.02, Santa Cruz County, California",2924,2771,2685,-153,-86,-239,-5.23,-3.1,-8.17,Santa Cruz County
1400000US06087121701,"Census Tract 1217.01, Santa Cruz County, California",4461,4308,4572,-153,264,111,-3.43,6.13,2.49,Santa Cruz County
1400000US06087121702,"Census Tract 1217.02, Santa Cruz County, California",3498,3521,3392,23,-129,-106,0.66,-3.66,-3.03,Santa Cruz County
1400000US06087121801,"Census Tract 1218.01, Santa Cruz County, California",1639,1746,1748,107,2,109,6.53,0.11,6.65,Santa Cruz County
1400000US06087121802,"Census Tract 1218.02, Santa Cruz County, California",2627,2232,2366,-395,134,-261,-15.04,6,-9.94,Santa Cruz County
1400000US06087122001,"Census Tract 1220.01, Santa Cruz County, California",5139,5354,5293,215,-61,154,4.18,-1.14,3,Santa Cruz County
1400000US06087122002,"Census Tract 1220.02, Santa Cruz County, California",2986,2960,2997,-26,37,11,-0.87,1.25,0.37,Santa Cruz County
1400000US06087122004,"Census Tract 1220.04, Santa Cruz County, California",2954,2900,3096,-54,196,142,-1.83,6.76,4.81,Santa Cruz County
1400000US06087122005,"Census Tract 1220.05, Santa Cruz County, California",4410,4464,4220,54,-244,-190,1.22,-5.47,-4.31,Santa Cruz County
1400000US06087122100,"Census Tract 1221, Santa Cruz County, California",3580,3414,3550,-166,136,-30,-4.64,3.98,-0.84,Santa Cruz County
1400000US06087122202,"Census Tract 1222.02, Santa Cruz County, California",2363,2425,2339,62,-86,-24,2.62,-3.55,-1.02,Santa Cruz County
1400000US06087122203,"Census Tract 1222.03, Santa Cruz County, California",4301,4260,3997,-41,-263,-304,-0.95,-6.17,-7.07,Santa Cruz County
1400000US06087122204,"Census Tract 1222.04, Santa Cruz County, California",2932,3319,3139,387,-180,207,13.2,-5.42,7.06,Santa Cruz County
1400000US06087122205,"Census Tract 1222.05, Santa Cruz County, California",3049,2579,2671,-470,92,-378,-15.41,3.57,-12.4,Santa Cruz County
1400000US06087122300,"Census Tract 1223, Santa Cruz County, California",3754,4036,3939,282,-97,185,7.51,-2.4,4.93,Santa Cruz County
1400000US06087122401,"Census Tract 1224.01, Santa Cruz County, California",2601,2456,2126,-145,-330,-475,-5.57,-13.44,-18.26,Santa Cruz County
1400000US06087122402,"Census Tract 1224.02, Santa Cruz County, California",4331,4207,4363,-124,156,32,-2.86,3.71,0.74,Santa Cruz County
1400000US06087122500,"Census Tract 1225, Santa Cruz County, California",7021,6964,6975,-57,11,-46,-0.81,0.16,-0.66,Santa Cruz County
1400000US06087123100,"Census Tract 1231, Santa Cruz County, California",3304,3307,3048,3,-259,-256,0.09,-7.83,-7.75,Santa Cruz County
1400000US06087123300,"Census Tract 1233, Santa Cruz County, California",1470,1513,1361,43,-152,-109,2.93,-10.05,-7.41,Santa Cruz County
1400000US06087990100,"Census Tract 9901, Santa Cruz County, California",0,0,0,0,0,0,#DIV/0!,#DIV/0!,#DIV/0!,Santa Cruz County
1400000US06089010100,"Census Tract 101, Shasta County, California",1704,1832,1834,128,2,130,7.51,0.11,7.63,Shasta County
1400000US06089010200,"Census Tract 102, Shasta County, California",2458,2325,2396,-133,71,-62,-5.41,3.05,-2.52,Shasta County
1400000US06089010300,"Census Tract 103, Shasta County, California",4370,4264,4271,-106,7,-99,-2.43,0.16,-2.27,Shasta County
1400000US06089010400,"Census Tract 104, Shasta County, California",4450,4743,4830,293,87,380,6.58,1.83,8.54,Shasta County
1400000US06089010500,"Census Tract 105, Shasta County, California",5344,5349,5505,5,156,161,0.09,2.92,3.01,Shasta County
1400000US06089010601,"Census Tract 106.01, Shasta County, California",2407,2484,2489,77,5,82,3.2,0.2,3.41,Shasta County
1400000US06089010602,"Census Tract 106.02, Shasta County, California",5215,5342,5340,127,-2,125,2.44,-0.04,2.4,Shasta County
1400000US06089010603,"Census Tract 106.03, Shasta County, California",1421,1359,1252,-62,-107,-169,-4.36,-7.87,-11.89,Shasta County
1400000US06089010702,"Census Tract 107.02, Shasta County, California",2998,3076,3001,78,-75,3,2.6,-2.44,0.1,Shasta County
1400000US06089010703,"Census Tract 107.03, Shasta County, California",3681,3641,3607,-40,-34,-74,-1.09,-0.93,-2.01,Shasta County
1400000US06089010704,"Census Tract 107.04, Shasta County, California",3681,4056,4022,375,-34,341,10.19,-0.84,9.26,Shasta County
1400000US06089010803,"Census Tract 108.03, Shasta County, California",5799,5730,5538,-69,-192,-261,-1.19,-3.35,-4.5,Shasta County
1400000US06089010804,"Census Tract 108.04, Shasta County, California",2411,2264,2185,-147,-79,-226,-6.1,-3.49,-9.37,Shasta County
1400000US06089010805,"Census Tract 108.05, Shasta County, California",5477,5552,5548,75,-4,71,1.37,-0.07,1.3,Shasta County
1400000US06089010806,"Census Tract 108.06, Shasta County, California",3242,3050,3203,-192,153,-39,-5.92,5.02,-1.2,Shasta County
1400000US06089010807,"Census Tract 108.07, Shasta County, California",4397,4597,4640,200,43,243,4.55,0.94,5.53,Shasta County
1400000US06089010900,"Census Tract 109, Shasta County, California",4205,4485,4514,280,29,309,6.66,0.65,7.35,Shasta County
1400000US06089011001,"Census Tract 110.01, Shasta County, California",1679,1588,1609,-91,21,-70,-5.42,1.32,-4.17,Shasta County
1400000US06089011002,"Census Tract 110.02, Shasta County, California",4971,4914,5364,-57,450,393,-1.15,9.16,7.91,Shasta County
1400000US06089011100,"Census Tract 111, Shasta County, California",3113,3327,3347,214,20,234,6.87,0.6,7.52,Shasta County
1400000US06089011209,"Census Tract 112.09, Shasta County, California",6385,6264,5738,-121,-526,-647,-1.9,-8.4,-10.13,Shasta County
1400000US06089011300,"Census Tract 113, Shasta County, California",4770,5010,4955,240,-55,185,5.03,-1.1,3.88,Shasta County
1400000US06089011401,"Census Tract 114.01, Shasta County, California",4332,4504,4288,172,-216,-44,3.97,-4.8,-1.02,Shasta County
1400000US06089011402,"Census Tract 114.02, Shasta County, California",3066,2940,2810,-126,-130,-256,-4.11,-4.42,-8.35,Shasta County
1400000US06089011403,"Census Tract 114.03, Shasta County, California",3234,3354,3322,120,-32,88,3.71,-0.95,2.72,Shasta County
1400000US06089011501,"Census Tract 115.01, Shasta County, California",2377,2842,3296,465,454,919,19.56,15.97,38.66,Shasta County
1400000US06089011502,"Census Tract 115.02, Shasta County, California",2683,2476,2715,-207,239,32,-7.72,9.65,1.19,Shasta County
1400000US06089011600,"Census Tract 116, Shasta County, California",3784,4112,3889,328,-223,105,8.67,-5.42,2.77,Shasta County
1400000US06089011701,"Census Tract 117.01, Shasta County, California",2925,2937,3001,12,64,76,0.41,2.18,2.6,Shasta County
1400000US06089011702,"Census Tract 117.02, Shasta County, California",3402,3533,3582,131,49,180,3.85,1.39,5.29,Shasta County
1400000US06089011703,"Census Tract 117.03, Shasta County, California",2973,2855,2782,-118,-73,-191,-3.97,-2.56,-6.42,Shasta County
1400000US06089011801,"Census Tract 118.01, Shasta County, California",2723,2996,3057,273,61,334,10.03,2.04,12.27,Shasta County
1400000US06089011802,"Census Tract 118.02, Shasta County, California",2589,2533,2746,-56,213,157,-2.16,8.41,6.06,Shasta County
1400000US06089011803,"Census Tract 118.03, Shasta County, California",2509,2575,2590,66,15,81,2.63,0.58,3.23,Shasta County
1400000US06089011900,"Census Tract 119, Shasta County, California",4655,4881,5052,226,171,397,4.85,3.5,8.53,Shasta County
1400000US06089012000,"Census Tract 120, Shasta County, California",4627,4989,5157,362,168,530,7.82,3.37,11.45,Shasta County
1400000US06089012101,"Census Tract 121.01, Shasta County, California",4492,4926,5105,434,179,613,9.66,3.63,13.65,Shasta County
1400000US06089012102,"Census Tract 121.02, Shasta County, California",2225,2326,2298,101,-28,73,4.54,-1.2,3.28,Shasta County
1400000US06089012200,"Census Tract 122, Shasta County, California",5638,5836,5637,198,-199,-1,3.51,-3.41,-0.02,Shasta County
1400000US06089012301,"Census Tract 123.01, Shasta County, California",2638,2656,2618,18,-38,-20,0.68,-1.43,-0.76,Shasta County
1400000US06089012302,"Census Tract 123.02, Shasta County, California",5871,5635,5597,-236,-38,-274,-4.02,-0.67,-4.67,Shasta County
1400000US06089012303,"Census Tract 123.03, Shasta County, California",3569,3604,3603,35,-1,34,0.98,-0.03,0.95,Shasta County
1400000US06089012400,"Census Tract 124, Shasta County, California",3859,3685,3364,-174,-321,-495,-4.51,-8.71,-12.83,Shasta County
1400000US06089012500,"Census Tract 125, Shasta County, California",1531,1456,1382,-75,-74,-149,-4.9,-5.08,-9.73,Shasta County
1400000US06089012603,"Census Tract 126.03, Shasta County, California",4324,4271,4111,-53,-160,-213,-1.23,-3.75,-4.93,Shasta County
1400000US06089012604,"Census Tract 126.04, Shasta County, California",2320,2202,2218,-118,16,-102,-5.09,0.73,-4.4,Shasta County
1400000US06089012605,"Census Tract 126.05, Shasta County, California",1932,1809,1983,-123,174,51,-6.37,9.62,2.64,Shasta County
1400000US06089012606,"Census Tract 126.06, Shasta County, California",3413,3472,3407,59,-65,-6,1.73,-1.87,-0.18,Shasta County
1400000US06089012701,"Census Tract 127.01, Shasta County, California",4937,4564,4268,-373,-296,-669,-7.56,-6.49,-13.55,Shasta County
1400000US06089012702,"Census Tract 127.02, Shasta County, California",2461,2714,2786,253,72,325,10.28,2.65,13.21,Shasta County
1400000US06091010000,"Census Tract 100, Sierra County, California",2898,3079,2916,181,-163,18,6.25,-5.29,0.62,Sierra County
1400000US06093000100,"Census Tract 1, Siskiyou County, California",1097,1146,1065,49,-81,-32,4.47,-7.07,-2.92,Siskiyou County
1400000US06093000200,"Census Tract 2, Siskiyou County, California",1674,1877,1908,203,31,234,12.13,1.65,13.98,Siskiyou County
1400000US06093000300,"Census Tract 3, Siskiyou County, California",3891,3989,4393,98,404,502,2.52,10.13,12.9,Siskiyou County
1400000US06093000600,"Census Tract 6, Siskiyou County, California",1572,1480,1497,-92,17,-75,-5.85,1.15,-4.77,Siskiyou County
1400000US06093000701,"Census Tract 7.01, Siskiyou County, California",3715,3791,3638,76,-153,-77,2.05,-4.04,-2.07,Siskiyou County
1400000US06093000702,"Census Tract 7.02, Siskiyou County, California",3822,4404,4059,582,-345,237,15.23,-7.83,6.2,Siskiyou County
1400000US06093000703,"Census Tract 7.03, Siskiyou County, California",3700,3412,3593,-288,181,-107,-7.78,5.3,-2.89,Siskiyou County
1400000US06093000800,"Census Tract 8, Siskiyou County, California",3703,3516,3382,-187,-134,-321,-5.05,-3.81,-8.67,Siskiyou County
1400000US06093000901,"Census Tract 9.01, Siskiyou County, California",4346,4306,4230,-40,-76,-116,-0.92,-1.76,-2.67,Siskiyou County
1400000US06093000902,"Census Tract 9.02, Siskiyou County, California",3678,3490,3622,-188,132,-56,-5.11,3.78,-1.52,Siskiyou County
1400000US06093001001,"Census Tract 10.01, Siskiyou County, California",1070,1124,1216,54,92,146,5.05,8.19,13.64,Siskiyou County
1400000US06093001002,"Census Tract 10.02, Siskiyou County, California",1277,1500,1397,223,-103,120,17.46,-6.87,9.4,Siskiyou County
1400000US06093001003,"Census Tract 10.03, Siskiyou County, California",4047,4264,4209,217,-55,162,5.36,-1.29,4,Siskiyou County
1400000US06093001100,"Census Tract 11, Siskiyou County, California",2207,2197,2149,-10,-48,-58,-0.45,-2.18,-2.63,Siskiyou County
1400000US06093001200,"Census Tract 12, Siskiyou County, California",1127,1109,1250,-18,141,123,-1.6,12.71,10.91,Siskiyou County
1400000US06093001300,"Census Tract 13, Siskiyou County, California",2590,2546,2441,-44,-105,-149,-1.7,-4.12,-5.75,Siskiyou County
1400000US06095250103,"Census Tract 2501.03, Solano County, California",4221,4367,4232,146,-135,11,3.46,-3.09,0.26,Solano County
1400000US06095250104,"Census Tract 2501.04, Solano County, California",2132,2135,2225,3,90,93,0.14,4.22,4.36,Solano County
1400000US06095250105,"Census Tract 2501.05, Solano County, California",6983,7194,7595,211,401,612,3.02,5.57,8.76,Solano County
1400000US06095250106,"Census Tract 2501.06, Solano County, California",3726,3692,3668,-34,-24,-58,-0.91,-0.65,-1.56,Solano County
1400000US06095250200,"Census Tract 2502, Solano County, California",4195,4320,4560,125,240,365,2.98,5.56,8.7,Solano County
1400000US06095250300,"Census Tract 2503, Solano County, California",3122,3232,3526,110,294,404,3.52,9.1,12.94,Solano County
1400000US06095250400,"Census Tract 2504, Solano County, California",2733,3393,3511,660,118,778,24.15,3.48,28.47,Solano County
1400000US06095250501,"Census Tract 2505.01, Solano County, California",2424,2375,2473,-49,98,49,-2.02,4.13,2.02,Solano County
1400000US06095250502,"Census Tract 2505.02, Solano County, California",3593,3352,3250,-241,-102,-343,-6.71,-3.04,-9.55,Solano County
1400000US06095250601,"Census Tract 2506.01, Solano County, California",5138,5256,5270,118,14,132,2.3,0.27,2.57,Solano County
1400000US06095250604,"Census Tract 2506.04, Solano County, California",4234,4425,4057,191,-368,-177,4.51,-8.32,-4.18,Solano County
1400000US06095250605,"Census Tract 2506.05, Solano County, California",3762,4173,3969,411,-204,207,10.93,-4.89,5.5,Solano County
1400000US06095250701,"Census Tract 2507.01, Solano County, California",3667,3651,3579,-16,-72,-88,-0.44,-1.97,-2.4,Solano County
1400000US06095250801,"Census Tract 2508.01, Solano County, California",4164,4395,4232,231,-163,68,5.55,-3.71,1.63,Solano County
1400000US06095250900,"Census Tract 2509, Solano County, California",2787,2610,2911,-177,301,124,-6.35,11.53,4.45,Solano County
1400000US06095251000,"Census Tract 2510, Solano County, California",2636,2588,2206,-48,-382,-430,-1.82,-14.76,-16.31,Solano County
1400000US06095251100,"Census Tract 2511, Solano County, California",3150,3176,3015,26,-161,-135,0.83,-5.07,-4.29,Solano County
1400000US06095251200,"Census Tract 2512, Solano County, California",3713,3373,3266,-340,-107,-447,-9.16,-3.17,-12.04,Solano County
1400000US06095251300,"Census Tract 2513, Solano County, California",3115,3271,3185,156,-86,70,5.01,-2.63,2.25,Solano County
1400000US06095251400,"Census Tract 2514, Solano County, California",5686,5956,5952,270,-4,266,4.75,-0.07,4.68,Solano County
1400000US06095251500,"Census Tract 2515, Solano County, California",3973,3788,3592,-185,-196,-381,-4.66,-5.17,-9.59,Solano County
1400000US06095251600,"Census Tract 2516, Solano County, California",2482,2309,2604,-173,295,122,-6.97,12.78,4.92,Solano County
1400000US06095251701,"Census Tract 2517.01, Solano County, California",3002,3416,3449,414,33,447,13.79,0.97,14.89,Solano County
1400000US06095251702,"Census Tract 2517.02, Solano County, California",2579,2799,2803,220,4,224,8.53,0.14,8.69,Solano County
1400000US06095251802,"Census Tract 2518.02, Solano County, California",2965,2932,3174,-33,242,209,-1.11,8.25,7.05,Solano County
1400000US06095251803,"Census Tract 2518.03, Solano County, California",4799,4987,4774,188,-213,-25,3.92,-4.27,-0.52,Solano County
1400000US06095251804,"Census Tract 2518.04, Solano County, California",2969,3413,3313,444,-100,344,14.95,-2.93,11.59,Solano County
1400000US06095251901,"Census Tract 2519.01, Solano County, California",5200,5682,5762,482,80,562,9.27,1.41,10.81,Solano County
1400000US06095251902,"Census Tract 2519.02, Solano County, California",5687,5862,5481,175,-381,-206,3.08,-6.5,-3.62,Solano County
1400000US06095251903,"Census Tract 2519.03, Solano County, California",5983,5933,5672,-50,-261,-311,-0.84,-4.4,-5.2,Solano County
1400000US06095252000,"Census Tract 2520, Solano County, California",5023,4465,4203,-558,-262,-820,-11.11,-5.87,-16.32,Solano County
1400000US06095252102,"Census Tract 2521.02, Solano County, California",4292,4274,4224,-18,-50,-68,-0.42,-1.17,-1.58,Solano County
1400000US06095252103,"Census Tract 2521.03, Solano County, California",6032,6094,6673,62,579,641,1.03,9.5,10.63,Solano County
1400000US06095252104,"Census Tract 2521.04, Solano County, California",5681,5716,5837,35,121,156,0.62,2.12,2.75,Solano County
1400000US06095252105,"Census Tract 2521.05, Solano County, California",3133,3231,3112,98,-119,-21,3.13,-3.68,-0.67,Solano County
1400000US06095252106,"Census Tract 2521.06, Solano County, California",4352,4292,4479,-60,187,127,-1.38,4.36,2.92,Solano County
1400000US06095252107,"Census Tract 2521.07, Solano County, California",3587,3436,3342,-151,-94,-245,-4.21,-2.74,-6.83,Solano County
1400000US06095252108,"Census Tract 2521.08, Solano County, California",3075,2967,2996,-108,29,-79,-3.51,0.98,-2.57,Solano County
1400000US06095252203,"Census Tract 2522.03, Solano County, California",3811,4005,4121,194,116,310,5.09,2.9,8.13,Solano County
1400000US06095252204,"Census Tract 2522.04, Solano County, California",5220,5216,5524,-4,308,304,-0.08,5.9,5.82,Solano County
1400000US06095252205,"Census Tract 2522.05, Solano County, California",7578,7807,8501,229,694,923,3.02,8.89,12.18,Solano County
1400000US06095252206,"Census Tract 2522.06, Solano County, California",5730,5992,5955,262,-37,225,4.57,-0.62,3.93,Solano County
1400000US06095252305,"Census Tract 2523.05, Solano County, California",5574,5719,6178,145,459,604,2.6,8.03,10.84,Solano County
1400000US06095252306,"Census Tract 2523.06, Solano County, California",2883,2787,3058,-96,271,175,-3.33,9.72,6.07,Solano County
1400000US06095252310,"Census Tract 2523.10, Solano County, California",2856,2941,3099,85,158,243,2.98,5.37,8.51,Solano County
1400000US06095252311,"Census Tract 2523.11, Solano County, California",4129,4188,4305,59,117,176,1.43,2.79,4.26,Solano County
1400000US06095252312,"Census Tract 2523.12, Solano County, California",3762,4000,3769,238,-231,7,6.33,-5.78,0.19,Solano County
1400000US06095252313,"Census Tract 2523.13, Solano County, California",5436,5042,4835,-394,-207,-601,-7.25,-4.11,-11.06,Solano County
1400000US06095252314,"Census Tract 2523.14, Solano County, California",4344,4373,4441,29,68,97,0.67,1.55,2.23,Solano County
1400000US06095252315,"Census Tract 2523.15, Solano County, California",3752,4193,3852,441,-341,100,11.75,-8.13,2.67,Solano County
1400000US06095252316,"Census Tract 2523.16, Solano County, California",3670,3761,3679,91,-82,9,2.48,-2.18,0.25,Solano County
1400000US06095252317,"Census Tract 2523.17, Solano County, California",12270,13180,13124,910,-56,854,7.42,-0.42,6.96,Solano County
1400000US06095252401,"Census Tract 2524.01, Solano County, California",4703,4576,4820,-127,244,117,-2.7,5.33,2.49,Solano County
1400000US06095252402,"Census Tract 2524.02, Solano County, California",5738,5643,5610,-95,-33,-128,-1.66,-0.58,-2.23,Solano County
1400000US06095252501,"Census Tract 2525.01, Solano County, California",2961,2998,3067,37,69,106,1.25,2.3,3.58,Solano County
1400000US06095252502,"Census Tract 2525.02, Solano County, California",1725,1768,1599,43,-169,-126,2.49,-9.56,-7.3,Solano County
1400000US06095252604,"Census Tract 2526.04, Solano County, California",3937,4106,4004,169,-102,67,4.29,-2.48,1.7,Solano County
1400000US06095252605,"Census Tract 2526.05, Solano County, California",6014,6046,5914,32,-132,-100,0.53,-2.18,-1.66,Solano County
1400000US06095252606,"Census Tract 2526.06, Solano County, California",6032,5959,6206,-73,247,174,-1.21,4.14,2.88,Solano County
1400000US06095252607,"Census Tract 2526.07, Solano County, California",3935,3818,3740,-117,-78,-195,-2.97,-2.04,-4.96,Solano County
1400000US06095252608,"Census Tract 2526.08, Solano County, California",5115,5244,4559,129,-685,-556,2.52,-13.06,-10.87,Solano County
1400000US06095252610,"Census Tract 2526.10, Solano County, California",2767,2957,2906,190,-51,139,6.87,-1.72,5.02,Solano County
1400000US06095252611,"Census Tract 2526.11, Solano County, California",3910,4232,3846,322,-386,-64,8.24,-9.12,-1.64,Solano County
1400000US06095252702,"Census Tract 2527.02, Solano County, California",7328,6788,6893,-540,105,-435,-7.37,1.55,-5.94,Solano County
1400000US06095252703,"Census Tract 2527.03, Solano County, California",4072,4183,4222,111,39,150,2.73,0.93,3.68,Solano County
1400000US06095252704,"Census Tract 2527.04, Solano County, California",5162,5454,5345,292,-109,183,5.66,-2,3.55,Solano County
1400000US06095252705,"Census Tract 2527.05, Solano County, California",5924,6056,6372,132,316,448,2.23,5.22,7.56,Solano County
1400000US06095252706,"Census Tract 2527.06, Solano County, California",3987,4110,4247,123,137,260,3.09,3.33,6.52,Solano County
1400000US06095252707,"Census Tract 2527.07, Solano County, California",5126,4875,4297,-251,-578,-829,-4.9,-11.86,-16.17,Solano County
1400000US06095252801,"Census Tract 2528.01, Solano County, California",2601,2673,2720,72,47,119,2.77,1.76,4.58,Solano County
1400000US06095252802,"Census Tract 2528.02, Solano County, California",805,694,990,-111,296,185,-13.79,42.65,22.98,Solano County
1400000US06095252903,"Census Tract 2529.03, Solano County, California",4363,4361,4508,-2,147,145,-0.05,3.37,3.32,Solano County
1400000US06095252904,"Census Tract 2529.04, Solano County, California",7898,8412,8528,514,116,630,6.51,1.38,7.98,Solano County
1400000US06095252908,"Census Tract 2529.08, Solano County, California",3941,3839,3708,-102,-131,-233,-2.59,-3.41,-5.91,Solano County
1400000US06095252909,"Census Tract 2529.09, Solano County, California",4078,4602,5112,524,510,1034,12.85,11.08,25.36,Solano County
1400000US06095252910,"Census Tract 2529.10, Solano County, California",5093,4825,4900,-268,75,-193,-5.26,1.55,-3.79,Solano County
1400000US06095252911,"Census Tract 2529.11, Solano County, California",5395,5509,5330,114,-179,-65,2.11,-3.25,-1.2,Solano County
1400000US06095252912,"Census Tract 2529.12, Solano County, California",5355,5700,5495,345,-205,140,6.44,-3.6,2.61,Solano County
1400000US06095252913,"Census Tract 2529.13, Solano County, California",4396,4428,4622,32,194,226,0.73,4.38,5.14,Solano County
1400000US06095252914,"Census Tract 2529.14, Solano County, California",6067,6197,5750,130,-447,-317,2.14,-7.21,-5.22,Solano County
1400000US06095252915,"Census Tract 2529.15, Solano County, California",6096,6438,6449,342,11,353,5.61,0.17,5.79,Solano County
1400000US06095253000,"Census Tract 2530, Solano County, California",6896,7026,5774,130,-1252,-1122,1.89,-17.82,-16.27,Solano County
1400000US06095253101,"Census Tract 2531.01, Solano County, California",4870,5058,5156,188,98,286,3.86,1.94,5.87,Solano County
1400000US06095253105,"Census Tract 2531.05, Solano County, California",6855,6772,7130,-83,358,275,-1.21,5.29,4.01,Solano County
1400000US06095253106,"Census Tract 2531.06, Solano County, California",3795,3771,3797,-24,26,2,-0.63,0.69,0.05,Solano County
1400000US06095253107,"Census Tract 2531.07, Solano County, California",5656,5659,5862,3,203,206,0.05,3.59,3.64,Solano County
1400000US06095253108,"Census Tract 2531.08, Solano County, California",4457,4025,3875,-432,-150,-582,-9.69,-3.73,-13.06,Solano County
1400000US06095253201,"Census Tract 2532.01, Solano County, California",5219,5289,5230,70,-59,11,1.34,-1.12,0.21,Solano County
1400000US06095253203,"Census Tract 2532.03, Solano County, California",3778,4062,3922,284,-140,144,7.52,-3.45,3.81,Solano County
1400000US06095253205,"Census Tract 2532.05, Solano County, California",3092,3042,3091,-50,49,-1,-1.62,1.61,-0.03,Solano County
1400000US06095253206,"Census Tract 2532.06, Solano County, California",3540,3784,3894,244,110,354,6.89,2.91,10,Solano County
1400000US06095253207,"Census Tract 2532.07, Solano County, California",2494,2628,2539,134,-89,45,5.37,-3.39,1.8,Solano County
1400000US06095253208,"Census Tract 2532.08, Solano County, California",4616,4857,4842,241,-15,226,5.22,-0.31,4.9,Solano County
1400000US06095253300,"Census Tract 2533, Solano County, California",2964,2799,2972,-165,173,8,-5.57,6.18,0.27,Solano County
1400000US06095253402,"Census Tract 2534.02, Solano County, California",8274,8036,8310,-238,274,36,-2.88,3.41,0.44,Solano County
1400000US06095253403,"Census Tract 2534.03, Solano County, California",5255,5001,5032,-254,31,-223,-4.83,0.62,-4.24,Solano County
1400000US06095253404,"Census Tract 2534.04, Solano County, California",6889,6610,6656,-279,46,-233,-4.05,0.7,-3.38,Solano County
1400000US06095253501,"Census Tract 2535.01, Solano County, California",5718,5992,5982,274,-10,264,4.79,-0.17,4.62,Solano County
1400000US06095253502,"Census Tract 2535.02, Solano County, California",4636,4796,4559,160,-237,-77,3.45,-4.94,-1.66,Solano County
1400000US06095980000,"Census Tract 9800, Solano County, California",0,0,0,0,0,0,#DIV/0!,#DIV/0!,#DIV/0!,Solano County
1400000US06097150100,"Census Tract 1501, Sonoma County, California",2560,2323,2332,-237,9,-228,-9.26,0.39,-8.91,Sonoma County
1400000US06097150203,"Census Tract 1502.03, Sonoma County, California",4866,4837,4759,-29,-78,-107,-0.6,-1.61,-2.2,Sonoma County
1400000US06097150204,"Census Tract 1502.04, Sonoma County, California",4024,3709,3742,-315,33,-282,-7.83,0.89,-7.01,Sonoma County
1400000US06097150205,"Census Tract 1502.05, Sonoma County, California",3968,4109,4350,141,241,382,3.55,5.87,9.63,Sonoma County
1400000US06097150206,"Census Tract 1502.06, Sonoma County, California",1544,1246,1184,-298,-62,-360,-19.3,-4.98,-23.32,Sonoma County
1400000US06097150303,"Census Tract 1503.03, Sonoma County, California",4205,4322,4021,117,-301,-184,2.78,-6.96,-4.38,Sonoma County
1400000US06097150304,"Census Tract 1503.04, Sonoma County, California",5641,5892,5597,251,-295,-44,4.45,-5.01,-0.78,Sonoma County
1400000US06097150305,"Census Tract 1503.05, Sonoma County, California",5858,5826,6072,-32,246,214,-0.55,4.22,3.65,Sonoma County
1400000US06097150306,"Census Tract 1503.06, Sonoma County, California",4243,3989,3902,-254,-87,-341,-5.99,-2.18,-8.04,Sonoma County
1400000US06097150501,"Census Tract 1505.01, Sonoma County, California",2962,2761,2828,-201,67,-134,-6.79,2.43,-4.52,Sonoma County
1400000US06097150502,"Census Tract 1505.02, Sonoma County, California",1372,1087,1322,-285,235,-50,-20.77,21.62,-3.64,Sonoma County
1400000US06097150601,"Census Tract 1506.01, Sonoma County, California",3943,3715,3857,-228,142,-86,-5.78,3.82,-2.18,Sonoma County
1400000US06097150602,"Census Tract 1506.02, Sonoma County, California",4934,4887,4841,-47,-46,-93,-0.95,-0.94,-1.88,Sonoma County
1400000US06097150603,"Census Tract 1506.03, Sonoma County, California",7312,7430,7048,118,-382,-264,1.61,-5.14,-3.61,Sonoma County
1400000US06097150607,"Census Tract 1506.07, Sonoma County, California",4538,4495,4562,-43,67,24,-0.95,1.49,0.53,Sonoma County
1400000US06097150609,"Census Tract 1506.09, Sonoma County, California",5421,5333,5040,-88,-293,-381,-1.62,-5.49,-7.03,Sonoma County
1400000US06097150610,"Census Tract 1506.10, Sonoma County, California",3976,3772,3819,-204,47,-157,-5.13,1.25,-3.95,Sonoma County
1400000US06097150611,"Census Tract 1506.11, Sonoma County, California",4338,4323,4522,-15,199,184,-0.35,4.6,4.24,Sonoma County
1400000US06097150612,"Census Tract 1506.12, Sonoma County, California",5090,4879,4987,-211,108,-103,-4.15,2.21,-2.02,Sonoma County
1400000US06097150701,"Census Tract 1507.01, Sonoma County, California",5053,5021,4903,-32,-118,-150,-0.63,-2.35,-2.97,Sonoma County
1400000US06097150702,"Census Tract 1507.02, Sonoma County, California",4708,4522,4593,-186,71,-115,-3.95,1.57,-2.44,Sonoma County
1400000US06097150800,"Census Tract 1508, Sonoma County, California",5101,5068,4550,-33,-518,-551,-0.65,-10.22,-10.8,Sonoma County
1400000US06097150901,"Census Tract 1509.01, Sonoma County, California",5272,5116,5130,-156,14,-142,-2.96,0.27,-2.69,Sonoma County
1400000US06097150902,"Census Tract 1509.02, Sonoma County, California",3487,3627,3668,140,41,181,4.01,1.13,5.19,Sonoma County
1400000US06097151000,"Census Tract 1510, Sonoma County, California",3773,3500,3353,-273,-147,-420,-7.24,-4.2,-11.13,Sonoma County
1400000US06097151100,"Census Tract 1511, Sonoma County, California",5578,5262,5065,-316,-197,-513,-5.67,-3.74,-9.2,Sonoma County
1400000US06097151203,"Census Tract 1512.03, Sonoma County, California",4623,4783,4753,160,-30,130,3.46,-0.63,2.81,Sonoma County
1400000US06097151204,"Census Tract 1512.04, Sonoma County, California",2758,2810,3180,52,370,422,1.89,13.17,15.3,Sonoma County
1400000US06097151205,"Census Tract 1512.05, Sonoma County, California",2596,2439,2410,-157,-29,-186,-6.05,-1.19,-7.16,Sonoma County
1400000US06097151206,"Census Tract 1512.06, Sonoma County, California",4942,5247,5403,305,156,461,6.17,2.97,9.33,Sonoma County
1400000US06097151301,"Census Tract 1513.01, Sonoma County, California",4245,4184,4176,-61,-8,-69,-1.44,-0.19,-1.63,Sonoma County
1400000US06097151305,"Census Tract 1513.05, Sonoma County, California",6560,6154,6385,-406,231,-175,-6.19,3.75,-2.67,Sonoma County
1400000US06097151306,"Census Tract 1513.06, Sonoma County, California",3724,3917,3804,193,-113,80,5.18,-2.88,2.15,Sonoma County
1400000US06097151307,"Census Tract 1513.07, Sonoma County, California",5542,5690,5254,148,-436,-288,2.67,-7.66,-5.2,Sonoma County
1400000US06097151308,"Census Tract 1513.08, Sonoma County, California",4951,5232,5055,281,-177,104,5.68,-3.38,2.1,Sonoma County
1400000US06097151309,"Census Tract 1513.09, Sonoma County, California",5345,5674,5829,329,155,484,6.16,2.73,9.06,Sonoma County
1400000US06097151310,"Census Tract 1513.10, Sonoma County, California",5567,5570,5838,3,268,271,0.05,4.81,4.87,Sonoma County
1400000US06097151311,"Census Tract 1513.11, Sonoma County, California",6422,7287,7364,865,77,942,13.47,1.06,14.67,Sonoma County
1400000US06097151403,"Census Tract 1514.03, Sonoma County, California",4853,4827,4604,-26,-223,-249,-0.54,-4.62,-5.13,Sonoma County
1400000US06097151404,"Census Tract 1514.04, Sonoma County, California",3238,2967,3190,-271,223,-48,-8.37,7.52,-1.48,Sonoma County
1400000US06097151405,"Census Tract 1514.05, Sonoma County, California",6646,7245,7271,599,26,625,9.01,0.36,9.4,Sonoma County
1400000US06097151406,"Census Tract 1514.06, Sonoma County, California",3519,3142,2963,-377,-179,-556,-10.71,-5.7,-15.8,Sonoma County
1400000US06097151503,"Census Tract 1515.03, Sonoma County, California",3000,3190,3165,190,-25,165,6.33,-0.78,5.5,Sonoma County
1400000US06097151504,"Census Tract 1515.04, Sonoma County, California",4186,4121,4178,-65,57,-8,-1.55,1.38,-0.19,Sonoma County
1400000US06097151505,"Census Tract 1515.05, Sonoma County, California",1364,1325,1305,-39,-20,-59,-2.86,-1.51,-4.33,Sonoma County
1400000US06097151506,"Census Tract 1515.06, Sonoma County, California",5929,5877,6592,-52,715,663,-0.88,12.17,11.18,Sonoma County
1400000US06097151601,"Census Tract 1516.01, Sonoma County, California",2800,2749,2697,-51,-52,-103,-1.82,-1.89,-3.68,Sonoma County
1400000US06097151602,"Census Tract 1516.02, Sonoma County, California",3149,3123,3182,-26,59,33,-0.83,1.89,1.05,Sonoma County
1400000US06097151701,"Census Tract 1517.01, Sonoma County, California",3711,3838,3667,127,-171,-44,3.42,-4.46,-1.19,Sonoma County
1400000US06097151702,"Census Tract 1517.02, Sonoma County, California",4228,4109,4181,-119,72,-47,-2.81,1.75,-1.11,Sonoma County
1400000US06097151800,"Census Tract 1518, Sonoma County, California",4752,4730,4786,-22,56,34,-0.46,1.18,0.72,Sonoma County
1400000US06097151900,"Census Tract 1519, Sonoma County, California",3042,3049,2881,7,-168,-161,0.23,-5.51,-5.29,Sonoma County
1400000US06097152000,"Census Tract 1520, Sonoma County, California",2145,2165,2345,20,180,200,0.93,8.31,9.32,Sonoma County
1400000US06097152100,"Census Tract 1521, Sonoma County, California",3058,3089,3057,31,-32,-1,1.01,-1.04,-0.03,Sonoma County
1400000US06097152201,"Census Tract 1522.01, Sonoma County, California",4160,4288,4315,128,27,155,3.08,0.63,3.73,Sonoma County
1400000US06097152203,"Census Tract 1522.03, Sonoma County, California",3161,3222,3362,61,140,201,1.93,4.35,6.36,Sonoma County
1400000US06097152204,"Census Tract 1522.04, Sonoma County, California",3970,4045,4166,75,121,196,1.89,2.99,4.94,Sonoma County
1400000US06097152205,"Census Tract 1522.05, Sonoma County, California",2031,2092,2168,61,76,137,3,3.63,6.75,Sonoma County
1400000US06097152300,"Census Tract 1523, Sonoma County, California",4208,4155,4104,-53,-51,-104,-1.26,-1.23,-2.47,Sonoma County
1400000US06097152401,"Census Tract 1524.01, Sonoma County, California",4547,4848,4417,301,-431,-130,6.62,-8.89,-2.86,Sonoma County
1400000US06097152402,"Census Tract 1524.02, Sonoma County, California",3010,3012,2850,2,-162,-160,0.07,-5.38,-5.32,Sonoma County
1400000US06097152501,"Census Tract 1525.01, Sonoma County, California",3969,4044,4047,75,3,78,1.89,0.07,1.97,Sonoma County
1400000US06097152502,"Census Tract 1525.02, Sonoma County, California",4151,4146,3945,-5,-201,-206,-0.12,-4.85,-4.96,Sonoma County
1400000US06097152601,"Census Tract 1526.01, Sonoma County, California",6876,6966,6688,90,-278,-188,1.31,-3.99,-2.73,Sonoma County
1400000US06097152602,"Census Tract 1526.02, Sonoma County, California",1179,1161,1082,-18,-79,-97,-1.53,-6.8,-8.23,Sonoma County
1400000US06097152701,"Census Tract 1527.01, Sonoma County, California",4895,4276,4387,-619,111,-508,-12.65,2.6,-10.38,Sonoma County
1400000US06097152702,"Census Tract 1527.02, Sonoma County, California",4994,4763,4401,-231,-362,-593,-4.63,-7.6,-11.87,Sonoma County
1400000US06097152801,"Census Tract 1528.01, Sonoma County, California",4617,4216,3965,-401,-251,-652,-8.69,-5.95,-14.12,Sonoma County
1400000US06097152803,"Census Tract 1528.03, Sonoma County, California",4469,4787,4785,318,-2,316,7.12,-0.04,7.07,Sonoma County
1400000US06097152804,"Census Tract 1528.04, Sonoma County, California",3177,3217,3118,40,-99,-59,1.26,-3.08,-1.86,Sonoma County
1400000US06097152903,"Census Tract 1529.03, Sonoma County, California",5046,4942,4967,-104,25,-79,-2.06,0.51,-1.57,Sonoma County
1400000US06097152904,"Census Tract 1529.04, Sonoma County, California",5533,5793,5594,260,-199,61,4.7,-3.44,1.1,Sonoma County
1400000US06097152905,"Census Tract 1529.05, Sonoma County, California",4127,4137,4138,10,1,11,0.24,0.02,0.27,Sonoma County
1400000US06097152906,"Census Tract 1529.06, Sonoma County, California",6110,6563,6235,453,-328,125,7.41,-5,2.05,Sonoma County
1400000US06097153001,"Census Tract 1530.01, Sonoma County, California",6743,6928,7215,185,287,472,2.74,4.14,7,Sonoma County
1400000US06097153002,"Census Tract 1530.02, Sonoma County, California",7055,6921,7218,-134,297,163,-1.9,4.29,2.31,Sonoma County
1400000US06097153003,"Census Tract 1530.03, Sonoma County, California",5777,5598,5449,-179,-149,-328,-3.1,-2.66,-5.68,Sonoma County
1400000US06097153005,"Census Tract 1530.05, Sonoma County, California",7111,7153,6471,42,-682,-640,0.59,-9.53,-9,Sonoma County
1400000US06097153006,"Census Tract 1530.06, Sonoma County, California",8052,7978,7652,-74,-326,-400,-0.92,-4.09,-4.97,Sonoma County
1400000US06097153102,"Census Tract 1531.02, Sonoma County, California",6068,6109,6000,41,-109,-68,0.68,-1.78,-1.12,Sonoma County
1400000US06097153103,"Census Tract 1531.03, Sonoma County, California",4476,4489,4834,13,345,358,0.29,7.69,8,Sonoma County
1400000US06097153104,"Census Tract 1531.04, Sonoma County, California",3666,3687,3888,21,201,222,0.57,5.45,6.06,Sonoma County
1400000US06097153201,"Census Tract 1532.01, Sonoma County, California",4201,4115,4195,-86,80,-6,-2.05,1.94,-0.14,Sonoma County
1400000US06097153202,"Census Tract 1532.02, Sonoma County, California",4649,3414,3299,-1235,-115,-1350,-26.56,-3.37,-29.04,Sonoma County
1400000US06097153301,"Census Tract 1533.01, Sonoma County, California",6834,6290,6584,-544,294,-250,-7.96,4.67,-3.66,Sonoma County
1400000US06097153302,"Census Tract 1533.02, Sonoma County, California",6029,5690,5594,-339,-96,-435,-5.62,-1.69,-7.22,Sonoma County
1400000US06097153403,"Census Tract 1534.03, Sonoma County, California",3885,3796,3689,-89,-107,-196,-2.29,-2.82,-5.05,Sonoma County
1400000US06097153404,"Census Tract 1534.04, Sonoma County, California",3729,3671,3557,-58,-114,-172,-1.56,-3.11,-4.61,Sonoma County
1400000US06097153405,"Census Tract 1534.05, Sonoma County, California",3820,3803,3704,-17,-99,-116,-0.45,-2.6,-3.04,Sonoma County
1400000US06097153406,"Census Tract 1534.06, Sonoma County, California",2701,2518,2388,-183,-130,-313,-6.78,-5.16,-11.59,Sonoma County
1400000US06097153501,"Census Tract 1535.01, Sonoma County, California",4633,4860,4410,227,-450,-223,4.9,-9.26,-4.81,Sonoma County
1400000US06097153502,"Census Tract 1535.02, Sonoma County, California",3914,3984,3804,70,-180,-110,1.79,-4.52,-2.81,Sonoma County
1400000US06097153601,"Census Tract 1536.01, Sonoma County, California",1899,1875,1720,-24,-155,-179,-1.26,-8.27,-9.43,Sonoma County
1400000US06097153602,"Census Tract 1536.02, Sonoma County, California",3649,3886,3824,237,-62,175,6.49,-1.6,4.8,Sonoma County
1400000US06097153705,"Census Tract 1537.05, Sonoma County, California",3747,3739,3424,-8,-315,-323,-0.21,-8.42,-8.62,Sonoma County
1400000US06097153707,"Census Tract 1537.07, Sonoma County, California",1642,1765,1558,123,-207,-84,7.49,-11.73,-5.12,Sonoma County
1400000US06097153708,"Census Tract 1537.08, Sonoma County, California",1943,1560,1521,-383,-39,-422,-19.71,-2.5,-21.72,Sonoma County
1400000US06097153709,"Census Tract 1537.09, Sonoma County, California",1566,1585,1576,19,-9,10,1.21,-0.57,0.64,Sonoma County
1400000US06097153710,"Census Tract 1537.10, Sonoma County, California",2306,2316,2400,10,84,94,0.43,3.63,4.08,Sonoma County
1400000US06097153711,"Census Tract 1537.11, Sonoma County, California",2883,3005,2819,122,-186,-64,4.23,-6.19,-2.22,Sonoma County
1400000US06097153712,"Census Tract 1537.12, Sonoma County, California",2093,2094,2019,1,-75,-74,0.05,-3.58,-3.54,Sonoma County
1400000US06097153804,"Census Tract 1538.04, Sonoma County, California",3819,3786,3662,-33,-124,-157,-0.86,-3.28,-4.11,Sonoma County
1400000US06097153806,"Census Tract 1538.06, Sonoma County, California",2923,2753,2608,-170,-145,-315,-5.82,-5.27,-10.78,Sonoma County
1400000US06097153807,"Census Tract 1538.07, Sonoma County, California",3941,3925,3919,-16,-6,-22,-0.41,-0.15,-0.56,Sonoma County
1400000US06097153808,"Census Tract 1538.08, Sonoma County, California",4407,3703,3572,-704,-131,-835,-15.97,-3.54,-18.95,Sonoma County
1400000US06097153809,"Census Tract 1538.09, Sonoma County, California",4758,4534,4819,-224,285,61,-4.71,6.29,1.28,Sonoma County
1400000US06097153810,"Census Tract 1538.10, Sonoma County, California",3750,3934,3911,184,-23,161,4.91,-0.58,4.29,Sonoma County
1400000US06097153811,"Census Tract 1538.11, Sonoma County, California",5571,5544,5487,-27,-57,-84,-0.48,-1.03,-1.51,Sonoma County
1400000US06097153902,"Census Tract 1539.02, Sonoma County, California",4580,4343,4486,-237,143,-94,-5.17,3.29,-2.05,Sonoma County
1400000US06097153903,"Census Tract 1539.03, Sonoma County, California",3885,3873,3933,-12,60,48,-0.31,1.55,1.24,Sonoma County
1400000US06097153904,"Census Tract 1539.04, Sonoma County, California",1793,1731,1776,-62,45,-17,-3.46,2.6,-0.95,Sonoma County
1400000US06097153905,"Census Tract 1539.05, Sonoma County, California",3596,3461,3410,-135,-51,-186,-3.75,-1.47,-5.17,Sonoma County
1400000US06097154000,"Census Tract 1540, Sonoma County, California",2443,2327,2294,-116,-33,-149,-4.75,-1.42,-6.1,Sonoma County
1400000US06097154100,"Census Tract 1541, Sonoma County, California",3686,3771,3717,85,-54,31,2.31,-1.43,0.84,Sonoma County
1400000US06097154201,"Census Tract 1542.01, Sonoma County, California",3787,3751,3656,-36,-95,-131,-0.95,-2.53,-3.46,Sonoma County
1400000US06097154202,"Census Tract 1542.02, Sonoma County, California",6255,6422,6544,167,122,289,2.67,1.9,4.62,Sonoma County
1400000US06097154304,"Census Tract 1543.04, Sonoma County, California",2327,2109,2010,-218,-99,-317,-9.37,-4.69,-13.62,Sonoma County
1400000US06097154305,"Census Tract 1543.05, Sonoma County, California",2259,2237,2173,-22,-64,-86,-0.97,-2.86,-3.81,Sonoma County
1400000US06097154306,"Census Tract 1543.06, Sonoma County, California",1562,1684,1633,122,-51,71,7.81,-3.03,4.55,Sonoma County
1400000US06097154307,"Census Tract 1543.07, Sonoma County, California",684,749,783,65,34,99,9.5,4.54,14.47,Sonoma County
1400000US06097154308,"Census Tract 1543.08, Sonoma County, California",812,775,935,-37,160,123,-4.56,20.65,15.15,Sonoma County
1400000US06097990100,"Census Tract 9901, Sonoma County, California",0,0,0,0,0,0,#DIV/0!,#DIV/0!,#DIV/0!,Sonoma County
1400000US06099000101,"Census Tract 1.01, Stanislaus County, California",5468,5362,5791,-106,429,323,-1.94,8,5.91,Stanislaus County
1400000US06099000102,"Census Tract 1.02, Stanislaus County, California",3778,3590,3403,-188,-187,-375,-4.98,-5.21,-9.93,Stanislaus County
1400000US06099000201,"Census Tract 2.01, Stanislaus County, California",5916,6167,6513,251,346,597,4.24,5.61,10.09,Stanislaus County
1400000US06099000202,"Census Tract 2.02, Stanislaus County, California",7188,7359,7378,171,19,190,2.38,0.26,2.64,Stanislaus County
1400000US06099000204,"Census Tract 2.04, Stanislaus County, California",5527,5372,5283,-155,-89,-244,-2.8,-1.66,-4.41,Stanislaus County
1400000US06099000205,"Census Tract 2.05, Stanislaus County, California",4954,4733,4340,-221,-393,-614,-4.46,-8.3,-12.39,Stanislaus County
1400000US06099000301,"Census Tract 3.01, Stanislaus County, California",1939,1919,1918,-20,-1,-21,-1.03,-0.05,-1.08,Stanislaus County
1400000US06099000302,"Census Tract 3.02, Stanislaus County, California",2319,2323,2466,4,143,147,0.17,6.16,6.34,Stanislaus County
1400000US06099000303,"Census Tract 3.03, Stanislaus County, California",6007,5907,5880,-100,-27,-127,-1.66,-0.46,-2.11,Stanislaus County
1400000US06099000304,"Census Tract 3.04, Stanislaus County, California",5515,5692,5676,177,-16,161,3.21,-0.28,2.92,Stanislaus County
1400000US06099000403,"Census Tract 4.03, Stanislaus County, California",4391,4476,4898,85,422,507,1.94,9.43,11.55,Stanislaus County
1400000US06099000404,"Census Tract 4.04, Stanislaus County, California",6296,6240,6132,-56,-108,-164,-0.89,-1.73,-2.6,Stanislaus County
1400000US06099000405,"Census Tract 4.05, Stanislaus County, California",2038,2285,2634,247,349,596,12.12,15.27,29.24,Stanislaus County
1400000US06099000406,"Census Tract 4.06, Stanislaus County, California",5752,5615,5614,-137,-1,-138,-2.38,-0.02,-2.4,Stanislaus County
1400000US06099000407,"Census Tract 4.07, Stanislaus County, California",3811,3725,3794,-86,69,-17,-2.26,1.85,-0.45,Stanislaus County
1400000US06099000501,"Census Tract 5.01, Stanislaus County, California",7992,7385,7240,-607,-145,-752,-7.6,-1.96,-9.41,Stanislaus County
1400000US06099000503,"Census Tract 5.03, Stanislaus County, California",4491,4726,4586,235,-140,95,5.23,-2.96,2.12,Stanislaus County
1400000US06099000505,"Census Tract 5.05, Stanislaus County, California",5735,5799,5576,64,-223,-159,1.12,-3.85,-2.77,Stanislaus County
1400000US06099000506,"Census Tract 5.06, Stanislaus County, California",4034,4326,4492,292,166,458,7.24,3.84,11.35,Stanislaus County
1400000US06099000511,"Census Tract 5.11, Stanislaus County, California",5823,5779,5849,-44,70,26,-0.76,1.21,0.45,Stanislaus County
1400000US06099000512,"Census Tract 5.12, Stanislaus County, California",3359,3267,3407,-92,140,48,-2.74,4.29,1.43,Stanislaus County
1400000US06099000513,"Census Tract 5.13, Stanislaus County, California",4142,4068,4150,-74,82,8,-1.79,2.02,0.19,Stanislaus County
1400000US06099000514,"Census Tract 5.14, Stanislaus County, California",5138,5354,5169,216,-185,31,4.2,-3.46,0.6,Stanislaus County
1400000US06099000601,"Census Tract 6.01, Stanislaus County, California",4520,4367,4522,-153,155,2,-3.38,3.55,0.04,Stanislaus County
1400000US06099000602,"Census Tract 6.02, Stanislaus County, California",3149,3164,3090,15,-74,-59,0.48,-2.34,-1.87,Stanislaus County
1400000US06099000801,"Census Tract 8.01, Stanislaus County, California",6659,6915,6726,256,-189,67,3.84,-2.73,1.01,Stanislaus County
1400000US06099000803,"Census Tract 8.03, Stanislaus County, California",5518,5265,5113,-253,-152,-405,-4.58,-2.89,-7.34,Stanislaus County
1400000US06099000805,"Census Tract 8.05, Stanislaus County, California",5667,6023,6270,356,247,603,6.28,4.1,10.64,Stanislaus County
1400000US06099000806,"Census Tract 8.06, Stanislaus County, California",4612,4631,4406,19,-225,-206,0.41,-4.86,-4.47,Stanislaus County
1400000US06099000807,"Census Tract 8.07, Stanislaus County, California",3512,3644,3745,132,101,233,3.76,2.77,6.63,Stanislaus County
1400000US06099000905,"Census Tract 9.05, Stanislaus County, California",6534,6969,6823,435,-146,289,6.66,-2.09,4.42,Stanislaus County
1400000US06099000906,"Census Tract 9.06, Stanislaus County, California",6736,6588,6756,-148,168,20,-2.2,2.55,0.3,Stanislaus County
1400000US06099000907,"Census Tract 9.07, Stanislaus County, California",4144,3895,3838,-249,-57,-306,-6.01,-1.46,-7.38,Stanislaus County
1400000US06099000908,"Census Tract 9.08, Stanislaus County, California",5362,5462,5539,100,77,177,1.86,1.41,3.3,Stanislaus County
1400000US06099000909,"Census Tract 9.09, Stanislaus County, California",5154,4860,4618,-294,-242,-536,-5.7,-4.98,-10.4,Stanislaus County
1400000US06099000910,"Census Tract 9.10, Stanislaus County, California",7827,7424,7380,-403,-44,-447,-5.15,-0.59,-5.71,Stanislaus County
1400000US06099000911,"Census Tract 9.11, Stanislaus County, California",4773,4954,5101,181,147,328,3.79,2.97,6.87,Stanislaus County
1400000US06099000913,"Census Tract 9.13, Stanislaus County, California",6144,6118,6648,-26,530,504,-0.42,8.66,8.2,Stanislaus County
1400000US06099000914,"Census Tract 9.14, Stanislaus County, California",5233,5208,5305,-25,97,72,-0.48,1.86,1.38,Stanislaus County
1400000US06099000915,"Census Tract 9.15, Stanislaus County, California",4088,3928,4112,-160,184,24,-3.91,4.68,0.59,Stanislaus County
1400000US06099001001,"Census Tract 10.01, Stanislaus County, California",5987,6616,6219,629,-397,232,10.51,-6,3.88,Stanislaus County
1400000US06099001002,"Census Tract 10.02, Stanislaus County, California",3278,3336,3305,58,-31,27,1.77,-0.93,0.82,Stanislaus County
1400000US06099001100,"Census Tract 11, Stanislaus County, California",4221,4577,4728,356,151,507,8.43,3.3,12.01,Stanislaus County
1400000US06099001200,"Census Tract 12, Stanislaus County, California",3610,3752,3837,142,85,227,3.93,2.27,6.29,Stanislaus County
1400000US06099001300,"Census Tract 13, Stanislaus County, California",5738,5917,6094,179,177,356,3.12,2.99,6.2,Stanislaus County
1400000US06099001400,"Census Tract 14, Stanislaus County, California",6516,7115,7653,599,538,1137,9.19,7.56,17.45,Stanislaus County
1400000US06099001500,"Census Tract 15, Stanislaus County, California",7106,7140,7079,34,-61,-27,0.48,-0.85,-0.38,Stanislaus County
1400000US06099001601,"Census Tract 16.01, Stanislaus County, California",4641,4700,4678,59,-22,37,1.27,-0.47,0.8,Stanislaus County
1400000US06099001603,"Census Tract 16.03, Stanislaus County, California",6407,6279,6157,-128,-122,-250,-2,-1.94,-3.9,Stanislaus County
1400000US06099001604,"Census Tract 16.04, Stanislaus County, California",4029,3899,3656,-130,-243,-373,-3.23,-6.23,-9.26,Stanislaus County
1400000US06099001700,"Census Tract 17, Stanislaus County, California",2926,2866,2868,-60,2,-58,-2.05,0.07,-1.98,Stanislaus County
1400000US06099001800,"Census Tract 18, Stanislaus County, California",2369,2281,2308,-88,27,-61,-3.71,1.18,-2.57,Stanislaus County
1400000US06099001900,"Census Tract 19, Stanislaus County, California",4589,4833,4804,244,-29,215,5.32,-0.6,4.69,Stanislaus County
1400000US06099002002,"Census Tract 20.02, Stanislaus County, California",3897,4135,4385,238,250,488,6.11,6.05,12.52,Stanislaus County
1400000US06099002004,"Census Tract 20.04, Stanislaus County, California",6882,6905,6781,23,-124,-101,0.33,-1.8,-1.47,Stanislaus County
1400000US06099002005,"Census Tract 20.05, Stanislaus County, California",3919,4147,3916,228,-231,-3,5.82,-5.57,-0.08,Stanislaus County
1400000US06099002006,"Census Tract 20.06, Stanislaus County, California",5287,5627,5724,340,97,437,6.43,1.72,8.27,Stanislaus County
1400000US06099002100,"Census Tract 21, Stanislaus County, California",3036,3097,3427,61,330,391,2.01,10.66,12.88,Stanislaus County
1400000US06099002200,"Census Tract 22, Stanislaus County, California",5928,5866,5403,-62,-463,-525,-1.05,-7.89,-8.86,Stanislaus County
1400000US06099002302,"Census Tract 23.02, Stanislaus County, California",3763,4068,3941,305,-127,178,8.11,-3.12,4.73,Stanislaus County
1400000US06099002303,"Census Tract 23.03, Stanislaus County, California",5940,5887,5792,-53,-95,-148,-0.89,-1.61,-2.49,Stanislaus County
1400000US06099002304,"Census Tract 23.04, Stanislaus County, California",3020,3261,3217,241,-44,197,7.98,-1.35,6.52,Stanislaus County
1400000US06099002401,"Census Tract 24.01, Stanislaus County, California",4084,4192,4106,108,-86,22,2.64,-2.05,0.54,Stanislaus County
1400000US06099002402,"Census Tract 24.02, Stanislaus County, California",5348,5267,5318,-81,51,-30,-1.51,0.97,-0.56,Stanislaus County
1400000US06099002503,"Census Tract 25.03, Stanislaus County, California",4523,4243,4158,-280,-85,-365,-6.19,-2,-8.07,Stanislaus County
1400000US06099002504,"Census Tract 25.04, Stanislaus County, California",4730,4802,4785,72,-17,55,1.52,-0.35,1.16,Stanislaus County
1400000US06099002505,"Census Tract 25.05, Stanislaus County, California",4917,5158,4956,241,-202,39,4.9,-3.92,0.79,Stanislaus County
1400000US06099002506,"Census Tract 25.06, Stanislaus County, California",2618,2275,2138,-343,-137,-480,-13.1,-6.02,-18.33,Stanislaus County
1400000US06099002602,"Census Tract 26.02, Stanislaus County, California",5134,5082,4869,-52,-213,-265,-1.01,-4.19,-5.16,Stanislaus County
1400000US06099002603,"Census Tract 26.03, Stanislaus County, California",3762,3626,3705,-136,79,-57,-3.62,2.18,-1.52,Stanislaus County
1400000US06099002604,"Census Tract 26.04, Stanislaus County, California",4857,5161,5237,304,76,380,6.26,1.47,7.82,Stanislaus County
1400000US06099002605,"Census Tract 26.05, Stanislaus County, California",4307,4436,4520,129,84,213,3,1.89,4.95,Stanislaus County
1400000US06099002701,"Census Tract 27.01, Stanislaus County, California",3983,4110,4187,127,77,204,3.19,1.87,5.12,Stanislaus County
1400000US06099002702,"Census Tract 27.02, Stanislaus County, California",6287,6622,6483,335,-139,196,5.33,-2.1,3.12,Stanislaus County
1400000US06099002801,"Census Tract 28.01, Stanislaus County, California",6125,5881,5851,-244,-30,-274,-3.98,-0.51,-4.47,Stanislaus County
1400000US06099002802,"Census Tract 28.02, Stanislaus County, California",7049,7032,7421,-17,389,372,-0.24,5.53,5.28,Stanislaus County
1400000US06099002803,"Census Tract 28.03, Stanislaus County, California",3051,3079,3001,28,-78,-50,0.92,-2.53,-1.64,Stanislaus County
1400000US06099002901,"Census Tract 29.01, Stanislaus County, California",5125,5112,5103,-13,-9,-22,-0.25,-0.18,-0.43,Stanislaus County
1400000US06099002903,"Census Tract 29.03, Stanislaus County, California",6534,6555,6601,21,46,67,0.32,0.7,1.03,Stanislaus County
1400000US06099002904,"Census Tract 29.04, Stanislaus County, California",2297,2053,2396,-244,343,99,-10.62,16.71,4.31,Stanislaus County
1400000US06099003002,"Census Tract 30.02, Stanislaus County, California",7281,7289,7586,8,297,305,0.11,4.07,4.19,Stanislaus County
1400000US06099003003,"Census Tract 30.03, Stanislaus County, California",7379,7533,7436,154,-97,57,2.09,-1.29,0.77,Stanislaus County
1400000US06099003004,"Census Tract 30.04, Stanislaus County, California",3343,3473,3550,130,77,207,3.89,2.22,6.19,Stanislaus County
1400000US06099003100,"Census Tract 31, Stanislaus County, California",4178,3868,3753,-310,-115,-425,-7.42,-2.97,-10.17,Stanislaus County
1400000US06099003201,"Census Tract 32.01, Stanislaus County, California",4853,5287,5502,434,215,649,8.94,4.07,13.37,Stanislaus County
1400000US06099003203,"Census Tract 32.03, Stanislaus County, California",4737,4819,4869,82,50,132,1.73,1.04,2.79,Stanislaus County
1400000US06099003204,"Census Tract 32.04, Stanislaus County, California",2685,2522,2273,-163,-249,-412,-6.07,-9.87,-15.34,Stanislaus County
1400000US06099003205,"Census Tract 32.05, Stanislaus County, California",5265,5645,5870,380,225,605,7.22,3.99,11.49,Stanislaus County
1400000US06099003206,"Census Tract 32.06, Stanislaus County, California",5186,5727,5741,541,14,555,10.43,0.24,10.7,Stanislaus County
1400000US06099003300,"Census Tract 33, Stanislaus County, California",6353,6679,6762,326,83,409,5.13,1.24,6.44,Stanislaus County
1400000US06099003400,"Census Tract 34, Stanislaus County, California",1590,1486,1408,-104,-78,-182,-6.54,-5.25,-11.45,Stanislaus County
1400000US06099003501,"Census Tract 35.01, Stanislaus County, California",6101,6405,7058,304,653,957,4.98,10.2,15.69,Stanislaus County
1400000US06099003502,"Census Tract 35.02, Stanislaus County, California",5979,5892,5593,-87,-299,-386,-1.46,-5.07,-6.46,Stanislaus County
1400000US06099003603,"Census Tract 36.03, Stanislaus County, California",3867,3994,3978,127,-16,111,3.28,-0.4,2.87,Stanislaus County
1400000US06099003607,"Census Tract 36.07, Stanislaus County, California",3193,2882,2709,-311,-173,-484,-9.74,-6,-15.16,Stanislaus County
1400000US06099003608,"Census Tract 36.08, Stanislaus County, California",5846,5980,6194,134,214,348,2.29,3.58,5.95,Stanislaus County
1400000US06099003609,"Census Tract 36.09, Stanislaus County, California",2870,2827,3255,-43,428,385,-1.5,15.14,13.41,Stanislaus County
1400000US06099003610,"Census Tract 36.10, Stanislaus County, California",4966,5131,5291,165,160,325,3.32,3.12,6.54,Stanislaus County
1400000US06099003611,"Census Tract 36.11, Stanislaus County, California",4261,4614,4371,353,-243,110,8.28,-5.27,2.58,Stanislaus County
1400000US06099003612,"Census Tract 36.12, Stanislaus County, California",8757,8088,7887,-669,-201,-870,-7.64,-2.49,-9.93,Stanislaus County
1400000US06099003700,"Census Tract 37, Stanislaus County, California",4819,5162,5063,343,-99,244,7.12,-1.92,5.06,Stanislaus County
1400000US06099003802,"Census Tract 38.02, Stanislaus County, California",5443,5375,5284,-68,-91,-159,-1.25,-1.69,-2.92,Stanislaus County
1400000US06099003803,"Census Tract 38.03, Stanislaus County, California",3251,3183,3142,-68,-41,-109,-2.09,-1.29,-3.35,Stanislaus County
1400000US06099003804,"Census Tract 38.04, Stanislaus County, California",7230,7289,7046,59,-243,-184,0.82,-3.33,-2.54,Stanislaus County
1400000US06099003805,"Census Tract 38.05, Stanislaus County, California",3403,3494,3472,91,-22,69,2.67,-0.63,2.03,Stanislaus County
1400000US06099003904,"Census Tract 39.04, Stanislaus County, California",4675,4536,4375,-139,-161,-300,-2.97,-3.55,-6.42,Stanislaus County
1400000US06099003905,"Census Tract 39.05, Stanislaus County, California",4369,4391,4293,22,-98,-76,0.5,-2.23,-1.74,Stanislaus County
1400000US06099003906,"Census Tract 39.06, Stanislaus County, California",5285,5390,5313,105,-77,28,1.99,-1.43,0.53,Stanislaus County
1400000US06099003907,"Census Tract 39.07, Stanislaus County, California",7491,7417,7343,-74,-74,-148,-0.99,-1,-1.98,Stanislaus County
1400000US06099003908,"Census Tract 39.08, Stanislaus County, California",2836,2827,2889,-9,62,53,-0.32,2.19,1.87,Stanislaus County
1400000US06099003909,"Census Tract 39.09, Stanislaus County, California",5578,5571,5586,-7,15,8,-0.13,0.27,0.14,Stanislaus County
1400000US06099004000,"Census Tract 40, Stanislaus County, California",4100,4192,4183,92,-9,83,2.24,-0.21,2.02,Stanislaus County
1400000US06101050101,"Census Tract 501.01, Sutter County, California",6971,7668,7878,697,210,907,10,2.74,13.01,Sutter County
1400000US06101050102,"Census Tract 501.02, Sutter County, California",4651,4898,4965,247,67,314,5.31,1.37,6.75,Sutter County
1400000US06101050201,"Census Tract 502.01, Sutter County, California",3701,3933,3933,232,0,232,6.27,0,6.27,Sutter County
1400000US06101050202,"Census Tract 502.02, Sutter County, California",3536,3750,4123,214,373,587,6.05,9.95,16.6,Sutter County
1400000US06101050301,"Census Tract 503.01, Sutter County, California",2457,2581,2538,124,-43,81,5.05,-1.67,3.3,Sutter County
1400000US06101050302,"Census Tract 503.02, Sutter County, California",5594,5883,5890,289,7,296,5.17,0.12,5.29,Sutter County
1400000US06101050401,"Census Tract 504.01, Sutter County, California",4353,4733,4763,380,30,410,8.73,0.63,9.42,Sutter County
1400000US06101050402,"Census Tract 504.02, Sutter County, California",4551,4771,4919,220,148,368,4.83,3.1,8.09,Sutter County
1400000US06101050403,"Census Tract 504.03, Sutter County, California",3156,3375,3443,219,68,287,6.94,2.01,9.09,Sutter County
1400000US06101050501,"Census Tract 505.01, Sutter County, California",6708,6696,6362,-12,-334,-346,-0.18,-4.99,-5.16,Sutter County
1400000US06101050503,"Census Tract 505.03, Sutter County, California",6803,7061,6791,258,-270,-12,3.79,-3.82,-0.18,Sutter County
1400000US06101050504,"Census Tract 505.04, Sutter County, California",8150,8008,7887,-142,-121,-263,-1.74,-1.51,-3.23,Sutter County
1400000US06101050601,"Census Tract 506.01, Sutter County, California",5978,6011,5852,33,-159,-126,0.55,-2.65,-2.11,Sutter County
1400000US06101050603,"Census Tract 506.03, Sutter County, California",4796,4898,5157,102,259,361,2.13,5.29,7.53,Sutter County
1400000US06101050604,"Census Tract 506.04, Sutter County, California",4460,4528,4378,68,-150,-82,1.52,-3.31,-1.84,Sutter County
1400000US06101050701,"Census Tract 507.01, Sutter County, California",4608,4768,4748,160,-20,140,3.47,-0.42,3.04,Sutter County
1400000US06101050702,"Census Tract 507.02, Sutter County, California",6420,6396,6395,-24,-1,-25,-0.37,-0.02,-0.39,Sutter County
1400000US06101050800,"Census Tract 508, Sutter County, California",3174,3177,3189,3,12,15,0.09,0.38,0.47,Sutter County
1400000US06101050900,"Census Tract 509, Sutter County, California",1362,1349,1259,-13,-90,-103,-0.95,-6.67,-7.56,Sutter County
1400000US06101051000,"Census Tract 510, Sutter County, California",2565,2203,2274,-362,71,-291,-14.11,3.22,-11.35,Sutter County
1400000US06101051100,"Census Tract 511, Sutter County, California",2321,2393,2357,72,-36,36,3.1,-1.5,1.55,Sutter County
1400000US06103000100,"Census Tract 1, Tehama County, California",5095,5086,5036,-9,-50,-59,-0.18,-0.98,-1.16,Tehama County
1400000US06103000201,"Census Tract 2.01, Tehama County, California",3731,4299,4196,568,-103,465,15.22,-2.4,12.46,Tehama County
1400000US06103000202,"Census Tract 2.02, Tehama County, California",3445,3409,3450,-36,41,5,-1.04,1.2,0.15,Tehama County
1400000US06103000300,"Census Tract 3, Tehama County, California",4822,4778,4005,-44,-773,-817,-0.91,-16.18,-16.94,Tehama County
1400000US06103000400,"Census Tract 4, Tehama County, California",6525,6583,6517,58,-66,-8,0.89,-1,-0.12,Tehama County
1400000US06103000500,"Census Tract 5, Tehama County, California",5131,5023,5385,-108,362,254,-2.1,7.21,4.95,Tehama County
1400000US06103000600,"Census Tract 6, Tehama County, California",6074,6172,5920,98,-252,-154,1.61,-4.08,-2.54,Tehama County
1400000US06103000701,"Census Tract 7.01, Tehama County, California",4034,4415,4354,381,-61,320,9.44,-1.38,7.93,Tehama County
1400000US06103000702,"Census Tract 7.02, Tehama County, California",4048,3661,3628,-387,-33,-420,-9.56,-0.9,-10.38,Tehama County
1400000US06103000800,"Census Tract 8, Tehama County, California",4346,4352,4413,6,61,67,0.14,1.4,1.54,Tehama County
1400000US06103000900,"Census Tract 9, Tehama County, California",3481,3295,3487,-186,192,6,-5.34,5.83,0.17,Tehama County
1400000US06103001000,"Census Tract 10, Tehama County, California",7080,7344,7665,264,321,585,3.73,4.37,8.26,Tehama County
1400000US06103001101,"Census Tract 11.01, Tehama County, California",1872,2075,2206,203,131,334,10.84,6.31,17.84,Tehama County
1400000US06103001102,"Census Tract 11.02, Tehama County, California",4492,4853,5222,361,369,730,8.04,7.6,16.25,Tehama County
1400000US06105000101,"Census Tract 1.01, Trinity County, California",2656,3436,3877,780,441,1221,29.37,12.83,45.97,Trinity County
1400000US06105000102,"Census Tract 1.02, Trinity County, California",4047,4764,4418,717,-346,371,17.72,-7.26,9.17,Trinity County
1400000US06105000200,"Census Tract 2, Trinity County, California",1912,2632,2923,720,291,1011,37.66,11.06,52.88,Trinity County
1400000US06105000500,"Census Tract 5, Trinity County, California",3926,4986,4671,1060,-315,745,27,-6.32,18.98,Trinity County
1400000US06107000101,"Census Tract 1.01, Tulare County, California",2753,2535,2680,-218,145,-73,-7.92,5.72,-2.65,Tulare County
1400000US06107000102,"Census Tract 1.02, Tulare County, California",2376,2417,2357,41,-60,-19,1.73,-2.48,-0.8,Tulare County
1400000US06107000202,"Census Tract 2.02, Tulare County, California",2170,2579,2506,409,-73,336,18.85,-2.83,15.48,Tulare County
1400000US06107000203,"Census Tract 2.03, Tulare County, California",5010,4835,4782,-175,-53,-228,-3.49,-1.1,-4.55,Tulare County
1400000US06107000204,"Census Tract 2.04, Tulare County, California",4644,4451,4822,-193,371,178,-4.16,8.34,3.83,Tulare County
1400000US06107000302,"Census Tract 3.02, Tulare County, California",3065,2858,2839,-207,-19,-226,-6.75,-0.66,-7.37,Tulare County
1400000US06107000303,"Census Tract 3.03, Tulare County, California",3835,3913,3740,78,-173,-95,2.03,-4.42,-2.48,Tulare County
1400000US06107000304,"Census Tract 3.04, Tulare County, California",4021,3632,3457,-389,-175,-564,-9.67,-4.82,-14.03,Tulare County
1400000US06107000401,"Census Tract 4.01, Tulare County, California",6273,6416,6768,143,352,495,2.28,5.49,7.89,Tulare County
1400000US06107000402,"Census Tract 4.02, Tulare County, California",7362,7272,7897,-90,625,535,-1.22,8.59,7.27,Tulare County
1400000US06107000501,"Census Tract 5.01, Tulare County, California",6942,6960,6887,18,-73,-55,0.26,-1.05,-0.79,Tulare County
1400000US06107000502,"Census Tract 5.02, Tulare County, California",4657,4582,4285,-75,-297,-372,-1.61,-6.48,-7.99,Tulare County
1400000US06107000600,"Census Tract 6, Tulare County, California",7449,6819,6325,-630,-494,-1124,-8.46,-7.24,-15.09,Tulare County
1400000US06107000701,"Census Tract 7.01, Tulare County, California",2530,2959,2900,429,-59,370,16.96,-1.99,14.62,Tulare County
1400000US06107000702,"Census Tract 7.02, Tulare County, California",6281,5808,5720,-473,-88,-561,-7.53,-1.52,-8.93,Tulare County
1400000US06107000801,"Census Tract 8.01, Tulare County, California",4561,4347,4329,-214,-18,-232,-4.69,-0.41,-5.09,Tulare County
1400000US06107000802,"Census Tract 8.02, Tulare County, California",3329,3197,2883,-132,-314,-446,-3.97,-9.82,-13.4,Tulare County
1400000US06107000901,"Census Tract 9.01, Tulare County, California",6365,6290,6189,-75,-101,-176,-1.18,-1.61,-2.77,Tulare County
1400000US06107000902,"Census Tract 9.02, Tulare County, California",3618,3650,3824,32,174,206,0.88,4.77,5.69,Tulare County
1400000US06107001005,"Census Tract 10.05, Tulare County, California",2571,2883,2906,312,23,335,12.14,0.8,13.03,Tulare County
1400000US06107001006,"Census Tract 10.06, Tulare County, California",4689,5227,5237,538,10,548,11.47,0.19,11.69,Tulare County
1400000US06107001007,"Census Tract 10.07, Tulare County, California",5192,5432,5443,240,11,251,4.62,0.2,4.83,Tulare County
1400000US06107001008,"Census Tract 10.08, Tulare County, California",3989,4372,4383,383,11,394,9.6,0.25,9.88,Tulare County
1400000US06107001009,"Census Tract 10.09, Tulare County, California",4149,4069,4295,-80,226,146,-1.93,5.55,3.52,Tulare County
1400000US06107001010,"Census Tract 10.10, Tulare County, California",3963,4122,4159,159,37,196,4.01,0.9,4.95,Tulare County
1400000US06107001011,"Census Tract 10.11, Tulare County, California",6761,7280,7148,519,-132,387,7.68,-1.81,5.72,Tulare County
1400000US06107001012,"Census Tract 10.12, Tulare County, California",8686,9887,10105,1201,218,1419,13.83,2.2,16.34,Tulare County
1400000US06107001101,"Census Tract 11.01, Tulare County, California",2366,2390,2539,24,149,173,1.01,6.23,7.31,Tulare County
1400000US06107001102,"Census Tract 11.02, Tulare County, California",4657,4643,4310,-14,-333,-347,-0.3,-7.17,-7.45,Tulare County
1400000US06107001200,"Census Tract 12, Tulare County, California",1330,1276,1179,-54,-97,-151,-4.06,-7.6,-11.35,Tulare County
1400000US06107001303,"Census Tract 13.03, Tulare County, California",4790,4814,4879,24,65,89,0.5,1.35,1.86,Tulare County
1400000US06107001304,"Census Tract 13.04, Tulare County, California",4543,4600,4572,57,-28,29,1.25,-0.61,0.64,Tulare County
1400000US06107001305,"Census Tract 13.05, Tulare County, California",2562,2766,2931,204,165,369,7.96,5.97,14.4,Tulare County
1400000US06107001306,"Census Tract 13.06, Tulare County, California",6743,6650,6074,-93,-576,-669,-1.38,-8.66,-9.92,Tulare County
1400000US06107001400,"Census Tract 14, Tulare County, California",4691,4517,4759,-174,242,68,-3.71,5.36,1.45,Tulare County
1400000US06107001501,"Census Tract 15.01, Tulare County, California",5465,5308,5086,-157,-222,-379,-2.87,-4.18,-6.94,Tulare County
1400000US06107001502,"Census Tract 15.02, Tulare County, California",5695,5735,6026,40,291,331,0.7,5.07,5.81,Tulare County
1400000US06107001601,"Census Tract 16.01, Tulare County, California",6053,5610,5556,-443,-54,-497,-7.32,-0.96,-8.21,Tulare County
1400000US06107001602,"Census Tract 16.02, Tulare County, California",5966,5503,5521,-463,18,-445,-7.76,0.33,-7.46,Tulare County
1400000US06107001701,"Census Tract 17.01, Tulare County, California",5690,5507,5706,-183,199,16,-3.22,3.61,0.28,Tulare County
1400000US06107001703,"Census Tract 17.03, Tulare County, California",7247,7992,8534,745,542,1287,10.28,6.78,17.76,Tulare County
1400000US06107001705,"Census Tract 17.05, Tulare County, California",3137,3411,3577,274,166,440,8.73,4.87,14.03,Tulare County
1400000US06107001706,"Census Tract 17.06, Tulare County, California",4066,4659,5065,593,406,999,14.58,8.71,24.57,Tulare County
1400000US06107001800,"Census Tract 18, Tulare County, California",4640,4962,4871,322,-91,231,6.94,-1.83,4.98,Tulare County
1400000US06107001901,"Census Tract 19.01, Tulare County, California",3682,3732,3456,50,-276,-226,1.36,-7.4,-6.14,Tulare County
1400000US06107001902,"Census Tract 19.02, Tulare County, California",4117,4439,4752,322,313,635,7.82,7.05,15.42,Tulare County
1400000US06107002002,"Census Tract 20.02, Tulare County, California",4255,4829,4690,574,-139,435,13.49,-2.88,10.22,Tulare County
1400000US06107002003,"Census Tract 20.03, Tulare County, California",6232,6140,6271,-92,131,39,-1.48,2.13,0.63,Tulare County
1400000US06107002004,"Census Tract 20.04, Tulare County, California",5106,5214,5516,108,302,410,2.12,5.79,8.03,Tulare County
1400000US06107002006,"Census Tract 20.06, Tulare County, California",4452,4628,4642,176,14,190,3.95,0.3,4.27,Tulare County
1400000US06107002008,"Census Tract 20.08, Tulare County, California",2908,3083,2980,175,-103,72,6.02,-3.34,2.48,Tulare County
1400000US06107002009,"Census Tract 20.09, Tulare County, California",4649,5117,4774,468,-343,125,10.07,-6.7,2.69,Tulare County
1400000US06107002010,"Census Tract 20.10, Tulare County, California",5878,5867,6013,-11,146,135,-0.19,2.49,2.3,Tulare County
1400000US06107002011,"Census Tract 20.11, Tulare County, California",3284,3185,3023,-99,-162,-261,-3.01,-5.09,-7.95,Tulare County
1400000US06107002100,"Census Tract 21, Tulare County, California",2626,2395,2563,-231,168,-63,-8.8,7.01,-2.4,Tulare County
1400000US06107002202,"Census Tract 22.02, Tulare County, California",5447,5920,5382,473,-538,-65,8.68,-9.09,-1.19,Tulare County
1400000US06107002203,"Census Tract 22.03, Tulare County, California",4303,4454,4692,151,238,389,3.51,5.34,9.04,Tulare County
1400000US06107002204,"Census Tract 22.04, Tulare County, California",6688,7281,7271,593,-10,583,8.87,-0.14,8.72,Tulare County
1400000US06107002302,"Census Tract 23.02, Tulare County, California",4781,5064,5343,283,279,562,5.92,5.51,11.75,Tulare County
1400000US06107002303,"Census Tract 23.03, Tulare County, California",5920,6154,6078,234,-76,158,3.95,-1.23,2.67,Tulare County
1400000US06107002304,"Census Tract 23.04, Tulare County, California",1788,1834,1830,46,-4,42,2.57,-0.22,2.35,Tulare County
1400000US06107002401,"Census Tract 24.01, Tulare County, California",5012,5441,5243,429,-198,231,8.56,-3.64,4.61,Tulare County
1400000US06107002402,"Census Tract 24.02, Tulare County, California",5068,4408,4649,-660,241,-419,-13.02,5.47,-8.27,Tulare County
1400000US06107002403,"Census Tract 24.03, Tulare County, California",5881,6640,7099,759,459,1218,12.91,6.91,20.71,Tulare County
1400000US06107002500,"Census Tract 25, Tulare County, California",3647,3350,3736,-297,386,89,-8.14,11.52,2.44,Tulare County
1400000US06107002601,"Census Tract 26.01, Tulare County, California",4856,4900,4956,44,56,100,0.91,1.14,2.06,Tulare County
1400000US06107002602,"Census Tract 26.02, Tulare County, California",4865,5228,5371,363,143,506,7.46,2.74,10.4,Tulare County
1400000US06107002701,"Census Tract 27.01, Tulare County, California",1449,1386,1396,-63,10,-53,-4.35,0.72,-3.66,Tulare County
1400000US06107002702,"Census Tract 27.02, Tulare County, California",3850,3977,3928,127,-49,78,3.3,-1.23,2.03,Tulare County
1400000US06107002800,"Census Tract 28, Tulare County, California",3446,3190,3209,-256,19,-237,-7.43,0.6,-6.88,Tulare County
1400000US06107002901,"Census Tract 29.01, Tulare County, California",3671,3692,3773,21,81,102,0.57,2.19,2.78,Tulare County
1400000US06107002903,"Census Tract 29.03, Tulare County, California",5084,5416,5608,332,192,524,6.53,3.55,10.31,Tulare County
1400000US06107002904,"Census Tract 29.04, Tulare County, California",5669,5768,6028,99,260,359,1.75,4.51,6.33,Tulare County
1400000US06107003001,"Census Tract 30.01, Tulare County, California",3946,4021,4060,75,39,114,1.9,0.97,2.89,Tulare County
1400000US06107003002,"Census Tract 30.02, Tulare County, California",4103,4404,4394,301,-10,291,7.34,-0.23,7.09,Tulare County
1400000US06107003100,"Census Tract 31, Tulare County, California",3706,3539,3240,-167,-299,-466,-4.51,-8.45,-12.57,Tulare County
1400000US06107003201,"Census Tract 32.01, Tulare County, California",5082,4793,4682,-289,-111,-400,-5.69,-2.32,-7.87,Tulare County
1400000US06107003202,"Census Tract 32.02, Tulare County, California",2606,2526,2389,-80,-137,-217,-3.07,-5.42,-8.33,Tulare County
1400000US06107003301,"Census Tract 33.01, Tulare County, California",4419,4400,4192,-19,-208,-227,-0.43,-4.73,-5.14,Tulare County
1400000US06107003302,"Census Tract 33.02, Tulare County, California",3081,2627,2508,-454,-119,-573,-14.74,-4.53,-18.6,Tulare County
1400000US06107003401,"Census Tract 34.01, Tulare County, California",4237,4189,4148,-48,-41,-89,-1.13,-0.98,-2.1,Tulare County
1400000US06107003402,"Census Tract 34.02, Tulare County, California",2192,2241,2347,49,106,155,2.24,4.73,7.07,Tulare County
1400000US06107003501,"Census Tract 35.01, Tulare County, California",2521,2592,2825,71,233,304,2.82,8.99,12.06,Tulare County
1400000US06107003503,"Census Tract 35.03, Tulare County, California",6161,5978,5720,-183,-258,-441,-2.97,-4.32,-7.16,Tulare County
1400000US06107003504,"Census Tract 35.04, Tulare County, California",6361,6551,6752,190,201,391,2.99,3.07,6.15,Tulare County
1400000US06107003601,"Census Tract 36.01, Tulare County, California",7468,7846,7686,378,-160,218,5.06,-2.04,2.92,Tulare County
1400000US06107003602,"Census Tract 36.02, Tulare County, California",6772,8109,8241,1337,132,1469,19.74,1.63,21.69,Tulare County
1400000US06107003700,"Census Tract 37, Tulare County, California",5991,6103,6031,112,-72,40,1.87,-1.18,0.67,Tulare County
1400000US06107003801,"Census Tract 38.01, Tulare County, California",3315,3923,4281,608,358,966,18.34,9.13,29.14,Tulare County
1400000US06107003802,"Census Tract 38.02, Tulare County, California",3992,4325,4396,333,71,404,8.34,1.64,10.12,Tulare County
1400000US06107003902,"Census Tract 39.02, Tulare County, California",5686,6033,5925,347,-108,239,6.1,-1.79,4.2,Tulare County
1400000US06107003903,"Census Tract 39.03, Tulare County, California",3495,3671,3349,176,-322,-146,5.04,-8.77,-4.18,Tulare County
1400000US06107003904,"Census Tract 39.04, Tulare County, California",3205,3058,3313,-147,255,108,-4.59,8.34,3.37,Tulare County
1400000US06107004000,"Census Tract 40, Tulare County, California",613,573,561,-40,-12,-52,-6.53,-2.09,-8.48,Tulare County
1400000US06107004102,"Census Tract 41.02, Tulare County, California",2229,2195,2180,-34,-15,-49,-1.53,-0.68,-2.2,Tulare County
1400000US06107004103,"Census Tract 41.03, Tulare County, California",4292,4527,4674,235,147,382,5.48,3.25,8.9,Tulare County
1400000US06107004104,"Census Tract 41.04, Tulare County, California",5292,5117,5157,-175,40,-135,-3.31,0.78,-2.55,Tulare County
1400000US06107004200,"Census Tract 42, Tulare County, California",6602,6649,6533,47,-116,-69,0.71,-1.74,-1.05,Tulare County
1400000US06107004301,"Census Tract 43.01, Tulare County, California",3051,2814,2695,-237,-119,-356,-7.77,-4.23,-11.67,Tulare County
1400000US06107004302,"Census Tract 43.02, Tulare County, California",2744,2788,2621,44,-167,-123,1.6,-5.99,-4.48,Tulare County
1400000US06107004401,"Census Tract 44.01, Tulare County, California",4758,4230,4219,-528,-11,-539,-11.1,-0.26,-11.33,Tulare County
1400000US06107004402,"Census Tract 44.02, Tulare County, California",4234,3803,3577,-431,-226,-657,-10.18,-5.94,-15.52,Tulare County
1400000US06107004500,"Census Tract 45, Tulare County, California",6305,5507,6427,-798,920,122,-12.66,16.71,1.93,Tulare County
1400000US06109001100,"Census Tract 11, Tuolumne County, California",4232,4325,4264,93,-61,32,2.2,-1.41,0.76,Tuolumne County
1400000US06109001200,"Census Tract 12, Tuolumne County, California",2980,3138,3295,158,157,315,5.3,5,10.57,Tuolumne County
1400000US06109002101,"Census Tract 21.01, Tuolumne County, California",2774,2611,3187,-163,576,413,-5.88,22.06,14.89,Tuolumne County
1400000US06109002102,"Census Tract 21.02, Tuolumne County, California",1657,1696,1531,39,-165,-126,2.35,-9.73,-7.6,Tuolumne County
1400000US06109002201,"Census Tract 22.01, Tuolumne County, California",5903,5983,5700,80,-283,-203,1.36,-4.73,-3.44,Tuolumne County
1400000US06109002202,"Census Tract 22.02, Tuolumne County, California",3059,2803,2921,-256,118,-138,-8.37,4.21,-4.51,Tuolumne County
1400000US06109003101,"Census Tract 31.01, Tuolumne County, California",2202,2413,2305,211,-108,103,9.58,-4.48,4.68,Tuolumne County
1400000US06109003102,"Census Tract 31.02, Tuolumne County, California",2638,2688,2548,50,-140,-90,1.9,-5.21,-3.41,Tuolumne County
1400000US06109003103,"Census Tract 31.03, Tuolumne County, California",944,992,785,48,-207,-159,5.08,-20.87,-16.84,Tuolumne County
1400000US06109003200,"Census Tract 32, Tuolumne County, California",5471,5770,5632,299,-138,161,5.47,-2.39,2.94,Tuolumne County
1400000US06109004101,"Census Tract 41.01, Tuolumne County, California",2672,2718,2973,46,255,301,1.72,9.38,11.26,Tuolumne County
1400000US06109004102,"Census Tract 41.02, Tuolumne County, California",2672,2654,2664,-18,10,-8,-0.67,0.38,-0.3,Tuolumne County
1400000US06109004201,"Census Tract 42.01, Tuolumne County, California",1790,1920,1946,130,26,156,7.26,1.35,8.72,Tuolumne County
1400000US06109004202,"Census Tract 42.02, Tuolumne County, California",1702,2066,2285,364,219,583,21.39,10.6,34.25,Tuolumne County
1400000US06109005101,"Census Tract 51.01, Tuolumne County, California",5826,5351,5374,-475,23,-452,-8.15,0.43,-7.76,Tuolumne County
1400000US06109005102,"Census Tract 51.02, Tuolumne County, California",3161,3350,3402,189,52,241,5.98,1.55,7.62,Tuolumne County
1400000US06109005201,"Census Tract 52.01, Tuolumne County, California",2089,2276,2143,187,-133,54,8.95,-5.84,2.58,Tuolumne County
1400000US06109985202,"Census Tract 9852.02, Tuolumne County, California",2375,2489,2038,114,-451,-337,4.8,-18.12,-14.19,Tuolumne County
1400000US06111000302,"Census Tract 3.02, Ventura County, California",8086,8264,8454,178,190,368,2.2,2.3,4.55,Ventura County
1400000US06111000303,"Census Tract 3.03, Ventura County, California",5149,5403,5280,254,-123,131,4.93,-2.28,2.54,Ventura County
1400000US06111000304,"Census Tract 3.04, Ventura County, California",4419,4572,4487,153,-85,68,3.46,-1.86,1.54,Ventura County
1400000US06111000400,"Census Tract 4, Ventura County, California",6189,6305,6880,116,575,691,1.87,9.12,11.16,Ventura County
1400000US06111000500,"Census Tract 5, Ventura County, California",1887,1844,1775,-43,-69,-112,-2.28,-3.74,-5.94,Ventura County
1400000US06111000600,"Census Tract 6, Ventura County, California",5925,5949,5672,24,-277,-253,0.41,-4.66,-4.27,Ventura County
1400000US06111000701,"Census Tract 7.01, Ventura County, California",7520,7887,7287,367,-600,-233,4.88,-7.61,-3.1,Ventura County
1400000US06111000702,"Census Tract 7.02, Ventura County, California",2758,2907,2978,149,71,220,5.4,2.44,7.98,Ventura County
1400000US06111000800,"Census Tract 8, Ventura County, California",8953,9067,8861,114,-206,-92,1.27,-2.27,-1.03,Ventura County
1400000US06111000901,"Census Tract 9.01, Ventura County, California",2345,2458,2595,113,137,250,4.82,5.57,10.66,Ventura County
1400000US06111000902,"Census Tract 9.02, Ventura County, California",2590,2827,2768,237,-59,178,9.15,-2.09,6.87,Ventura County
1400000US06111000903,"Census Tract 9.03, Ventura County, California",5698,5792,5797,94,5,99,1.65,0.09,1.74,Ventura County
1400000US06111001002,"Census Tract 10.02, Ventura County, California",6710,7245,6890,535,-355,180,7.97,-4.9,2.68,Ventura County
1400000US06111001101,"Census Tract 11.01, Ventura County, California",5020,4605,4792,-415,187,-228,-8.27,4.06,-4.54,Ventura County
1400000US06111001102,"Census Tract 11.02, Ventura County, California",3598,3553,3662,-45,109,64,-1.25,3.07,1.78,Ventura County
1400000US06111001201,"Census Tract 12.01, Ventura County, California",5117,5273,5682,156,409,565,3.05,7.76,11.04,Ventura County
1400000US06111001202,"Census Tract 12.02, Ventura County, California",7259,7483,7067,224,-416,-192,3.09,-5.56,-2.64,Ventura County
1400000US06111001204,"Census Tract 12.04, Ventura County, California",2831,2782,2609,-49,-173,-222,-1.73,-6.22,-7.84,Ventura County
1400000US06111001302,"Census Tract 13.02, Ventura County, California",2925,2989,2886,64,-103,-39,2.19,-3.45,-1.33,Ventura County
1400000US06111001303,"Census Tract 13.03, Ventura County, California",4637,4831,4896,194,65,259,4.18,1.35,5.59,Ventura County
1400000US06111001304,"Census Tract 13.04, Ventura County, California",2619,2310,2560,-309,250,-59,-11.8,10.82,-2.25,Ventura County
1400000US06111001401,"Census Tract 14.01, Ventura County, California",4045,4319,4090,274,-229,45,6.77,-5.3,1.11,Ventura County
1400000US06111001402,"Census Tract 14.02, Ventura County, California",5717,5987,5913,270,-74,196,4.72,-1.24,3.43,Ventura County
1400000US06111001506,"Census Tract 15.06, Ventura County, California",5169,5215,5018,46,-197,-151,0.89,-3.78,-2.92,Ventura County
1400000US06111001507,"Census Tract 15.07, Ventura County, California",4082,4232,4659,150,427,577,3.67,10.09,14.14,Ventura County
1400000US06111001508,"Census Tract 15.08, Ventura County, California",5042,5437,4950,395,-487,-92,7.83,-8.96,-1.82,Ventura County
1400000US06111001509,"Census Tract 15.09, Ventura County, California",4121,4224,4410,103,186,289,2.5,4.4,7.01,Ventura County
1400000US06111001510,"Census Tract 15.10, Ventura County, California",3047,3317,3214,270,-103,167,8.86,-3.11,5.48,Ventura County
1400000US06111001511,"Census Tract 15.11, Ventura County, California",2351,2440,2459,89,19,108,3.79,0.78,4.59,Ventura County
1400000US06111001602,"Census Tract 16.02, Ventura County, California",2562,2579,2552,17,-27,-10,0.66,-1.05,-0.39,Ventura County
1400000US06111001801,"Census Tract 18.01, Ventura County, California",3822,3747,3866,-75,119,44,-1.96,3.18,1.15,Ventura County
1400000US06111001901,"Census Tract 19.01, Ventura County, California",3671,3722,3380,51,-342,-291,1.39,-9.19,-7.93,Ventura County
1400000US06111002000,"Census Tract 20, Ventura County, California",2510,2486,2479,-24,-7,-31,-0.96,-0.28,-1.24,Ventura County
1400000US06111002102,"Census Tract 21.02, Ventura County, California",1535,1455,1585,-80,130,50,-5.21,8.93,3.26,Ventura County
1400000US06111002200,"Census Tract 22, Ventura County, California",6713,6659,6425,-54,-234,-288,-0.8,-3.51,-4.29,Ventura County
1400000US06111002301,"Census Tract 23.01, Ventura County, California",1828,1795,2159,-33,364,331,-1.81,20.28,18.11,Ventura County
1400000US06111002302,"Census Tract 23.02, Ventura County, California",4341,4574,4496,233,-78,155,5.37,-1.71,3.57,Ventura County
1400000US06111002400,"Census Tract 24, Ventura County, California",2564,2591,2521,27,-70,-43,1.05,-2.7,-1.68,Ventura County
1400000US06111002500,"Census Tract 25, Ventura County, California",5101,4816,5209,-285,393,108,-5.59,8.16,2.12,Ventura County
1400000US06111002600,"Census Tract 26, Ventura County, California",2996,3099,3109,103,10,113,3.44,0.32,3.77,Ventura County
1400000US06111002700,"Census Tract 27, Ventura County, California",4370,4683,4749,313,66,379,7.16,1.41,8.67,Ventura County
1400000US06111002800,"Census Tract 28, Ventura County, California",6676,6924,6762,248,-162,86,3.71,-2.34,1.29,Ventura County
1400000US06111002901,"Census Tract 29.01, Ventura County, California",5665,5421,5395,-244,-26,-270,-4.31,-0.48,-4.77,Ventura County
1400000US06111002905,"Census Tract 29.05, Ventura County, California",5388,5398,5435,10,37,47,0.19,0.69,0.87,Ventura County
1400000US06111003010,"Census Tract 30.10, Ventura County, California",3119,2949,2908,-170,-41,-211,-5.45,-1.39,-6.76,Ventura County
1400000US06111003011,"Census Tract 30.11, Ventura County, California",6712,6671,6560,-41,-111,-152,-0.61,-1.66,-2.26,Ventura County
1400000US06111003013,"Census Tract 30.13, Ventura County, California",4742,4491,4649,-251,158,-93,-5.29,3.52,-1.96,Ventura County
1400000US06111003101,"Census Tract 31.01, Ventura County, California",4145,4223,4708,78,485,563,1.88,11.48,13.58,Ventura County
1400000US06111003102,"Census Tract 31.02, Ventura County, California",4980,4257,4349,-723,92,-631,-14.52,2.16,-12.67,Ventura County
1400000US06111003201,"Census Tract 32.01, Ventura County, California",4339,4352,4288,13,-64,-51,0.3,-1.47,-1.18,Ventura County
1400000US06111003301,"Census Tract 33.01, Ventura County, California",2946,2458,2542,-488,84,-404,-16.56,3.42,-13.71,Ventura County
1400000US06111003302,"Census Tract 33.02, Ventura County, California",6267,6022,5970,-245,-52,-297,-3.91,-0.86,-4.74,Ventura County
1400000US06111003608,"Census Tract 36.08, Ventura County, California",3829,3629,3634,-200,5,-195,-5.22,0.14,-5.09,Ventura County
1400000US06111003613,"Census Tract 36.13, Ventura County, California",5085,5042,5075,-43,33,-10,-0.85,0.65,-0.2,Ventura County
1400000US06111003614,"Census Tract 36.14, Ventura County, California",4674,4281,4095,-393,-186,-579,-8.41,-4.34,-12.39,Ventura County
1400000US06111003615,"Census Tract 36.15, Ventura County, California",1954,1792,1843,-162,51,-111,-8.29,2.85,-5.68,Ventura County
1400000US06111003616,"Census Tract 36.16, Ventura County, California",4040,3615,3660,-425,45,-380,-10.52,1.24,-9.41,Ventura County
1400000US06111003617,"Census Tract 36.17, Ventura County, California",1944,1493,1725,-451,232,-219,-23.2,15.54,-11.27,Ventura County
1400000US06111003618,"Census Tract 36.18, Ventura County, California",2124,2038,2177,-86,139,53,-4.05,6.82,2.5,Ventura County
1400000US06111003700,"Census Tract 37, Ventura County, California",6387,6209,6296,-178,87,-91,-2.79,1.4,-1.42,Ventura County
1400000US06111003801,"Census Tract 38.01, Ventura County, California",4668,4871,4967,203,96,299,4.35,1.97,6.41,Ventura County
1400000US06111003802,"Census Tract 38.02, Ventura County, California",2827,2862,2962,35,100,135,1.24,3.49,4.78,Ventura County
1400000US06111003901,"Census Tract 39.01, Ventura County, California",3093,3119,2793,26,-326,-300,0.84,-10.45,-9.7,Ventura County
1400000US06111003902,"Census Tract 39.02, Ventura County, California",4068,4162,4193,94,31,125,2.31,0.74,3.07,Ventura County
1400000US06111004000,"Census Tract 40, Ventura County, California",6905,6570,6683,-335,113,-222,-4.85,1.72,-3.22,Ventura County
1400000US06111004101,"Census Tract 41.01, Ventura County, California",7089,7237,7237,148,0,148,2.09,0,2.09,Ventura County
1400000US06111004200,"Census Tract 42, Ventura County, California",5474,5204,5880,-270,676,406,-4.93,12.99,7.42,Ventura County
1400000US06111004304,"Census Tract 43.04, Ventura County, California",6462,6558,6368,96,-190,-94,1.49,-2.9,-1.45,Ventura County
1400000US06111004305,"Census Tract 43.05, Ventura County, California",2398,2352,2540,-46,188,142,-1.92,7.99,5.92,Ventura County
1400000US06111004400,"Census Tract 44, Ventura County, California",7645,7840,7059,195,-781,-586,2.55,-9.96,-7.67,Ventura County
1400000US06111004503,"Census Tract 45.03, Ventura County, California",5006,5121,4720,115,-401,-286,2.3,-7.83,-5.71,Ventura County
1400000US06111004504,"Census Tract 45.04, Ventura County, California",6116,5931,5796,-185,-135,-320,-3.02,-2.28,-5.23,Ventura County
1400000US06111004505,"Census Tract 45.05, Ventura County, California",2416,2506,2557,90,51,141,3.73,2.04,5.84,Ventura County
1400000US06111004507,"Census Tract 45.07, Ventura County, California",3423,3182,3153,-241,-29,-270,-7.04,-0.91,-7.89,Ventura County
1400000US06111004508,"Census Tract 45.08, Ventura County, California",4266,4092,3708,-174,-384,-558,-4.08,-9.38,-13.08,Ventura County
1400000US06111004600,"Census Tract 46, Ventura County, California",2109,2000,1850,-109,-150,-259,-5.17,-7.5,-12.28,Ventura County
1400000US06111004704,"Census Tract 47.04, Ventura County, California",1578,1642,1705,64,63,127,4.06,3.84,8.05,Ventura County
1400000US06111004710,"Census Tract 47.10, Ventura County, California",6544,6507,6564,-37,57,20,-0.57,0.88,0.31,Ventura County
1400000US06111004711,"Census Tract 47.11, Ventura County, California",3234,3309,3131,75,-178,-103,2.32,-5.38,-3.18,Ventura County
1400000US06111004715,"Census Tract 47.15, Ventura County, California",4956,5057,4670,101,-387,-286,2.04,-7.65,-5.77,Ventura County
1400000US06111004716,"Census Tract 47.16, Ventura County, California",4870,4647,4427,-223,-220,-443,-4.58,-4.73,-9.1,Ventura County
1400000US06111004717,"Census Tract 47.17, Ventura County, California",4161,4393,4229,232,-164,68,5.58,-3.73,1.63,Ventura County
1400000US06111004901,"Census Tract 49.01, Ventura County, California",7408,7242,7045,-166,-197,-363,-2.24,-2.72,-4.9,Ventura County
1400000US06111004902,"Census Tract 49.02, Ventura County, California",4841,4713,4838,-128,125,-3,-2.64,2.65,-0.06,Ventura County
1400000US06111005002,"Census Tract 50.02, Ventura County, California",3330,3081,2801,-249,-280,-529,-7.48,-9.09,-15.89,Ventura County
1400000US06111005004,"Census Tract 50.04, Ventura County, California",9793,9240,9246,-553,6,-547,-5.65,0.06,-5.59,Ventura County
1400000US06111005005,"Census Tract 50.05, Ventura County, California",4488,4252,4457,-236,205,-31,-5.26,4.82,-0.69,Ventura County
1400000US06111005006,"Census Tract 50.06, Ventura County, California",2814,3041,3068,227,27,254,8.07,0.89,9.03,Ventura County
1400000US06111005202,"Census Tract 52.02, Ventura County, California",2213,2508,2573,295,65,360,13.33,2.59,16.27,Ventura County
1400000US06111005203,"Census Tract 52.03, Ventura County, California",5984,5765,5528,-219,-237,-456,-3.66,-4.11,-7.62,Ventura County
1400000US06111005204,"Census Tract 52.04, Ventura County, California",3748,3774,3857,26,83,109,0.69,2.2,2.91,Ventura County
1400000US06111005205,"Census Tract 52.05, Ventura County, California",6583,7122,7742,539,620,1159,8.19,8.71,17.61,Ventura County
1400000US06111005304,"Census Tract 53.04, Ventura County, California",5703,5646,5806,-57,160,103,-1,2.83,1.81,Ventura County
1400000US06111005305,"Census Tract 53.05, Ventura County, California",5255,4855,5135,-400,280,-120,-7.61,5.77,-2.28,Ventura County
1400000US06111005306,"Census Tract 53.06, Ventura County, California",4701,4880,4747,179,-133,46,3.81,-2.73,0.98,Ventura County
1400000US06111005307,"Census Tract 53.07, Ventura County, California",6700,6330,6375,-370,45,-325,-5.52,0.71,-4.85,Ventura County
1400000US06111005308,"Census Tract 53.08, Ventura County, California",2789,2789,2737,0,-52,-52,0,-1.86,-1.86,Ventura County
1400000US06111005401,"Census Tract 54.01, Ventura County, California",4527,4619,4299,92,-320,-228,2.03,-6.93,-5.04,Ventura County
1400000US06111005403,"Census Tract 54.03, Ventura County, California",2544,2614,2764,70,150,220,2.75,5.74,8.65,Ventura County
1400000US06111005404,"Census Tract 54.04, Ventura County, California",3668,4039,3925,371,-114,257,10.11,-2.82,7.01,Ventura County
1400000US06111005502,"Census Tract 55.02, Ventura County, California",5163,5428,5530,265,102,367,5.13,1.88,7.11,Ventura County
1400000US06111005503,"Census Tract 55.03, Ventura County, California",4085,4200,4164,115,-36,79,2.82,-0.86,1.93,Ventura County
1400000US06111005504,"Census Tract 55.04, Ventura County, California",3962,4068,4010,106,-58,48,2.68,-1.43,1.21,Ventura County
1400000US06111005601,"Census Tract 56.01, Ventura County, California",5209,5793,6142,584,349,933,11.21,6.02,17.91,Ventura County
1400000US06111005602,"Census Tract 56.02, Ventura County, California",5746,5588,5403,-158,-185,-343,-2.75,-3.31,-5.97,Ventura County
1400000US06111005700,"Census Tract 57, Ventura County, California",3832,3862,3326,30,-536,-506,0.78,-13.88,-13.2,Ventura County
1400000US06111005801,"Census Tract 58.01, Ventura County, California",5265,5153,5095,-112,-58,-170,-2.13,-1.13,-3.23,Ventura County
1400000US06111005803,"Census Tract 58.03, Ventura County, California",3801,3419,3712,-382,293,-89,-10.05,8.57,-2.34,Ventura County
1400000US06111005804,"Census Tract 58.04, Ventura County, California",5342,5326,5060,-16,-266,-282,-0.3,-4.99,-5.28,Ventura County
1400000US06111005901,"Census Tract 59.01, Ventura County, California",6321,6164,6008,-157,-156,-313,-2.48,-2.53,-4.95,Ventura County
1400000US06111005906,"Census Tract 59.06, Ventura County, California",6543,6283,6145,-260,-138,-398,-3.97,-2.2,-6.08,Ventura County
1400000US06111005907,"Census Tract 59.07, Ventura County, California",3445,3369,3184,-76,-185,-261,-2.21,-5.49,-7.58,Ventura County
1400000US06111005908,"Census Tract 59.08, Ventura County, California",2867,2848,2859,-19,11,-8,-0.66,0.39,-0.28,Ventura County
1400000US06111005909,"Census Tract 59.09, Ventura County, California",3904,3865,4026,-39,161,122,-1,4.17,3.13,Ventura County
1400000US06111005910,"Census Tract 59.10, Ventura County, California",1798,1758,1833,-40,75,35,-2.22,4.27,1.95,Ventura County
1400000US06111005911,"Census Tract 59.11, Ventura County, California",3671,3711,3715,40,4,44,1.09,0.11,1.2,Ventura County
1400000US06111006000,"Census Tract 60, Ventura County, California",4942,4970,4923,28,-47,-19,0.57,-0.95,-0.38,Ventura County
1400000US06111006101,"Census Tract 61.01, Ventura County, California",3922,4382,4038,460,-344,116,11.73,-7.85,2.96,Ventura County
1400000US06111006102,"Census Tract 61.02, Ventura County, California",4388,4409,4245,21,-164,-143,0.48,-3.72,-3.26,Ventura County
1400000US06111006200,"Census Tract 62, Ventura County, California",3265,3154,3069,-111,-85,-196,-3.4,-2.69,-6,Ventura County
1400000US06111006301,"Census Tract 63.01, Ventura County, California",6502,6199,6069,-303,-130,-433,-4.66,-2.1,-6.66,Ventura County
1400000US06111006302,"Census Tract 63.02, Ventura County, California",3416,3467,3368,51,-99,-48,1.49,-2.86,-1.41,Ventura County
1400000US06111006400,"Census Tract 64, Ventura County, California",6664,6736,6910,72,174,246,1.08,2.58,3.69,Ventura County
1400000US06111006500,"Census Tract 65, Ventura County, California",3674,3976,3818,302,-158,144,8.22,-3.97,3.92,Ventura County
1400000US06111006600,"Census Tract 66, Ventura County, California",4331,4266,4373,-65,107,42,-1.5,2.51,0.97,Ventura County
1400000US06111006700,"Census Tract 67, Ventura County, California",3049,3076,3024,27,-52,-25,0.89,-1.69,-0.82,Ventura County
1400000US06111006800,"Census Tract 68, Ventura County, California",3695,3951,3917,256,-34,222,6.93,-0.86,6.01,Ventura County
1400000US06111006900,"Census Tract 69, Ventura County, California",4132,4317,4164,185,-153,32,4.48,-3.54,0.77,Ventura County
1400000US06111007000,"Census Tract 70, Ventura County, California",3951,3859,3878,-92,19,-73,-2.33,0.49,-1.85,Ventura County
1400000US06111007100,"Census Tract 71, Ventura County, California",7134,6866,7141,-268,275,7,-3.76,4.01,0.1,Ventura County
1400000US06111007201,"Census Tract 72.01, Ventura County, California",3825,3839,3866,14,27,41,0.37,0.7,1.07,Ventura County
1400000US06111007202,"Census Tract 72.02, Ventura County, California",4292,4283,4262,-9,-21,-30,-0.21,-0.49,-0.7,Ventura County
1400000US06111007300,"Census Tract 73, Ventura County, California",2026,2127,2097,101,-30,71,4.99,-1.41,3.5,Ventura County
1400000US06111007402,"Census Tract 74.02, Ventura County, California",6012,6157,6534,145,377,522,2.41,6.12,8.68,Ventura County
1400000US06111007403,"Census Tract 74.03, Ventura County, California",6109,5690,5705,-419,15,-404,-6.86,0.26,-6.61,Ventura County
1400000US06111007405,"Census Tract 74.05, Ventura County, California",5686,5776,5745,90,-31,59,1.58,-0.54,1.04,Ventura County
1400000US06111007406,"Census Tract 74.06, Ventura County, California",2192,2095,2177,-97,82,-15,-4.43,3.91,-0.68,Ventura County
1400000US06111007505,"Census Tract 75.05, Ventura County, California",2896,3213,3303,317,90,407,10.95,2.8,14.05,Ventura County
1400000US06111007506,"Census Tract 75.06, Ventura County, California",6583,6826,7080,243,254,497,3.69,3.72,7.55,Ventura County
1400000US06111007507,"Census Tract 75.07, Ventura County, California",7008,6959,6623,-49,-336,-385,-0.7,-4.83,-5.49,Ventura County
1400000US06111007508,"Census Tract 75.08, Ventura County, California",3960,3917,3943,-43,26,-17,-1.09,0.66,-0.43,Ventura County
1400000US06111007509,"Census Tract 75.09, Ventura County, California",4311,4270,3966,-41,-304,-345,-0.95,-7.12,-8,Ventura County
1400000US06111007510,"Census Tract 75.10, Ventura County, California",6100,5713,5662,-387,-51,-438,-6.34,-0.89,-7.18,Ventura County
1400000US06111007511,"Census Tract 75.11, Ventura County, California",2726,2695,2622,-31,-73,-104,-1.14,-2.71,-3.82,Ventura County
1400000US06111007512,"Census Tract 75.12, Ventura County, California",5912,5868,5811,-44,-57,-101,-0.74,-0.97,-1.71,Ventura County
1400000US06111007513,"Census Tract 75.13, Ventura County, California",1577,1657,1694,80,37,117,5.07,2.23,7.42,Ventura County
1400000US06111007515,"Census Tract 75.15, Ventura County, California",3548,3555,3725,7,170,177,0.2,4.78,4.99,Ventura County
1400000US06111007516,"Census Tract 75.16, Ventura County, California",3466,3564,3694,98,130,228,2.83,3.65,6.58,Ventura County
1400000US06111007607,"Census Tract 76.07, Ventura County, California",6626,6506,6273,-120,-233,-353,-1.81,-3.58,-5.33,Ventura County
1400000US06111007609,"Census Tract 76.09, Ventura County, California",2555,2468,2524,-87,56,-31,-3.41,2.27,-1.21,Ventura County
1400000US06111007610,"Census Tract 76.10, Ventura County, California",4759,4901,4780,142,-121,21,2.98,-2.47,0.44,Ventura County
1400000US06111007611,"Census Tract 76.11, Ventura County, California",4020,4295,4497,275,202,477,6.84,4.7,11.87,Ventura County
1400000US06111007612,"Census Tract 76.12, Ventura County, California",4798,4700,4710,-98,10,-88,-2.04,0.21,-1.83,Ventura County
1400000US06111007613,"Census Tract 76.13, Ventura County, California",4672,4645,4478,-27,-167,-194,-0.58,-3.6,-4.15,Ventura County
1400000US06111007614,"Census Tract 76.14, Ventura County, California",8323,7847,7656,-476,-191,-667,-5.72,-2.43,-8.01,Ventura County
1400000US06111007700,"Census Tract 77, Ventura County, California",5724,5875,5975,151,100,251,2.64,1.7,4.39,Ventura County
1400000US06111007800,"Census Tract 78, Ventura County, California",4209,4345,4415,136,70,206,3.23,1.61,4.89,Ventura County
1400000US06111007901,"Census Tract 79.01, Ventura County, California",5447,5322,5021,-125,-301,-426,-2.29,-5.66,-7.82,Ventura County
1400000US06111007903,"Census Tract 79.03, Ventura County, California",5206,5167,5108,-39,-59,-98,-0.75,-1.14,-1.88,Ventura County
1400000US06111007904,"Census Tract 79.04, Ventura County, California",4988,5070,5097,82,27,109,1.64,0.53,2.19,Ventura County
1400000US06111008001,"Census Tract 80.01, Ventura County, California",3498,3551,3415,53,-136,-83,1.52,-3.83,-2.37,Ventura County
1400000US06111008002,"Census Tract 80.02, Ventura County, California",4958,4920,4803,-38,-117,-155,-0.77,-2.38,-3.13,Ventura County
1400000US06111008004,"Census Tract 80.04, Ventura County, California",5561,5387,5246,-174,-141,-315,-3.13,-2.62,-5.66,Ventura County
1400000US06111008005,"Census Tract 80.05, Ventura County, California",2730,2636,2727,-94,91,-3,-3.44,3.45,-0.11,Ventura County
1400000US06111008101,"Census Tract 81.01, Ventura County, California",3213,3250,3161,37,-89,-52,1.15,-2.74,-1.62,Ventura County
1400000US06111008201,"Census Tract 82.01, Ventura County, California",5096,5039,5659,-57,620,563,-1.12,12.3,11.05,Ventura County
1400000US06111008202,"Census Tract 82.02, Ventura County, California",4270,4044,3981,-226,-63,-289,-5.29,-1.56,-6.77,Ventura County
1400000US06111008302,"Census Tract 83.02, Ventura County, California",5538,5437,5209,-101,-228,-329,-1.82,-4.19,-5.94,Ventura County
1400000US06111008303,"Census Tract 83.03, Ventura County, California",4242,4508,4448,266,-60,206,6.27,-1.33,4.86,Ventura County
1400000US06111008304,"Census Tract 83.04, Ventura County, California",5715,5771,5544,56,-227,-171,0.98,-3.93,-2.99,Ventura County
1400000US06111008307,"Census Tract 83.07, Ventura County, California",3317,3488,3377,171,-111,60,5.16,-3.18,1.81,Ventura County
1400000US06111008308,"Census Tract 83.08, Ventura County, California",4694,4574,4242,-120,-332,-452,-2.56,-7.26,-9.63,Ventura County
1400000US06111008401,"Census Tract 84.01, Ventura County, California",5643,5955,6128,312,173,485,5.53,2.91,8.59,Ventura County
1400000US06111008402,"Census Tract 84.02, Ventura County, California",5393,5304,5311,-89,7,-82,-1.65,0.13,-1.52,Ventura County
1400000US06111008501,"Census Tract 85.01, Ventura County, California",4311,4407,4668,96,261,357,2.23,5.92,8.28,Ventura County
1400000US06111008502,"Census Tract 85.02, Ventura County, California",3346,3422,3538,76,116,192,2.27,3.39,5.74,Ventura County
1400000US06111008601,"Census Tract 86.01, Ventura County, California",4847,4707,4659,-140,-48,-188,-2.89,-1.02,-3.88,Ventura County
1400000US06111008602,"Census Tract 86.02, Ventura County, California",3248,3012,2652,-236,-360,-596,-7.27,-11.95,-18.35,Ventura County
1400000US06111008700,"Census Tract 87, Ventura County, California",5725,5579,5473,-146,-106,-252,-2.55,-1.9,-4.4,Ventura County
1400000US06111008800,"Census Tract 88, Ventura County, California",5445,5257,5176,-188,-81,-269,-3.45,-1.54,-4.94,Ventura County
1400000US06111008900,"Census Tract 89, Ventura County, California",3678,3774,3797,96,23,119,2.61,0.61,3.24,Ventura County
1400000US06111009100,"Census Tract 91, Ventura County, California",5065,5359,5785,294,426,720,5.8,7.95,14.22,Ventura County
1400000US06111009200,"Census Tract 92, Ventura County, California",5482,5599,5973,117,374,491,2.13,6.68,8.96,Ventura County
1400000US06111009300,"Census Tract 93, Ventura County, California",5793,5896,6039,103,143,246,1.78,2.43,4.25,Ventura County
1400000US06111009400,"Census Tract 94, Ventura County, California",2070,2156,1919,86,-237,-151,4.15,-10.99,-7.29,Ventura County
1400000US06111009500,"Census Tract 95, Ventura County, California",3146,3191,3057,45,-134,-89,1.43,-4.2,-2.83,Ventura County
1400000US06111009600,"Census Tract 96, Ventura County, California",3489,3333,3364,-156,31,-125,-4.47,0.93,-3.58,Ventura County
1400000US06111009700,"Census Tract 97, Ventura County, California",3152,3110,3032,-42,-78,-120,-1.33,-2.51,-3.81,Ventura County
1400000US06111980000,"Census Tract 9800, Ventura County, California",124,121,107,-3,-14,-17,-2.42,-11.57,-13.71,Ventura County
1400000US06111990100,"Census Tract 9901, Ventura County, California",0,0,0,0,0,0,#DIV/0!,#DIV/0!,#DIV/0!,Ventura County
1400000US06113010102,"Census Tract 101.02, Yolo County, California",2132,1931,1815,-201,-116,-317,-9.43,-6.01,-14.87,Yolo County
1400000US06113010103,"Census Tract 101.03, Yolo County, California",4966,5142,5045,176,-97,79,3.54,-1.89,1.59,Yolo County
1400000US06113010104,"Census Tract 101.04, Yolo County, California",6144,6201,6199,57,-2,55,0.93,-0.03,0.9,Yolo County
1400000US06113010105,"Census Tract 101.05, Yolo County, California",1318,1154,1321,-164,167,3,-12.44,14.47,0.23,Yolo County
1400000US06113010201,"Census Tract 102.01, Yolo County, California",3420,3390,3372,-30,-18,-48,-0.88,-0.53,-1.4,Yolo County
1400000US06113010203,"Census Tract 102.03, Yolo County, California",5471,5545,6087,74,542,616,1.35,9.77,11.26,Yolo County
1400000US06113010204,"Census Tract 102.04, Yolo County, California",5638,5990,5616,352,-374,-22,6.24,-6.24,-0.39,Yolo County
1400000US06113010310,"Census Tract 103.10, Yolo County, California",6195,6152,6362,-43,210,167,-0.69,3.41,2.7,Yolo County
1400000US06113010312,"Census Tract 103.12, Yolo County, California",5795,5809,5696,14,-113,-99,0.24,-1.95,-1.71,Yolo County
1400000US06113010313,"Census Tract 103.13, Yolo County, California",4609,4456,4838,-153,382,229,-3.32,8.57,4.97,Yolo County
1400000US06113010314,"Census Tract 103.14, Yolo County, California",2049,2003,2056,-46,53,7,-2.24,2.65,0.34,Yolo County
1400000US06113010315,"Census Tract 103.15, Yolo County, California",1146,1280,1207,134,-73,61,11.69,-5.7,5.32,Yolo County
1400000US06113010401,"Census Tract 104.01, Yolo County, California",4640,4887,4712,247,-175,72,5.32,-3.58,1.55,Yolo County
1400000US06113010402,"Census Tract 104.02, Yolo County, California",4783,4636,4638,-147,2,-145,-3.07,0.04,-3.03,Yolo County
1400000US06113010501,"Census Tract 105.01, Yolo County, California",9389,8902,8597,-487,-305,-792,-5.19,-3.43,-8.44,Yolo County
1400000US06113010505,"Census Tract 105.05, Yolo County, California",4945,4858,5114,-87,256,169,-1.76,5.27,3.42,Yolo County
1400000US06113010508,"Census Tract 105.08, Yolo County, California",2598,2647,2519,49,-128,-79,1.89,-4.84,-3.04,Yolo County
1400000US06113010509,"Census Tract 105.09, Yolo County, California",3521,3373,3156,-148,-217,-365,-4.2,-6.43,-10.37,Yolo County
1400000US06113010510,"Census Tract 105.10, Yolo County, California",6004,5640,5666,-364,26,-338,-6.06,0.46,-5.63,Yolo County
1400000US06113010511,"Census Tract 105.11, Yolo County, California",3111,3203,3386,92,183,275,2.96,5.71,8.84,Yolo County
1400000US06113010512,"Census Tract 105.12, Yolo County, California",3700,3650,3499,-50,-151,-201,-1.35,-4.14,-5.43,Yolo County
1400000US06113010513,"Census Tract 105.13, Yolo County, California",3012,3024,3146,12,122,134,0.4,4.03,4.45,Yolo County
1400000US06113010602,"Census Tract 106.02, Yolo County, California",6058,5796,5860,-262,64,-198,-4.32,1.1,-3.27,Yolo County
1400000US06113010605,"Census Tract 106.05, Yolo County, California",3485,3567,3536,82,-31,51,2.35,-0.87,1.46,Yolo County
1400000US06113010607,"Census Tract 106.07, Yolo County, California",4257,4075,4104,-182,29,-153,-4.28,0.71,-3.59,Yolo County
1400000US06113010608,"Census Tract 106.08, Yolo County, California",6338,6171,5889,-167,-282,-449,-2.63,-4.57,-7.08,Yolo County
1400000US06113010609,"Census Tract 106.09, Yolo County, California",2163,2183,2433,20,250,270,0.92,11.45,12.48,Yolo County
1400000US06113010610,"Census Tract 106.10, Yolo County, California",3848,3513,4031,-335,518,183,-8.71,14.75,4.76,Yolo County
1400000US06113010611,"Census Tract 106.11, Yolo County, California",1615,1452,1506,-163,54,-109,-10.09,3.72,-6.75,Yolo County
1400000US06113010701,"Census Tract 107.01, Yolo County, California",4910,4625,4590,-285,-35,-320,-5.8,-0.76,-6.52,Yolo County
1400000US06113010703,"Census Tract 107.03, Yolo County, California",6010,6086,5603,76,-483,-407,1.26,-7.94,-6.77,Yolo County
1400000US06113010704,"Census Tract 107.04, Yolo County, California",2800,2870,2643,70,-227,-157,2.5,-7.91,-5.61,Yolo County
1400000US06113010800,"Census Tract 108, Yolo County, California",3329,3213,3327,-116,114,-2,-3.48,3.55,-0.06,Yolo County
1400000US06113010901,"Census Tract 109.01, Yolo County, California",5427,5471,5636,44,165,209,0.81,3.02,3.85,Yolo County
1400000US06113010902,"Census Tract 109.02, Yolo County, California",6089,6365,6223,276,-142,134,4.53,-2.23,2.2,Yolo County
1400000US06113011001,"Census Tract 110.01, Yolo County, California",6905,6813,6265,-92,-548,-640,-1.33,-8.04,-9.27,Yolo County
1400000US06113011002,"Census Tract 110.02, Yolo County, California",3375,3220,3165,-155,-55,-210,-4.59,-1.71,-6.22,Yolo County
1400000US06113011101,"Census Tract 111.01, Yolo County, California",3194,3365,3281,171,-84,87,5.35,-2.5,2.72,Yolo County
1400000US06113011102,"Census Tract 111.02, Yolo County, California",5052,4818,5160,-234,342,108,-4.63,7.1,2.14,Yolo County
1400000US06113011103,"Census Tract 111.03, Yolo County, California",3546,3455,3548,-91,93,2,-2.57,2.69,0.06,Yolo County
1400000US06113011203,"Census Tract 112.03, Yolo County, California",3272,3361,3346,89,-15,74,2.72,-0.45,2.26,Yolo County
1400000US06113011204,"Census Tract 112.04, Yolo County, California",5869,5727,5959,-142,232,90,-2.42,4.05,1.53,Yolo County
1400000US06113011207,"Census Tract 112.07, Yolo County, California",2535,2508,2541,-27,33,6,-1.07,1.32,0.24,Yolo County
1400000US06113011208,"Census Tract 112.08, Yolo County, California",6590,7168,7761,578,593,1171,8.77,8.27,17.77,Yolo County
1400000US06113011209,"Census Tract 112.09, Yolo County, California",3365,3486,3536,121,50,171,3.6,1.43,5.08,Yolo County
1400000US06113011210,"Census Tract 112.10, Yolo County, California",2843,2995,2577,152,-418,-266,5.35,-13.96,-9.36,Yolo County
1400000US06113011211,"Census Tract 112.11, Yolo County, California",1764,1930,1921,166,-9,157,9.41,-0.47,8.9,Yolo County
1400000US06113011301,"Census Tract 113.01, Yolo County, California",2145,2183,2054,38,-129,-91,1.77,-5.91,-4.24,Yolo County
1400000US06113011302,"Census Tract 113.02, Yolo County, California",3543,3421,3644,-122,223,101,-3.44,6.52,2.85,Yolo County
1400000US06113011303,"Census Tract 113.03, Yolo County, California",2042,1741,1749,-301,8,-293,-14.74,0.46,-14.35,Yolo County
1400000US06113011304,"Census Tract 113.04, Yolo County, California",1451,1451,1370,0,-81,-81,0,-5.58,-5.58,Yolo County
1400000US06113011400,"Census Tract 114, Yolo County, California",4167,3939,4179,-228,240,12,-5.47,6.09,0.29,Yolo County
1400000US06113011500,"Census Tract 115, Yolo County, California",6201,5862,5657,-339,-205,-544,-5.47,-3.5,-8.77,Yolo County
1400000US06115040100,"Census Tract 401, Yuba County, California",4931,4887,5238,-44,351,307,-0.89,7.18,6.23,Yuba County
1400000US06115040201,"Census Tract 402.01, Yuba County, California",4547,4421,4334,-126,-87,-213,-2.77,-1.97,-4.68,Yuba County
1400000US06115040202,"Census Tract 402.02, Yuba County, California",3449,3427,3655,-22,228,206,-0.64,6.65,5.97,Yuba County
1400000US06115040301,"Census Tract 403.01, Yuba County, California",4227,4341,3931,114,-410,-296,2.7,-9.44,-7,Yuba County
1400000US06115040302,"Census Tract 403.02, Yuba County, California",2197,2363,2293,166,-70,96,7.56,-2.96,4.37,Yuba County
1400000US06115040304,"Census Tract 403.04, Yuba County, California",6326,6674,6719,348,45,393,5.5,0.67,6.21,Yuba County
1400000US06115040305,"Census Tract 403.05, Yuba County, California",2291,2339,2582,48,243,291,2.1,10.39,12.7,Yuba County
1400000US06115040400,"Census Tract 404, Yuba County, California",6332,6918,7164,586,246,832,9.25,3.56,13.14,Yuba County
1400000US06115040500,"Census Tract 405, Yuba County, California",3314,3787,3860,473,73,546,14.27,1.93,16.48,Yuba County
1400000US06115040600,"Census Tract 406, Yuba County, California",6011,6359,6681,348,322,670,5.79,5.06,11.15,Yuba County
1400000US06115040701,"Census Tract 407.01, Yuba County, California",7770,8437,8371,667,-66,601,8.58,-0.78,7.73,Yuba County
1400000US06115040702,"Census Tract 407.02, Yuba County, California",5542,5901,6587,359,686,1045,6.48,11.63,18.86,Yuba County
1400000US06115040800,"Census Tract 408, Yuba County, California",4342,4531,4396,189,-135,54,4.35,-2.98,1.24,Yuba County
1400000US06115040901,"Census Tract 409.01, Yuba County, California",3352,3461,3639,109,178,287,3.25,5.14,8.56,Yuba County
1400000US06115040902,"Census Tract 409.02, Yuba County, California",1601,1730,1868,129,138,267,8.06,7.98,16.68,Yuba County
1400000US06115041001,"Census Tract 410.01, Yuba County, California",3493,3910,3672,417,-238,179,11.94,-6.09,5.12,Yuba County
1400000US06115041002,"Census Tract 410.02, Yuba County, California",4021,3408,3417,-613,9,-604,-15.24,0.26,-15.02,Yuba County
1400000US06115041101,"Census Tract 411.01, Yuba County, California",2751,2620,2288,-131,-332,-463,-4.76,-12.67,-16.83,Yuba County
1400000US06115041102,"Census Tract 411.02, Yuba County, California",1027,890,1010,-137,120,-17,-13.34,13.48,-1.66,Yuba County